transcription_factor	no_search_sites	no_background_sites	sum_search_sites	sum_background_sites	no_gene_sites	fisher_pval	wilcox_pval	fisher_pval2	zscore	fisher_adjusted	wilcox_adjusted	fisher2_adjusted
AEBP2_02	0	0	0	0	1027	1	1	1	0	1	1	1
AFP1_Q6	61	53	65	54	1027	0.807081704535466	0.783769537125553	0.864378990026441	4.71318836792532	1	1	1
AHRARNT_01	737	625	1753	1412	1027	0.999999936710045	0.999999925921902	0.999999999432132	33.475690978738	1	1	1
AHRARNT_02	760	703	1884	1627	1027	0.997661106578104	0.999951433139556	0.999993476808881	26.1927349746994	1	1	1
AHR_01	880	823	2425	2239	1027	0.999670241430046	0.998476182886145	0.996939608926646	15.3086533446319	1	1	1
AIOLOS_01	7	7	7	7	1027	0.605095015208696	0.500104148972674	0.604734705664299	0	1	1	1
ALX4_01	0	0	0	0	1027	1	1	1	0	1	1	1
AMYB_01	1	1	1	1	1027	0.750121773015099	0.500274745372585	0.749999446754649	0	1	1	1
AP1FJ_Q2	920	895	2603	2642	1027	0.963287768625367	0.402017926530051	0.299652546414653	-2.47158567475322	1	1	1
AP2ALPHA_03	984	948	20013	16642	1027	0.999747017986151	0.999999976514475	1	62.9374354418173	1	1	1
AP2_Q6	916	856	10280	8878	1027	0.999956351602001	0.999999769644457	1	50.6221893920874	1	1	1
AP4_01	0	0	0	0	1027	1	1	1	0	1	1	1
APA1_02	3	1	3	1	1027	0.937682614993268	0.841639444218065	0.937499834026329	6.48250805407198	1	1	1
AREB6_01	894	864	2282	2292	1027	0.974337990597184	0.542961249193997	0.446979329427766	-0.475140169238448	1	1	1
ARNTLBHLHA15_01	0	4	0	4	1027	0.0623173850067316	0.0226975060275668	0.0624995020806023	0	1	0.241379791437301	0.388339602815428
ARNTL_01	2	3	4	6	1027	0.499999999999999	0.327360269615692	0.376951218895577	-1.82830907226905	1	1	1
AR_02	729	697	1384	1314	1027	0.943014273218421	0.931233786083849	0.914294889270282	8.82263352838057	1	1	1
AR_12	0	0	0	0	1027	1	1	1	0	1	1	1
ATF3_05	2	3	2	3	1027	0.499999999999999	0.327360269615692	0.499998755197741	-2.00193488037088	1	1	1
ATF4TEF_01	22	15	22	20	1027	0.908130651275677	0.875032176825079	0.678013970649082	1.51703647610426	1	1	1
BACH1_01	192	208	237	262	1027	0.201648257512951	0.188338285875642	0.141285173346123	-6.71741270559859	1	0.738660085739222	0.645708271573603
BATF3_01	0	1	0	2	1027	0.5	0.158890977913091	0.24999922545745	0	1	0.655721722283127	0.940473276720882
BATFJUN_01	37	40	41	44	1027	0.408233139551164	0.364334161489215	0.414205258069969	-1.77717635759275	1	1	1
BATF_04	0	0	0	0	1027	1	1	1	0	1	1	1
BCL11A_03	67	52	73	54	1027	0.934777402060895	0.924021241574273	0.962237591235339	6.30171450162369	1	1	1
BCL6_02	883	862	2757	2859	1027	0.912776874522259	0.167424572767302	0.0885818872298268	-6.41766865149014	1	0.67580867693663	0.500014123393627
BEN_02	1020	999	9066	7573	1027	0.999948582663702	0.999999999999999	1	45.757926614726	1	1	1
BMAL1_Q6	315	329	405	403	1027	0.268201089953443	0.380896930077088	0.542014420366861	0.407697197554897	1	1	1
BRACH_01	0	0	0	0	1027	1	1	1	0	1	1	1
BRN3B_01	1	5	1	5	1027	0.109032346545678	0.0510677910313419	0.109374066400647	-5.44121770774195	1	0.409282441164233	0.54985326108689
BTEB3_Q5	1001	957	12885	11582	1027	0.999999164009511	0.999999866266161	1	50.2951733391095	1	1	1
CACCCBINDINGFACTOR_Q6	902	812	4094	3545	1027	0.999999971732052	0.999999892463433	0.999999999856837	37.2036719149528	1	1	1
CARF_01	6	2	6	2	1027	0.965109933084178	0.921754965620889	0.964843701591205	9.2742966969292	1	1	1
CDC5_01	151	150	167	176	1027	0.549642478855658	0.491218085989071	0.332895777291344	-2.22828845714805	1	1	1
CDPCR3_01	796	745	1696	1731	1027	0.996000536473709	0.501265411275829	0.280518101581874	-3.06811395013915	1	1	1
CDP_01	890	883	3351	3852	1027	0.696228420792696	0.00458963339049595	1.78309122132363e-09	-25.9407317254001	1	0.0735844765343053	5.47805247439983e-08
CDP_Q6_01	767	775	2013	2451	1027	0.360540774434686	0.000732318450290785	2.83287396715746e-11	-30.1916789807056	1	0.0168738376254502	1.08393910098664e-09
CEBPGELF1_01	93	59	98	65	1027	0.9984669061988	0.997735683922015	0.996225315544258	16.6588919403779	1	1	1
CEBPG_Q6	883	871	3970	4751	1027	0.791647906461566	0.000179328271037137	2.78030727634461e-17	-37.0298774630989	1	0.00755583669512009	1.70834435979841e-15
CIZ_03	1	1	1	1	1027	0.750121773015099	0.500274745372585	0.749999446754649	0	1	1	1
CLOCKFIGLA_01	142	118	168	140	1027	0.951512343047327	0.943504063770444	0.950864302589114	11.0554557876003	1	1	1
CLOCKNHLH1_01	45	50	49	54	1027	0.337263641863564	0.30195983922949	0.346834671937144	-1.92261207213665	1	1	1
CMYB_01	0	0	0	0	1027	1	1	1	0	1	1	1
CMYC_02	596	563	1395	1266	1027	0.934865106861367	0.951712423816884	0.994164810242625	7.43035611122847	1	1	1
COE2_02	0	0	0	0	1027	1	1	1	0	1	1	1
CP2_01	1020	994	6454	6338	1027	0.999996541939795	0.919756740622568	0.850192136865922	5.37683921970146	1	1	1
CPEB1_01	680	711	1568	1957	1027	0.0784041340476134	0.000161219240474693	2.94016031009035e-11	-23.1510972350283	1	0.00742951999854211	1.08393910098664e-09
CREB3L1_02	0	0	0	0	1027	1	1	1	0	1	1	1
CREBP1_Q2	632	587	1283	1169	1027	0.98061911540227	0.991013485919934	0.989935792050999	10.6322271833672	1	1	1
CRX_02	457	482	610	773	1027	0.143885280510066	0.0238896413818269	6.43555596562884e-06	-22.1424235473348	1	0.24464762378056	0.000107844316636144
CTCF_04	874	784	3730	2985	1027	0.999999837014095	0.999999997832266	1	51.940216901665	1	1	1
CTCF_06	992	966	5743	5367	1027	0.997732825421188	0.999835665727584	0.999831923196962	15.2939340247566	1	1	1
CTF1_01	846	758	2599	2329	1027	0.999999030387589	0.999935527978029	0.999944556776018	15.762902699717	1	1	1
CTIP2_01	4	1	4	1	1027	0.968902104945421	0.910426424085305	0.96874993084435	9.79914458794627	1	1	1
CUX1HOXA13_01	4	5	4	5	1027	0.5	0.369318261012519	0.499998366195589	-1.84484270702476	1	1	1
CUX1HOXB13_01	14	16	14	17	1027	0.427234558432228	0.355660966831461	0.360046349410613	-2.84968078646195	1	1	1
CUX1NHLH1_02	5	1	5	1	1027	0.984488995243641	0.949015644393603	0.98437497925336	19.0792250397599	1	1	1
CUX1RFX5_01	20	22	20	22	1027	0.438171927642861	0.377678566200912	0.43880318303618	-2.02321646289506	1	1	1
CUX1SRF_01	1	1	1	1	1027	0.750121773015099	0.500274745372585	0.749999446754649	0	1	1	1
CUX1_06	2	3	2	4	1027	0.499999999999999	0.327045720985876	0.34374854773134	-2.3816356940761	1	1	1
CUX2_02	0	1	0	1	1027	0.5	0.158890977913091	0.49999933610605	0	1	0.655721722283127	1
DEAF1_02	58	51	62	62	1027	0.784425389791858	0.753581004673643	0.535749012207533	0.855708176440916	1	1	1
DEC_Q1	824	844	2153	2243	1027	0.141595857008783	0.0519148735917418	0.08951428248819	-8.80166920987346	1	0.41012750137476	0.500014123393627
DLX3_01	593	650	1490	1954	1027	0.00572832051914686	2.40852948313826e-05	1.31456235766758e-15	-37.9060280967735	0.227638847353567	0.00394909250133338	6.60866348900158e-14
DMRT2_01	49	43	54	44	1027	0.772296615958731	0.744469145341107	0.866799562885679	5.27579647825535	1	1	1
DRRS_02	60	54	61	55	1027	0.749956234245461	0.718233122439652	0.742044233979304	2.40511088258867	1	1	1
E2F1EOMES_02	45	33	48	34	1027	0.93352677249756	0.91789984285084	0.951486360704893	10.1413622198067	1	1	1
E2F1HES7_02	38	30	43	34	1027	0.866545542040395	0.837213944235888	0.872849288087414	7.45575263812793	1	1	1
E2F1NHLH1_01	25	20	26	20	1027	0.817014514656524	0.775340645401727	0.84900254616043	6.68725503667149	1	1	1
E2F2_05	0	0	0	0	1027	1	1	1	0	1	1	1
E2F3DRGX_01	23	11	24	11	1027	0.98842158071376	0.98108708478624	0.991663312573426	12.9551928656844	1	1	1
E2F3FOXI1_01	72	53	76	58	1027	0.967737252366793	0.959583888537532	0.949820594635777	8.82900598130335	1	1	1
E2F3ONECUT2_01	0	0	0	0	1027	1	1	1	0	1	1	1
E2F7_01	0	1	0	1	1027	0.5	0.158890977913091	0.49999933610605	0	1	0.655721722283127	1
E2F_01	993	967	4462	4459	1027	0.997932864381021	0.872931193918905	0.516873328948763	2.51165148744683	1	1	1
E4BP4_01	39	38	42	42	1027	0.591766860448837	0.544385098180625	0.543394785109101	1.0381705404327	1	1	1
EGR3_05	2	0	2	0	1027	1	0.921501926259605	1	0	1	1	1
EGR4_02	0	0	0	0	1027	1	1	1	0	1	1	1
EGR_Q6	770	653	3384	3046	1027	0.999999992246635	0.999999886162394	0.999988544375592	30.7491221474506	1	1	1
ELK1FOXI1_01	3	1	3	1	1027	0.937682614993268	0.841639444218065	0.937499834026329	7.87503468898301	1	1	1
ELK1HOXA3_01	31	22	33	23	1027	0.918280513547379	0.895093351340771	0.929553406847165	9.9370352052089	1	1	1
ELK1PAX9_01	0	0	0	0	1027	1	1	1	0	1	1	1
ELK1SREBF2_02	12	6	12	6	1027	0.952598141447043	0.922245040495275	0.951873873327221	9.74730313834402	1	1	1
ERBETA_Q5	792	787	1907	1904	1027	0.623223571408361	0.474330709255653	0.525819890686191	0.184008672318341	1	1	1
ERFCLOCK_01	29	26	30	27	1027	0.707521258638201	0.658978129123727	0.701677956324186	2.49503904746832	1	1	1
ERFMAX_01	0	0	0	0	1027	1	1	1	0	1	1	1
ERFONECUT2_01	5	5	5	5	1027	0.623347429594473	0.500123110088719	0.623045513495601	0	1	1	1
ERFSREBF2_02	4	5	4	7	1027	0.5	0.368337193315802	0.274412065629931	-4.58306844626687	1	1	1
ESRRG_02	0	1	0	1	1027	0.5	0.158890977913091	0.49999933610605	0	1	0.655721722283127	1
ETS1_03	0	1	0	2	1027	0.5	0.158890977913091	0.24999922545745	0	1	0.655721722283127	0.940473276720882
ETV2ONECUT2_01	1	3	1	3	1027	0.312317206889206	0.158596164930045	0.312498838185623	-4.69108276832229	1	0.655721722283127	1
ETV2RFX5_02	1	1	1	1	1027	0.750121773015099	0.500274745372585	0.749999446754649	0	1	1	1
ETV2SPDEF_01	0	2	0	2	1027	0.2498782269849	0.0787001216327499	0.24999922545745	0	1	0.51810913408227	0.940473276720882
ETV2TBX21_03	4	3	4	3	1027	0.773837652629321	0.647613948891976	0.773436773864706	2.70873876288389	1	1	1
ETV2TCF3_01	86	77	89	82	1027	0.792806788698898	0.765856451820239	0.729596128782075	3.28209241321585	1	1	1
ETV5EOMES_01	239	193	287	228	1027	0.994557666357829	0.993979300701374	0.995936671275974	20.1760216759534	1	1	1
ETV5HES7_01	717	573	2449	1712	1027	0.999999999983711	0.999999999999979	1	69.0864956417383	1	1	1
ETV6_01	14	13	14	13	1027	0.650400682208213	0.57686077456621	0.649444261029626	1.00073003774397	1	1	1
ETV7TBX21_01	17	17	17	17	1027	0.568485932054395	0.500067161277993	0.567914324683913	0	1	1	1
EVI1_01	24	21	96	23	1027	0.726482957811068	0.675553800564958	0.999999999999005	24.4934567590435	1	1	1
EVI1_03	59	61	63	66	1027	0.462547278769233	0.423611800611365	0.430147425350518	-1.00054655174	1	1	1
EVI1_09	0	0	0	0	1027	1	1	1	0	1	1	1
EVX2_03	884	855	3994	4955	1027	0.966958767314404	5.10205901620482e-05	1.24278892300683e-24	-37.9524808061884	1	0.00470239772660211	4.77514206582422e-22
EVX2_04	11	11	11	11	1027	0.584547944105058	0.500083245525948	0.584092000454037	0	1	1	1
FKHL14_Q2	234	225	332	331	1027	0.701818170479884	0.745604917617956	0.530943200186786	1.80222217525266	1	1	1
FLI1CEBPB_01	0	0	0	0	1027	1	1	1	0	1	1	1
FOXC1_Q4	697	704	1916	1994	1027	0.388097079627439	0.0874834432151094	0.108867625247982	-5.39886775515734	1	0.538935930195897	0.54985326108689
FOXD2_04	0	0	0	0	1027	1	1	1	0	1	1	1
FOXG1_01	0	0	0	0	1027	1	1	1	0	1	1	1
FOXG1_02	1	0	1	0	1027	1	0.841580240635145	1	0	1	1	1
FOXI1_03	0	0	0	0	1027	1	1	1	0	1	1	1
FOXJ2_02	653	686	2123	2731	1027	0.0691300727908258	0.000204950362435446	1.238466961856e-18	-36.9004032812161	1	0.00755583669512009	1.14145371651061e-16
FOXJ2_03	1	5	1	5	1027	0.109032346545678	0.0510677910313419	0.109374066400647	-6.51202367520087	1	0.409282441164233	0.54985326108689
FOXL2_Q2	267	328	360	468	1027	0.00174904079955097	0.000729803940480365	9.80238230909593e-05	-17.8609250366285	0.151157569743283	0.0168738376254502	0.00146505876133245
FOXL2_Q5	693	718	1429	1601	1027	0.126735152981464	0.00601010896282423	0.000937267653495439	-13.4932302763565	1	0.0852202629856872	0.0103661802476595
FOXM1_Q3	939	923	4897	5421	1027	0.901278912959201	0.0052721295540022	1.22314986931176e-07	-22.4189749220674	1	0.0787969633341409	2.73467692791207e-06
FOXN4_01	1026	1014	15853	14070	1027	0.999941627038455	0.999999999954339	1	67.9503674311384	1	1	1
FOXO1ETV7_01	8	6	9	6	1027	0.788831158350248	0.704728568991219	0.849120688135902	5.43183422722869	1	1	1
FOXO3_01	631	627	1310	1439	1027	0.589570362515665	0.147467859986518	0.00727819788200359	-10.0021001802034	1	0.655721722283127	0.0638864036309204
FOXO3_03	0	0	0	0	1027	1	1	1	0	1	1	1
FOXO6_03	7	8	7	8	1027	0.5	0.397882621522837	0.499997913979098	-1.32387017534722	1	1	1
FOXP1_01	4	2	4	2	1027	0.890967653454322	0.793290191879099	0.890624688799297	6.0833811602388	1	1	1
FXR_Q3	522	542	856	931	1027	0.200735662606538	0.0627295074312666	0.039934476991936	-7.96344805803061	1	0.450511917006369	0.272639083660995
GATA5_06	179	208	209	242	1027	0.0570238251149188	0.0544660122405946	0.0658600411589551	-5.21810557890191	1	0.418329232903456	0.404673364010024
GATAD2A_01	1016	988	6556	6561	1027	0.999990436894173	0.775222582567236	0.485968252728062	-0.498642053536544	1	1	1
GCM1CEBPB_01	0	0	0	0	1027	1	1	1	0	1	1	1
GCM1ELF1_02	174	155	196	182	1027	0.88556902724	0.866267014060168	0.779790543378124	3.79789948890109	1	1	1
GCM1ELK3_01	4	4	4	4	1027	0.636985713870261	0.50013757397321	0.63671753977435	0	1	1	1
GCM1ETV4_01	70	33	73	37	1027	0.999948294694698	0.999906270805907	0.999814424872156	22.1275037597809	1	1	1
GCM1ETV7_01	14	12	14	13	1027	0.722673135556141	0.652523926910511	0.649444261029626	2.34761927836812	1	1	1
GCM1FOXI1_01	131	122	167	145	1027	0.748987802566963	0.73693226758777	0.903614613322806	6.46593736563319	1	1	1
GCM1MAX_03	1	4	1	4	1027	0.187195344815343	0.0897147256450558	0.187498893510878	-6.76435991766919	1	0.538935930195897	0.779600662492599
GCM1NHLH1_01	227	216	286	255	1027	0.740123678313104	0.76540019513238	0.915606257349038	8.37114422027837	1	1	1
GCM1ONECUT2_01	2	4	2	4	1027	0.343521341354674	0.206937163498193	0.34374854773134	-3.93765297932762	1	0.783809941195211	1
GCM1PITX1_02	288	284	360	450	1027	0.597198384725189	0.46356159164436	0.000872319459321268	-16.404771044288	1	1	0.0098447481837686
GCM1SOX2_01	3	3	3	3	1027	0.656478658645326	0.500158779154173	0.656248962664141	0	1	1	1
GCM1TBX21_02	21	38	21	38	1027	0.0168525086352639	0.012383283282104	0.0181699244044097	-14.3519574571561	0.465971863765046	0.152176792333412	0.141520678811811
GCM1_05	32	24	47	36	1027	0.888808611927439	0.861478150403401	0.906272093027636	5.39719407216313	1	1	1
GCM2E2F8_01	409	386	797	994	1027	0.861530988887336	0.700436010782717	1.76175655212312e-06	-18.4506421970684	1	1	3.35948749422099e-05
GCM2HES7_01	511	418	966	712	1027	0.999984774949973	0.999991857453354	0.999999999779943	39.8708045367933	1	1	1
GCM2HOXA13_01	14	11	14	11	1027	0.789254844545964	0.726989748758705	0.787821242180184	3.34435586416507	1	1	1
GCM2MAX_01	290	254	338	315	1027	0.967884189356121	0.945009463701043	0.826206507377409	5.27648875774718	1	1	1
GCM2SOX15_01	104	105	114	111	1027	0.5	0.485666472678987	0.605098965990649	0.860284065337392	1	1	1
GCM2TBX21_02	9	6	9	6	1027	0.850016494906208	0.78156915197678	0.849120688135902	4.84812199052963	1	1	1
GCNF_01	10	12	10	13	1027	0.415452055894941	0.333424699579083	0.33881660333074	-3.46463867343109	1	1	1
GFI1B_01	684	727	1434	1638	1027	0.0228154395546428	0.00550279009236618	0.000123010631823568	-16.8167460472828	0.574866614873906	0.0800800768704867	0.0017442276768829
GLI3_03	0	0	0	0	1027	1	1	1	0	1	1	1
GLIS1_01	0	0	0	0	1027	1	1	1	0	1	1	1
GMEB2_02	1	1	1	1	1027	0.750121773015099	0.500274745372585	0.749999446754649	0	1	1	1
GMEB2_03	6	3	9	3	1027	0.9106360813439	0.842365830772707	0.980712926283785	7.79243647182605	1	1	1
GRE_C	1015	984	7249	7077	1027	0.999996675348025	0.748827350530789	0.926448327128609	10.3433170469376	1	1	1
GRHL1_01	10	26	12	58	1027	0.00531940766409866	0.00350903290585782	1.12386836025232e-08	-21.6134908720687	0.227638847353567	0.0606404749043555	2.95952001533111e-07
GZF1_01	0	0	0	0	1027	1	1	1	0	1	1	1
HELIOS_01	5	4	5	4	1027	0.74657428496647	0.630927138851347	0.746092878637358	1.65989668585472	1	1	1
HES1_Q2	887	818	2440	2215	1027	0.999981357177209	0.997513133007881	0.999544012986497	16.8661426019401	1	1	1
HES5_01	0	0	0	0	1027	1	1	1	0	1	1	1
HESX1_02	3	4	4	6	1027	0.499999999999999	0.352386251868758	0.376951218895577	-1.93770933110589	1	1	1
HIC1_03	731	639	1796	1525	1027	0.999993462880963	0.999992039350643	0.999998854162606	28.8909926715262	1	1	1
HIC2_01	989	949	4986	4724	1027	0.999962013207751	0.994008285530372	0.996260724151141	11.6144447414186	1	1	1
HIC2_03	0	0	0	0	1027	1	1	1	0	1	1	1
HIF1_Q5	691	622	1570	1379	1027	0.999354415738127	0.998216207732228	0.99979917211089	16.042018250063	1	1	1
HINFP_02	0	0	0	0	1027	1	1	1	0	1	1	1
HINFP_03	0	0	0	0	1027	1	1	1	0	1	1	1
HMX1_01	1	1	1	1	1027	0.750121773015099	0.500274745372585	0.749999446754649	0	1	1	1
HNF1B_01	747	747	2222	2496	1027	0.519757285624501	0.0191572005519086	3.44870193784903e-05	-19.4158713367944	1	0.215072805702372	0.000544894906180146
HNF1_C	275	342	383	517	1027	0.000739568798622558	0.000150747552158229	4.45687504107526e-06	-23.6486175734708	0.136327181879425	0.00742951999854211	7.95048999262781e-05
HNF3B_01	609	629	1540	1807	1027	0.195797683834217	0.0234955918357686	2.07590222311699e-06	-19.5533597066536	1	0.24464762378056	3.82657976461233e-05
HNF4A_09	826	808	2019	2071	1027	0.850704342066149	0.400518367820852	0.212359473071406	-3.32096920511825	1	1	0.838819918632055
HNF4GAMMA_01	0	0	0	0	1027	1	1	1	0	1	1	1
HNF6_Q6	234	271	281	363	1027	0.0325075537968313	0.0136199353390996	0.000696369146909233	-14.0273938308809	0.719067089985908	0.160251579628129	0.00837156822262621
HOX13_01	641	677	1267	1460	1027	0.0536246552089385	0.00334762960636663	0.000116433091837481	-29.0344517294221	1	0.059717392655508	0.00169440788910861
HOXB13EOMES_01	850	838	2473	2920	1027	0.773229984290787	0.000199313676513612	5.86250569021384e-10	-31.0454893669665	1	0.00755583669512009	2.02622852918016e-08
HOXB13TBX3_01	130	125	139	150	1027	0.655935845017948	0.581287762999621	0.278204480589886	-3.5137503922276	1	1	1
HOXB2ELK1_02	3	7	3	7	1027	0.171274478118866	0.102508973493704	0.171873366199445	-5.7076281580901	1	0.576750568471821	0.736790476808475
HOXB2ESRRB_01	1	0	1	0	1027	1	0.841580240635145	1	0	1	1	1
HOXB2PITX1_01	142	175	161	224	1027	0.0252634005818615	0.0194460041322217	0.000771931397636774	-15.3011020995039	0.607420022685627	0.215072805702372	0.00889329297694034
HOXB2RFX5_01	131	155	147	177	1027	0.0712883595258179	0.0610220325395758	0.0534905167305416	-9.56719327273274	1	0.449935786591805	0.34000293967804
HOXB2_03	2	1	2	1	1027	0.87518265952265	0.718433473756174	0.874999668052657	3.00416468696108	1	1	1
HOXC10TBX21_01	18	21	19	21	1027	0.373453549768156	0.315106036192861	0.437310771957928	-1.6040885412102	1	1	1
HOXD10_Q2	228	296	341	496	1027	0.000343686139572513	0.000110389534688409	4.68057803323689e-08	-19.9817892844385	0.0950292175917998	0.00610454126826902	1.17652711471818e-06
HOXD12EOMES_01	2	0	2	0	1027	1	0.921501926259605	1	0	1	1	1
HOXD12ETV4_01	0	0	0	0	1027	1	1	1	0	1	1	1
HOXD12TBX21_01	5	2	5	2	1027	0.937819653784323	0.872005511741391	0.937499854773134	8.3969857832049	1	1	1
HOXD13_01	519	548	876	1114	1027	0.108119109769235	0.00371777661826005	5.15238062164009e-08	-26.66185184356	1	0.0623009233302366	1.23881151468129e-06
HOXD13_04	22	32	23	33	1027	0.107096934595624	0.0842180207288302	0.114397955665166	-5.53319203461542	1	0.538158917341832	0.554930434059973
HOXD9_Q2	491	547	817	1040	1027	0.0075964448586733	0.000376392264945464	1.23629155873059e-07	-20.1941383645192	0.278345027650376	0.0109549959218338	2.73467692791207e-06
HSF2_02	213	240	263	327	1027	0.0832095037643845	0.0504069326619728	0.0047137993233319	-11.0307999815108	1	0.409282441164233	0.043445517096709
HSF2_Q6	99	113	116	138	1027	0.172894415885129	0.14724974370191	0.093740200465663	-6.39587058210541	1	0.655721722283127	0.516258919523554
HSFY1_01	95	110	132	154	1027	0.151363905512065	0.131994229029529	0.107108682156379	-3.93316379518099	1	0.655721722283127	0.54985326108689
IK1_01	1026	998	7337	6948	1027	0.999999999248756	0.998649855188865	0.999468773170336	17.1125527670723	1	1	1
IK3_01	1022	984	6217	6025	1027	0.999999999487792	0.85303508468002	0.959851188985994	9.5662374180751	1	1	1
IRF4_05	2	0	2	0	1027	1	0.921501926259605	1	0	1	1	1
IRF4_09	605	518	1187	974	1027	0.999952459984238	0.999977298312393	0.999997979072776	27.9123466349538	1	1	1
IRF4_Q5	249	206	321	253	1027	0.99033416175502	0.991875251418362	0.998032985696137	13.7182147589339	1	1	1
IRF7_04	8	8	8	10	1027	0.59857489778648	0.499317709905962	0.407262123675422	-2.56956274919114	1	1	1
IRF7_Q3	577	574	1154	1078	1027	0.570564602803557	0.644912657654999	0.948520927975422	5.31425053105467	1	1	1
ISL2_03	1007	990	7425	7701	1027	0.992547882993686	0.106380755848329	0.0124249035722251	-7.85213676997322	1	0.576750568471821	0.101043701109419
ISRE_01	187	146	224	168	1027	0.994078616804748	0.994043829248882	0.9980345359779	15.24334073114	1	1	1
KAISO_01	271	302	343	362	1027	0.0699623123760675	0.0846651461279193	0.248880507407153	-3.0091030794787	1	0.538158917341832	0.940473276720882
KAISO_Q2	1002	952	20257	16233	1027	0.999999954570603	0.999999999998505	1	98.9326821559107	1	1	1
KLF13_01	15	16	21	26	1027	0.499999999999999	0.425655184682205	0.280027183234466	-4.11524092547697	1	1	1
KLF8_01	20	17	20	17	1027	0.746249940579727	0.690666470169449	0.744311238463432	2.14250741851958	1	1	1
KLF9_01	200	194	242	257	1027	0.652557044463079	0.57380594336723	0.265407909922665	-3.35589033131407	1	1	0.991693068832659
LBX2_03	973	950	6640	7858	1027	0.985058928775812	0.000240527210426539	1.72699532217874e-24	-41.4459912085045	1	0.00831322171036724	4.77514206582422e-22
LEF1_05	623	646	1193	1287	1027	0.158901997751131	0.0502786184090942	0.0308299862459346	-9.6047574700155	1	0.409282441164233	0.22432871571055
LHX2_03	11	13	20	25	1027	0.418934992702813	0.340628291929491	0.275737180506663	-4.4265423301066	1	1	1
LHX3_01	465	535	1534	2082	1027	0.00115560836136607	1.08718278005432e-05	3.71799550517228e-20	-34.8465191425898	0.151157569743283	0.0030060603868502	5.14012878590067e-18
LHX6_06	3	3	5	4	1027	0.656478658645326	0.500635115685766	0.746092878637358	0	1	1	1
LHX6_07	0	4	0	6	1027	0.0623173850067316	0.0226975572418438	0.0156247717875105	0	1	0.241379791437301	0.125224620268019
LRF_Q6	881	788	4000	3453	1027	0.999999952490419	0.999999969850374	0.99999999989968	32.6108845309718	1	1	1
LYF1_01	931	916	2790	3036	1027	0.879578147188576	0.0130203075269229	0.000653368602129019	-12.2988784087069	1	0.156526740486704	0.00802917415505216
MAFA_Q4_01	907	859	2387	2261	1027	0.999095061774286	0.945391145749591	0.968890365602635	10.0271193454286	1	1	1
MAFB_Q4	1003	976	4621	4419	1027	0.999564387300675	0.944195417438113	0.983794155321255	10.3017438410465	1	1	1
MAFF_01	4	3	5	4	1027	0.773837652629321	0.647476919412702	0.746092878637358	2.08311397196399	1	1	1
MAFF_04	0	0	0	0	1027	1	1	1	0	1	1	1
MAX_11	69	54	71	58	1027	0.931754774305573	0.916104314380877	0.891223127637087	4.15502103776142	1	1	1
MEF2_01	0	0	0	0	1027	1	1	1	0	1	1	1
MEF2_04	357	419	530	706	1027	0.00274281961955094	0.000352107959391359	3.06388762225065e-07	-28.5980132527021	0.169320545842706	0.0108175389746345	6.51665328886389e-06
MEIS1AHOXA9_01	985	956	5169	5764	1027	0.998236984512898	0.000335905277608803	6.12602293506565e-09	-28.3356486191685	1	0.0108175389746345	1.69384534154565e-07
MEIS1DLX3_01	46	76	46	80	1027	0.00328659040502554	0.00242904195937293	0.00156231670419102	-13.7277302695837	0.169320545842706	0.0486299896681074	0.0159992803225488
MEIS1DRGX_01	848	848	2247	2496	1027	0.523186831844104	0.00477869971757369	0.000155685701990374	-16.9542947242948	1	0.0735844765343053	0.00204986174287325
MEIS1EOMES_01	1007	983	5035	4871	1027	0.999341293880049	0.978273844849529	0.951678238622234	6.76251661010239	1	1	1
MEIS1SOX2_01	18	24	18	24	1027	0.218021341298506	0.174880283200026	0.220394835213535	-4.92537767742628	1	0.690777118640103	0.864385417539608
MEIS1_02	190	196	211	232	1027	0.388829391305583	0.320177972251862	0.170971804754311	-5.22680277440231	1	1	0.736790476808475
MEIS1_06	3	3	3	3	1027	0.656478658645326	0.500158779154173	0.656248962664141	0	1	1	1
MEIS2ONECUT2_01	4	5	4	5	1027	0.5	0.369318261012519	0.499998366195589	-1.89823488306674	1	1	1
MEIS2_05	0	0	0	0	1027	1	1	1	0	1	1	1
MEOX2_03	6	1	7	1	1027	0.992267218820194	0.970842719770793	0.996093756915616	18.7212049076514	1	1	1
MGADLX2_01	23	22	23	22	1027	0.618277481687801	0.559949636425942	0.617001809295552	0.674995658139318	1	1	1
MIBP1_Q6	630	621	1095	1237	1027	0.674424922535093	0.275755606523226	0.00173801051956658	-13.2016224456472	1	0.983824841337702	0.01716285388072
MIZF_03	0	0	0	0	1027	1	1	1	0	1	1	1
MRF2_01	77	71	82	74	1027	0.724789354846509	0.699224497551396	0.764359503989028	3.3383088144659	1	1	1
MSX1_01	835	808	2208	2285	1027	0.938770577134793	0.238654336894215	0.128177712955972	-4.28200677402614	1	0.879838988683339	0.605831412518398
MSX1_Q5	100	115	122	137	1027	0.15647145301786	0.147420022622578	0.192172236102782	-5.32752421460337	1	0.655721722283127	0.793069004215213
MSX2_03	10	12	10	12	1027	0.415452055894941	0.334183435474355	0.415903086525628	-2.41573599282909	1	1	1
MSX2_Q3	876	885	2978	3641	1027	0.306895036330003	3.26605060526224e-06	1.73580143038348e-16	-35.4969022656638	1	0.00180612598471002	9.59898191002064e-15
MTF1_01	1013	978	5063	4811	1027	0.999998926695612	0.960070849773989	0.994639421546961	19.5785878091098	1	1	1
MTF1_07	0	1	0	1	1027	0.5	0.158890977913091	0.49999933610605	0	1	0.655721722283127	1
MYBL1ELF1_01	1	0	1	0	1027	1	0.841580240635145	1	0	1	1	1
MYBL1FIGLA_01	41	52	44	52	1027	0.144264905145755	0.124899334193758	0.237567291766327	-4.85387133833202	1	0.645507773917275	0.918704282145308
MYBL1HOXA13_01	2	1	2	1	1027	0.87518265952265	0.718433473756174	0.874999668052657	4.2442095569651	1	1	1
MYBL1ONECUT2_01	73	67	76	70	1027	0.729949846280369	0.699749662909594	0.718740432425593	2.66838063145196	1	1	1
MYBL2_02	17	15	18	16	1027	0.703150698751686	0.639108658782233	0.696202956649348	2.3275340568616	1	1	1
MYBL2_03	0	1	0	1	1027	0.5	0.158890977913091	0.49999933610605	0	1	0.655721722283127	1
MYBL2_05	5	12	7	17	1027	0.0709027095840252	0.0441541514078114	0.0319561641913662	-7.60002944587334	1	0.394982361888092	0.229503361010721
MYOD_01	0	0	0	0	1027	1	1	1	0	1	1	1
MYOGNF1_01	1026	1000	9296	8438	1027	0.999999996908642	0.999997347699639	0.999999999953206	47.4320587439391	1	1	1
NERF_Q2	1012	977	5196	4747	1027	0.999998408580211	0.9999562448305	0.999996957898309	25.1846668586816	1	1	1
NFAT5_02	6	6	6	6	1027	0.613123821463621	0.50011243864396	0.612791471094565	0	1	1	1
NFATC1_01	3	7	3	8	1027	0.171274478118866	0.102343881219488	0.11327982366774	-6.69539925136182	1	0.576750568471821	0.554369402550975
NFATC1_02	4	2	5	3	1027	0.890967653454322	0.793062614511213	0.85546831431892	5.19705495732654	1	1	1
NFATC1_03	1	2	2	4	1027	0.499999999999999	0.281946337318198	0.34374854773134	-2.64760831734773	1	0.986812180613694	1
NFIA_03	84	100	87	103	1027	0.123210071691166	0.10896570998878	0.138217359586681	-4.74802569463843	1	0.579404207921108	0.642304200432224
NFKB_C	610	603	1256	1189	1027	0.64018695141557	0.866399090981665	0.915578694509221	4.39372954836036	1	1	1
NFY_C	721	712	1451	1437	1027	0.684530315487483	0.750223515655379	0.609962322399629	2.00669030267942	1	1	1
NKX22_01	531	589	1049	1262	1027	0.0057630087937612	0.000564824729306582	5.04502322390855e-06	-17.1877351714186	0.227638847353567	0.015617403765327	8.71843075881697e-05
NKX23_04	10	20	10	20	1027	0.0481413605973701	0.0329873173476948	0.0493667156831542	-9.51473919834494	0.986006385568357	0.325749758808486	0.324997544914098
NKX25_03	1002	975	5493	5744	1027	0.999490554821173	0.0438513595348929	0.00902738343721162	-12.0085904047095	1	0.394982361888092	0.0768022006273542
NKX31_06	511	521	741	770	1027	0.34562574169746	0.290993546423724	0.235579660478271	-2.9337319484768	1	1	0.917433466510451
NKX61_01	277	338	390	511	1027	0.00191338695877574	0.000715403500962589	3.11149904615331e-05	-17.9134277863026	0.151157569743283	0.0168738376254502	0.000506076168389052
NKX62_Q2	546	592	1294	1778	1027	0.0228699195790704	2.85648643857749e-05	1.18377093425596e-18	-34.8331207004573	0.574866614873906	0.00394909250133338	1.14145371651061e-16
NOR1_02	1	0	1	0	1027	1	0.841580240635145	1	0	1	1	1
NR2E1_02	75	95	80	103	1027	0.0639564551043641	0.054239427175878	0.0518058631197262	-8.06805037342829	1	0.418329232903456	0.337042850649513
NR2F1_05	835	806	1968	1948	1027	0.9507250559316	0.56583981643954	0.631482805209923	1.11740742252337	1	1	1
NR4A2_02	2	0	4	0	1027	1	0.921501926259605	1	0	1	1	1
NR4A2_03	0	1	0	1	1027	0.5	0.158890977913091	0.49999933610605	0	1	0.655721722283127	1
NR4A2_04	30	37	34	39	1027	0.228175976528697	0.192985041623304	0.319979682782584	-2.55765747209295	1	0.749650592080635	1
NRF1_02	31	30	73	63	1027	0.602430468071465	0.554794801376419	0.827207021109209	3.43835572020443	1	1	1
NRSF_01	3	3	3	4	1027	0.656478658645326	0.499682441905531	0.499998547730055	-2.29207154435608	1	1	1
OCT1_01	438	466	702	797	1027	0.115038685626332	0.0671840681308175	0.00756196879898872	-13.4626832495402	1	0.464017808676834	0.0653401366537619
OCT1_06	943	912	5251	5955	1027	0.991595579495445	0.00709795856412406	1.37151866356481e-11	-30.0407583692026	1	0.0934564544276335	5.83422939193338e-10
OLF1_01	532	482	839	816	1027	0.987812309406867	0.965700716536154	0.722434425613502	4.21776140422005	1	1	1
OSR2_05	0	0	0	0	1027	1	1	1	0	1	1	1
OTX2_Q3	196	252	223	307	1027	0.00163422920332336	0.000892732522495252	0.000151568440897071	-16.5002117321742	0.151157569743283	0.019747243397595	0.00204432555648977
P73_Q6	486	436	700	656	1027	0.988177788270147	0.982208027639509	0.889219389912226	8.00179866307266	1	1	1
PAX1_B	0	0	0	0	1027	1	1	1	0	1	1	1
PAX2_01	811	822	1957	2209	1027	0.292345192380667	0.00323193276421552	4.9391583354728e-05	-23.0121967472362	1	0.059717392655508	0.000758709599865682
PAX2_Q2	896	872	2663	2449	1027	0.944520687889209	0.995720174080942	0.998697083185104	12.6306009790231	1	1	1
PAX3_01	1027	1006	9532	8522	1027	1	0.999999980844948	0.999999999999979	38.3780152925968	1	1	1
PAX5_01	1023	1004	12909	11014	1027	0.999977832136269	0.999999999998756	1	77.1935410340424	1	1	1
PAX5_Q6	1006	963	4910	4448	1027	0.999999691232766	0.999812889939223	0.999999194427149	21.6823082260154	1	1	1
PAX9_01	0	0	0	0	1027	1	1	1	0	1	1	1
PBX1_02	441	446	661	772	1027	0.429293128355499	0.230715499477676	0.00181840265696361	-11.3499304625707	1	0.862065346021317	0.017641695952647
PBX1_05	1001	975	4625	4599	1027	0.999169505250565	0.650681317616629	0.610864724106618	2.07920965126212	1	1	1
PBX4_01	0	0	0	0	1027	1	1	1	0	1	1	1
PIT1_Q6	824	801	3095	3296	1027	0.903686504127761	0.0906347947707385	0.00611248135171557	-19.2523171505286	1	0.538935930195897	0.0545193901209469
PITX1EOMES_01	129	137	131	155	1027	0.322783345795582	0.269157010069468	0.0868417421656565	-7.65032841562679	1	0.966518354340364	0.500014123393627
PITX1FIGLA_01	76	106	84	118	1027	0.0120600397682746	0.00964969578241244	0.0100029390202608	-12.0964632886589	0.363550071128823	0.124037005972157	0.0825615713164811
PITX1HES7_01	4	6	4	6	1027	0.376652570405526	0.263191251032872	0.376951218895577	-3.10974076215928	1	0.953647913717413	1
PITX1TBX21_01	3	3	3	3	1027	0.656478658645326	0.500158779154173	0.656248962664141	0	1	1	1
PLAG1_02	776	690	5532	5883	1027	0.999989426456781	0.99702680701239	0.000510677578579555	3.55936334550652	1	1	0.00641828865805668
PLAG1_04	9	13	9	14	1027	0.260599905236445	0.195207387449569	0.202433429004195	-4.47264933246945	1	0.749650592080635	0.817121797367299
PLAG1_06	0	0	0	0	1027	1	1	1	0	1	1	1
PLAG1_08	0	0	0	0	1027	1	1	1	0	1	1	1
PLAGL2_02	0	1	0	1	1027	0.5	0.158890977913091	0.49999933610605	0	1	0.655721722283127	1
PLAGL2_03	214	206	264	250	1027	0.688754348645159	0.667699618839999	0.745888184742573	2.40600482540364	1	1	1
PLAGL2_05	0	0	0	0	1027	1	1	1	0	1	1	1
PLZFB_Q3	777	778	2071	2225	1027	0.5	0.0841046448855001	0.00972414164696937	-10.1945101554983	1	0.538158917341832	0.0814765201632433
POU2F1DLX2_01	0	0	0	0	1027	1	1	1	0	1	1	1
POU2F1EOMES_01	753	738	1651	1637	1027	0.785654079636239	0.683255147825834	0.603223909980823	1.361132723611	1	1	1
POU2F1ETV4_01	0	0	0	0	1027	1	1	1	0	1	1	1
POU2F1FOXO6_01	14	23	15	24	1027	0.0918693487243228	0.0679664421389214	0.0997920330906562	-9.91524365114863	1	0.464017808676834	0.535776643680902
POU2F1HOXB13_01	45	58	47	59	1027	0.112447728806337	0.0956317497079464	0.142633467075549	-5.97914135347508	1	0.56259954881377	0.646527108957201
POU2F1SOX2_01	58	57	66	61	1027	0.576062631685658	0.544590847652224	0.702692257105773	2.56723430607593	1	1	1
POU2F1TBX21_01	14	23	19	33	1027	0.0918693487243228	0.0674441637707602	0.0351947579335915	-9.3785546997923	1	0.464017808676834	0.249521809452258
POU3F1_Q6	769	774	2378	2587	1027	0.419122265721713	0.0284925877907309	0.00156011249379111	-18.6914878872017	1	0.286480019059531	0.0159992803225488
POU3F2_01	751	759	3366	4196	1027	0.363166593695401	0.00479030950313742	5.96099338327337e-22	-31.5322706048823	1	0.0735844765343053	1.09880978031672e-19
POU4F2_01	0	3	0	3	1027	0.12481734047735	0.0416071762187874	0.124999336106858	0	1	0.389979126254058	0.595902007474933
POU4F2_02	31	36	32	41	1027	0.309806229249342	0.263848337791617	0.174584089075849	-4.24345900020795	1	0.953647913717413	0.742653855838037
POU5F1_01	990	960	7551	7931	1027	0.999155657249756	0.0652142275179691	0.00111871143490426	-11.4391649643081	1	0.462352151505601	0.0121303416372952
POU6F2_01	0	0	0	0	1027	1	1	1	0	1	1	1
PPARG_02	1022	1000	10980	11845	1027	0.999991594273789	6.85800570652577e-05	4.49359605372426e-09	-28.7231879169761	1	0.00474059644463594	1.30787295668922e-07
PRDM10_01	2	0	2	0	1027	1	0.921501926259605	1	0	1	1	1
PRDM12_01	12	11	12	11	1027	0.662050226201363	0.583105607189251	0.66117868836019	0.954566098155129	1	1	1
PRDM14_01	7	12	7	12	1027	0.178513258158789	0.124677754109608	0.179639171424623	-4.83096129519872	1	0.645507773917275	0.758324135861195
PRDM14_02	194	204	219	248	1027	0.307702731405321	0.244478795627216	0.0974869362520839	-6.47510214819711	1	0.895342874051988	0.528532115170612
PRDM15_01	68	53	72	54	1027	0.93325994126207	0.921970316094709	0.95494163169747	7.32729678262611	1	1	1
PRDM15_02	0	0	0	0	1027	1	1	1	0	1	1	1
PRDM15_03	2	1	2	1	1027	0.87518265952265	0.718433473756174	0.874999668052657	3.16587152019768	1	1	1
PRDM15_04	3	0	3	0	1027	1	0.958492810821955	1	0	1	1	1
PRDM16_05	680	714	1275	1383	1027	0.0594537593984705	0.0384102578898442	0.0189041483033739	-6.4192128159696	1	0.372646887948839	0.145194361274525
PRDM1_03	721	708	1302	1303	1027	0.749004325284593	0.688798450144837	0.499972945798139	-0.241639030871367	1	1	1
PRDM4_01	0	0	0	0	1027	1	1	1	0	1	1	1
PRDM5_02	1	0	1	0	1027	1	0.841580240635145	1	0	1	1	1
PRDM5_03	9	6	9	7	1027	0.850016494906208	0.780898672822688	0.772750043262375	2.45020934241593	1	1	1
PREP1_Q3	684	732	1262	1417	1027	0.0124908704366142	0.00986912886577739	0.00145121848733561	-13.5642652024432	0.363550071128823	0.124037005972157	0.0154331504518576
PROX1_01	3	4	3	5	1027	0.499999999999999	0.352249308364882	0.363279555685761	-1.73373930804655	1	1	1
PRRX2_05	0	0	0	0	1027	1	1	1	0	1	1	1
PRX2_Q2	821	803	3187	3843	1027	0.848602115835102	0.000605865053303971	2.44155695666294e-15	-29.722436880764	1	0.0159544464036712	1.12515083086217e-13
PSF_Q5	548	472	831	746	1027	0.999662470484016	0.998667620386207	0.984872953862505	7.71669593875316	1	1	1
RARB_01	0	0	0	0	1027	1	1	1	0	1	1	1
RBPJK_01	655	615	1081	1025	1027	0.968728141613186	0.937836753725839	0.892994918466243	5.58675380511894	1	1	1
RELA_03	986	953	5010	5183	1027	0.999488604237482	0.81232569084809	0.0438501653737499	-5.69776306159184	1	1	0.295721237215655
REST_04	112	114	119	124	1027	0.471901636771667	0.438117130456583	0.398762343648568	-1.63266342112179	1	1	1
RFX2_02	1	1	1	1	1027	0.750121773015099	0.500274745372585	0.749999446754649	0	1	1	1
RFX3BHLHA15_01	8	5	8	5	1027	0.867344072745512	0.798074579004293	0.866576800768273	5.47766838141087	1	1	1
RFX3FIGLA_02	58	43	62	46	1027	0.948948208131928	0.936508682586955	0.94928627203149	10.7379362785462	1	1	1
RFX3HES7_01	15	13	15	13	1027	0.715542158412784	0.648272183524005	0.71420470196634	2.25363183697106	1	1	1
RFX3SREBF2_01	3	0	4	0	1027	1	0.958492774282939	1	0	1	1	1
RFX3SRF_01	166	159	191	190	1027	0.685666469221093	0.645380759043853	0.540789755580411	1.08326814955943	1	1	1
RFX5_02	3	11	3	18	1027	0.0282705047376604	0.0157736393096375	0.000744769117907867	-10.1004006210877	0.651399546663591	0.181725469546449	0.00876292174900107
RFX_Q6	600	585	969	897	1027	0.762560994334687	0.893886907140946	0.954553370070623	7.04291912565581	1	1	1
RLF_01	15	15	15	15	1027	0.572765441567771	0.500071427954474	0.572229826305286	0	1	1	1
ROAZ_01	2	4	3	8	1027	0.343521341354674	0.206482739546832	0.11327982366774	-3.67498765104264	1	0.783809941195211	0.554369402550975
RORA2_01	285	311	357	399	1027	0.112088331832086	0.0881456948531752	0.0678964147792625	-7.36992032742503	1	0.538935930195897	0.412601289812441
RORA_05	0	0	0	0	1027	1	1	1	0	1	1	1
RORA_06	0	0	0	0	1027	1	1	1	0	1	1	1
RP58_01	50	42	50	43	1027	0.83146924363948	0.801804077045707	0.796539025847377	3.51814791704439	1	1	1
RREB1_01	914	882	4297	4738	1027	0.986068117939489	0.75589304404227	1.7479891700268e-06	-17.2384876489257	1	1	3.35948749422099e-05
RREB1_04	0	0	0	0	1027	1	1	1	0	1	1	1
RREB1_05	0	0	0	0	1027	1	1	1	0	1	1	1
RREB_Q5	376	373	548	563	1027	0.572740058542603	0.591066699355619	0.337190635221494	-2.05415900263724	1	1	1
RUNX2_02	86	55	138	69	1027	0.997463400291019	0.996609276268158	0.999999548995625	29.5463518904752	1	1	1
RUNX3_01	19	20	20	21	1027	0.5	0.435922737809308	0.499996587423308	-0.873493824601331	1	1	1
RXRA_05	1	1	1	2	1027	0.750121773015099	0.5	0.499999004158633	-2.64760831734773	1	1	1
SALL1_01	252	190	294	244	1027	0.999646420522817	0.999360810357405	0.986107430882964	10.2712225024808	1	1	1
SALL1_03	81	78	86	82	1027	0.629348367750586	0.597559174879618	0.650100192103197	0.839608649813625	1	1	1
SALL3_01	358	379	456	496	1027	0.178779722933342	0.124445083636267	0.103048505543072	-5.64476811352668	1	0.645507773917275	0.546042083569756
SALL3_02	4	0	4	0	1027	1	0.977354950211316	1	0	1	1	1
SATB1_Q3	136	198	161	234	1027	0.000128349373698359	9.75402315643957e-05	0.000140379990137938	-18.5345647396345	0.0709772036551925	0.00599330533945676	0.00194075336365699
SC1_01	1	5	1	5	1027	0.109032346545678	0.0510677910313419	0.109374066400647	-6.00053657467774	1	0.409282441164233	0.54985326108689
SCRT2_01	8	3	8	3	1027	0.96763799919201	0.934674039280912	0.967285156250426	9.9167955762734	1	1	1
SIP1_Q6	10	3	10	3	1027	0.988972848517443	0.974257830329614	0.988769577606205	15.044819106786	1	1	1
SIX1_Q3	377	363	484	478	1027	0.754711307548398	0.67506553000992	0.589273810783906	0.848015227159209	1	1	1
SIX3_Q6	529	592	1120	1427	1027	0.0029950542799668	4.15078997548874e-05	6.24256233955517e-10	-26.0914476853665	0.169320545842706	0.00459077371289055	2.03066880810236e-08
SIX4_01	1005	969	4331	4600	1027	0.999991221656328	0.134230045622475	0.00224302964219201	-14.3504888687394	1	0.655721722283127	0.0213861274505548
SMAD3_Q6	980	946	3911	3813	1027	0.999341028117054	0.890888658187452	0.87039754593553	4.41902215956988	1	1	1
SMAD3_Q6_01	868	863	2242	2338	1027	0.641924086769321	0.105807038864988	0.0799670482817352	-6.36128339318696	1	0.576750568471821	0.470444443614889
SMAD4_Q6	1024	1009	8880	8485	1027	0.999896610497834	0.997423726215433	0.998722064015628	17.5247594392725	1	1	1
SMAD5_02	1	3	1	3	1027	0.312317206889206	0.158596164930045	0.312498838185623	-3.91681452170059	1	0.655721722283127	1
SMAD5_Q5	1007	966	10831	8748	1027	0.999999443625236	0.999999999999785	1	52.9529643383947	1	1	1
SMAD7_01	33	19	33	20	1027	0.982924297755752	0.975097569745033	0.973281390204768	9.6082315060231	1	1	1
SNAP190_01	1	2	1	2	1027	0.499999999999999	0.281946337318198	0.499999004158633	-2.3479009185468	1	0.986812180613694	1
SOX10_03	0	0	0	0	1027	1	1	1	0	1	1	1
SOX10_05	0	0	0	0	1027	1	1	1	0	1	1	1
SOX10_08	828	812	1907	1990	1027	0.825110317791524	0.152775218470793	0.0942896037466164	-5.94663600935948	1	0.655721722283127	0.516258919523554
SOX18_Q5_01	158	166	178	189	1027	0.335900013810941	0.29182402097993	0.300843197264099	-2.54398250209559	1	1	1
SOX5_01	657	687	1394	1667	1027	0.0892289521737528	0.00125688604227441	4.26568141334002e-07	-19.1874178530185	1	0.0267329992837596	8.73674748732234e-06
SOX6TBX21_01	291	277	359	359	1027	0.770329382729752	0.707889730700019	0.514871384788542	-0.433707075262866	1	1	1
SOX8_07	0	0	0	0	1027	1	1	1	0	1	1	1
SOX9_05	0	0	0	0	1027	1	1	1	0	1	1	1
SOX9_09	648	631	1251	1174	1027	0.793711889672815	0.812715546278244	0.943494955015234	9.00832257546711	1	1	1
SOX_Q6	987	969	4954	5077	1027	0.975648113602691	0.162231674172161	0.111049702138808	-6.41946720980365	1	0.663663043154631	0.553247615160005
SP1SP3_Q4	650	553	3908	3662	1027	0.999994417858848	0.999944073036212	0.997770807075221	24.4679107445091	1	1	1
SP2_04	1004	980	9208	7929	1027	0.998927943278536	0.999999999850481	1	43.8875411853349	1	1	1
SP2_06	0	0	0	0	1027	1	1	1	0	1	1	1
SP3_Q3	969	939	5890	5344	1027	0.996207840214566	0.999993335968854	0.999999885771845	27.2079267272344	1	1	1
SP5_Q2	85	70	93	78	1027	0.90939685444135	0.893010523543828	0.889499839346594	5.80408500805589	1	1	1
SPDEF_06	0	0	0	0	1027	1	1	1	0	1	1	1
SPDEF_07	7	4	7	4	1027	0.887347560523762	0.817807011800176	0.886718464732942	5.74504966521246	1	1	1
SPI1_06	756	716	1661	1491	1027	0.977680264840643	0.981588443013201	0.998850181892913	14.4704565449616	1	1	1
SREBP1_02	980	937	5135	4794	1027	0.999955999408213	0.999928204575535	0.999709089144357	13.3331423568795	1	1	1
SREBP1_Q5	806	777	1837	1887	1027	0.942354703508181	0.855661934457246	0.210787334520826	-4.74799798424745	1	1	0.838819918632055
SRF_01	49	62	58	68	1027	0.120727950609989	0.105963412350535	0.211384769546569	-7.23415572550761	1	0.576750568471821	0.838819918632055
STAF_05	0	0	0	0	1027	1	1	1	0	1	1	1
STAT1_10	594	609	1121	1214	1027	0.265305454529661	0.172647778838337	0.0283817002164812	-8.89017813477361	1	0.686864904299283	0.209267736262855
STAT3_01	538	578	1339	1416	1027	0.0420213839684344	0.0884585391627759	0.0736759425834892	-9.45212389787798	0.893762512867085	0.538935930195897	0.440014849422513
STAT5A_02	1000	978	7626	7634	1027	0.996595831273405	0.603152301314463	0.477263683643765	-0.504764007572899	1	1	1
STAT5A_Q6	101	110	159	159	1027	0.28052215329701	0.278437820168915	0.5223461253596	-1.09247369117447	1	0.986812180613694	1
T3RBETA_Q6_01	753	733	1589	1616	1027	0.849887036091179	0.591543969763463	0.322882778351319	-1.38306315667574	1	1	1
TAL1BETAITF2_01	846	836	2213	2346	1027	0.735713357840326	0.101408316256802	0.0251659994626021	-10.7009420770896	1	0.576750568471821	0.188064833821878
TAL1GATA1_02	65	58	66	62	1027	0.77148615059553	0.73838075478734	0.670648450116737	2.08002029904953	1	1	1
TAL1_01	707	712	1456	1406	1027	0.424276558906474	0.426530570323019	0.82991854921957	1.16726836674388	1	1	1
TAXCREB_01	831	760	2263	2018	1027	0.999929857549596	0.999992482581765	0.999916465904497	20.0024897070468	1	1	1
TAXCREB_02	1024	1007	9229	8248	1027	0.999969668839163	0.999999941966651	0.999999999999956	40.2938145033776	1	1	1
TBX15_02	0	0	0	0	1027	1	1	1	0	1	1	1
TBX18_01	0	0	0	0	1027	1	1	1	0	1	1	1
TBX1_01	0	0	0	0	1027	1	1	1	0	1	1	1
TBX1_04	0	0	0	0	1027	1	1	1	0	1	1	1
TBX1_05	0	0	0	0	1027	1	1	1	0	1	1	1
TBX20_05	152	131	172	147	1027	0.92053586470659	0.915920441387309	0.927334758825805	7.87887278085708	1	1	1
TBX21_01	0	0	0	0	1027	1	1	1	0	1	1	1
TBX5CSX_Q5	12	8	12	8	1027	0.869586637230839	0.815624058474036	0.868411805139803	5.24448197545896	1	1	1
TBX5_04	0	0	0	0	1027	1	1	1	0	1	1	1
TCF11MAFG_01	927	889	2780	2882	1027	0.996461377062578	0.343201032213648	0.089464449576021	-7.81916379640176	1	1	0.500014123393627
TEAD4ALX4_01	32	58	32	61	1027	0.0033680397907229	0.00246227795787886	0.00173052538492248	-15.3320083262496	0.169320545842706	0.0486299896681074	0.01716285388072
TEAD4CEBPD_01	24	16	26	17	1027	0.925083049479189	0.899460114099656	0.936855983355563	7.91272124006671	1	1	1
TEAD4CLOCK_01	187	211	232	234	1027	0.0995554757459138	0.108170700974544	0.481515932569571	-1.75373832299156	1	0.579404207921108	1
TEAD4ELK3_01	1	0	1	0	1027	1	0.841580240635145	1	0	1	1	1
TEAD4EOMES_01	161	168	186	192	1027	0.359085952418603	0.34074868763642	0.398525140528877	-2.25476182954776	1	1	1
TEAD4ERG_02	5	4	5	4	1027	0.74657428496647	0.630927138851347	0.746092878637358	2.18021682895704	1	1	1
TEAD4ESRRB_01	63	74	65	78	1027	0.188280057378862	0.16321550428396	0.157800949309242	-6.43342857261027	1	0.663663043154631	0.698111399744087
TEAD4ETV7_01	2	1	2	1	1027	0.87518265952265	0.718433473756174	0.874999668052657	4.2442095569651	1	1	1
TEAD4FIGLA_01	26	19	27	19	1027	0.886239651987986	0.854924991639481	0.908038333999916	6.58621687041915	1	1	1
TEAD4FOXI1_01	171	200	189	226	1027	0.0541011596412545	0.0442837367758801	0.0385208966770748	-8.93187186108206	1	0.394982361888092	0.266503319675367
TEAD4GATA3_01	41	33	48	34	1027	0.856727428896625	0.829949947209849	0.951486360704893	9.11298272034838	1	1	1
TEAD4MAX_02	7	11	7	13	1027	0.23936072217737	0.171124904463374	0.131585642656526	-7.09363280070793	1	0.685739653393084	0.616668308381856
TEAD4ONECUT2_01	7	5	7	5	1027	0.806860620537188	0.718767851342211	0.806151701898125	3.40645214550396	1	1	1
TEAD4RFX5_01	22	30	22	30	1027	0.162763935868411	0.130653881531933	0.165869697196264	-7.60982870933235	1	0.655721722283127	0.722251516138065
TEAD4SOX15_01	217	219	250	257	1027	0.478486329322455	0.456524940907834	0.394931555932551	-1.56015009637226	1	1	1
TEAD4SOX6_01	24	18	24	20	1027	0.862511574089134	0.82425685799626	0.774309140754464	3.76892605752906	1	1	1
TEF3_Q3	811	831	2933	3627	1027	0.147562477379952	6.64998563822874e-05	4.88455275861771e-18	-31.5774034935914	1	0.00474059644463594	3.85879667930799e-16
TEF_01	448	473	602	662	1027	0.143482643809316	0.0589385322977117	0.048436284994611	-7.61120067134037	1	0.440446058927494	0.32271404339783
TEF_05	0	0	0	0	1027	1	1	1	0	1	1	1
TEF_08	0	0	0	0	1027	1	1	1	0	1	1	1
TFAP2B_04	143	132	242	232	1027	0.781561182259588	0.746503370572612	0.693292365152513	0.543478804215633	1	1	1
TFAP2CDLX3_03	168	171	195	188	1027	0.452694413053624	0.451197299998261	0.658625644958946	2.40900999649534	1	1	1
TFAP2CELK1_01	15	17	15	18	1027	0.429473633438453	0.359917178319937	0.364162392770281	-3.01040812093244	1	1	1
TFAP2CHOXB13_01	22	28	22	29	1027	0.237216235498177	0.194409527194691	0.200525657629713	-5.38323588986316	1	0.749650592080635	0.817121797367299
TFAP2CMAX_02	19	10	20	10	1027	0.970192423597066	0.953983496683083	0.978613336987496	13.9750695165361	1	1	1
TFAP2CONECUT2_01	11	10	11	10	1027	0.669012753555148	0.586870553399856	0.668186606299227	1.44962955017728	1	1	1
TFAP4MAX_02	6	5	6	7	1027	0.726136954256536	0.617533941617945	0.49999805304802	0	1	1	1
TFCP2_03	39	23	47	25	1027	0.98620772033832	0.980939681218019	0.99684539034915	13.9425268288929	1	1	1
TFE_Q6	473	465	773	785	1027	0.654925156450535	0.433782905747631	0.390192691740607	-1.32356914414845	1	1	1
TFIIIA_03	0	0	0	0	1027	1	1	1	0	1	1	1
TFIIIA_04	0	0	0	0	1027	1	1	1	0	1	1	1
TFIII_Q6	961	902	4228	3654	1027	0.999997806909529	0.999999894174703	0.999999999957267	26.0080880150927	1	1	1
TFIII_Q6_01	1006	971	4381	4571	1027	0.999989640864981	0.0717149323466893	0.0226574565977832	-9.26326655372129	1	0.477811537201436	0.171637993131152
THAP1_01	1027	1007	9470	9401	1027	1	0.693259375064727	0.69550748096399	2.85726619248525	1	1	1
THRA_01	0	3	0	3	1027	0.12481734047735	0.0416071762187874	0.124999336106858	0	1	0.389979126254058	0.595902007474933
THRB_02	0	0	0	0	1027	1	1	1	0	1	1	1
THRB_03	1	0	2	0	1027	1	0.841580240635145	1	0	1	1	1
TITF1_Q3	933	928	4415	4739	1027	0.674942696737434	0.0451435544598188	0.000358148133112077	-14.3652133645237	1	0.396260089147298	0.00460595157234834
TP63_01	0	0	0	0	1027	1	1	1	0	1	1	1
TRF1_01	0	0	0	0	1027	1	1	1	0	1	1	1
TRPS1_Q3	22	27	22	30	1027	0.281727803861447	0.233053008971975	0.165869697196264	-5.49050577267484	1	0.864955127258402	0.722251516138065
TST1_01	917	866	5057	5941	1027	0.999661494583254	0.00326529186094429	1.52014692032837e-17	-38.7447493147523	1	0.059717392655508	1.05080155867699e-15
VDR_01	1	1	1	1	1027	0.750121773015099	0.500274745372585	0.749999446754649	0	1	1	1
WT1_01	746	629	3927	3371	1027	0.999999985296819	0.999999850590042	0.999999999967901	44.6406751475582	1	1	1
YY1_08	937	914	2836	2960	1027	0.962109703606981	0.128547332777903	0.0528484086753425	-6.40765179742738	1	0.652171330515415	0.339827558110051
YY1_12	946	928	2927	3091	1027	0.931004431679519	0.0585803557883118	0.0176814656775822	-9.2314778324261	1	0.440446058927494	0.1396835788529
ZASC1_01	0	0	0	0	1027	1	1	1	0	1	1	1
ZASC1_02	0	0	0	0	1027	1	1	1	0	1	1	1
ZBP89_Q4_01	693	590	3925	3692	1027	0.999998953954358	0.999931839596583	0.996381783387967	21.6320575773405	1	1	1
ZBTB11_02	1	0	1	0	1027	1	0.841580240635145	1	0	1	1	1
ZBTB1_01	0	0	0	0	1027	1	1	1	0	1	1	1
ZBTB26_01	0	0	0	0	1027	1	1	1	0	1	1	1
ZBTB2_Q3	369	375	484	475	1027	0.409231298858455	0.497199273629974	0.626621743704089	1.18520810881169	1	1	1
ZBTB2_Q3_01	895	839	2912	2516	1027	0.999744759349473	0.999999293228562	0.999999966163324	23.0305082238781	1	1	1
ZBTB33_05	101	46	144	57	1027	0.999999376296518	0.999998993639684	0.99999999986164	34.8135923600552	1	1	1
ZBTB34_01	23	34	26	37	1027	0.089349747666162	0.0698601203685195	0.103678876627169	-5.74560589128438	1	0.471129836143796	0.546042083569756
ZBTB38_01	2	1	2	1	1027	0.87518265952265	0.718433473756174	0.874999668052657	3.74389350085051	1	1	1
ZBTB38_02	38	39	40	39	1027	0.5	0.457317031194564	0.588924808720386	0.481081165077124	1	1	1
ZBTB40_01	234	281	283	349	1027	0.00957206539415305	0.00688691921853173	0.00482813205338841	-10.0234766679438	0.311373656645096	0.0928894226304401	0.0437697873036687
ZBTB40_02	22	31	23	35	1027	0.132703697029074	0.104391870662828	0.0739988806442923	-6.32696602156868	1	0.576750568471821	0.440014849422513
ZBTB41_01	0	1	0	1	1027	0.5	0.158890977913091	0.49999933610605	0	1	0.655721722283127	1
ZBTB44_01	797	712	1624	1358	1027	0.999991629611288	0.999999703761152	0.999999510256411	16.1730853627569	1	1	1
ZBTB46_01	4	4	4	4	1027	0.636985713870261	0.50013757397321	0.63671753977435	0	1	1	1
ZBTB49_01	0	1	0	1	1027	0.5	0.158890977913091	0.49999933610605	0	1	0.655721722283127	1
ZBTB49_02	0	0	0	0	1027	1	1	1	0	1	1	1
ZBTB5_01	222	207	259	243	1027	0.807429589857333	0.766600692021552	0.775998311981775	3.24196596463941	1	1	1
ZEC_01	0	1	0	1	1027	0.5	0.158890977913091	0.49999933610605	0	1	0.655721722283127	1
ZF5_B	999	957	15367	11496	1027	0.999996918612929	0.999999999999999	1	99.8989440443862	1	1	1
ZFP41_02	2	5	2	6	1027	0.226162347370679	0.127994657876656	0.144529942960231	-5.47774566433878	1	0.652171330515415	0.649797223227707
ZFP64_03	20	14	21	14	1027	0.887204677142929	0.850803027067654	0.912267793888959	4.76638849228647	1	1	1
ZFP64_04	0	0	0	0	1027	1	1	1	0	1	1	1
ZFP64_05	0	0	0	0	1027	1	1	1	0	1	1	1
ZFP64_06	0	0	0	0	1027	1	1	1	0	1	1	1
ZFP91_01	0	0	0	0	1027	1	1	1	0	1	1	1
ZFPM1_01	7	5	8	6	1027	0.806860620537188	0.718577202125104	0.788024172237081	2.64651927770116	1	1	1
ZFX_01	286	233	438	387	1027	0.996961510758821	0.992086325273365	0.964938625185353	11.6132262154095	1	1	1
ZFX_03	43	40	43	44	1027	0.672875540910199	0.628088355202049	0.499995044875056	-0.522897026617009	1	1	1
ZFX_04	0	0	0	0	1027	1	1	1	0	1	1	1
ZGPAT_01	987	936	10929	8991	1027	0.999999002917291	0.999999999830606	1	64.0577012084604	1	1	1
ZID_01	139	120	145	131	1027	0.908179365980943	0.888441566957638	0.816703952971375	3.94982892199083	1	1	1
ZNF131_01	0	0	0	0	1027	1	1	1	0	1	1	1
ZNF131_02	0	0	0	0	1027	1	1	1	0	1	1	1
ZNF135_01	11	8	11	8	1027	0.821486741841211	0.755377047253599	0.820357765925549	3.46461707339092	1	1	1
ZNF135_02	29	21	29	21	1027	0.901454700976328	0.873948917938018	0.898681458189473	5.75761801330068	1	1	1
ZNF135_03	87	78	92	84	1027	0.791508236903313	0.758643895269863	0.751188110284927	2.87963201380352	1	1	1
ZNF135_04	0	0	0	0	1027	1	1	1	0	1	1	1
ZNF143_03	1	0	1	0	1027	1	0.841580240635145	1	0	1	1	1
ZNF236_01	0	0	0	0	1027	1	1	1	0	1	1	1
ZNF236_02	6	8	6	13	1027	0.394904984791303	0.295451683703187	0.0835324541828539	-6.48130895189923	1	1	0.486246812243349
ZNF236_04	0	0	0	0	1027	1	1	1	0	1	1	1
ZNF236_05	2	0	2	0	1027	1	0.921501926259605	1	0	1	1	1
ZNF236_06	14	7	14	7	1027	0.961578701028495	0.937636822362288	0.960823230867328	8.71824634328228	1	1	1
ZNF236_07	6	8	6	9	1027	0.394904984791303	0.295451683703187	0.303616951077804	-2.38899526491767	1	1	1
ZNF236_08	1	0	1	0	1027	1	0.841580240635145	1	0	1	1	1
ZNF282_01	8	7	8	7	1027	0.697053153516307	0.602312019315284	0.696379398388849	1.4646548901798	1	1	1
ZNF282_02	0	0	0	0	1027	1	1	1	0	1	1	1
ZNF295_01	1001	976	15092	12817	1027	0.998839565076463	0.999999999768099	1	74.2548510728024	1	1	1
ZNF312_01	0	1	0	1	1027	0.5	0.158890977913091	0.49999933610605	0	1	0.655721722283127	1
ZNF319_01	69	72	71	73	1027	0.430760060594807	0.399262094046821	0.466805073442258	-0.794364326117004	1	1	1
ZNF319_02	12	19	12	19	1027	0.138684624535063	0.102694133071306	0.140517441848327	-5.36131432707556	1	0.576750568471821	0.645708271573603
ZNF335_01	0	0	0	0	1027	1	1	1	0	1	1	1
ZNF335_02	0	0	0	0	1027	1	1	1	0	1	1	1
ZNF339_01	4	5	4	5	1027	0.5	0.369318261012519	0.499998366195589	-1.613804344638	1	1	1
ZNF341_01	48	51	67	64	1027	0.418441826832619	0.383234073130581	0.636560043684465	1.22519956751166	1	1	1
ZNF362_01	1	4	1	4	1027	0.187195344815343	0.0897147256450558	0.187498893510878	-5.05042428520666	1	0.538935930195897	0.779600662492599
ZNF366_02	0	1	0	1	1027	0.5	0.158890977913091	0.49999933610605	0	1	0.655721722283127	1
ZNF367_01	274	263	329	308	1027	0.726588488957206	0.737080780988972	0.808323112570691	3.91066993049098	1	1	1
ZNF384_02	49	76	52	85	1027	0.00805338235516458	0.00617850285412458	0.0030253646727071	-11.7605853091782	0.278345027650376	0.0854178019582724	0.0283563841357123
ZNF410_01	0	0	0	0	1027	1	1	1	0	1	1	1
ZNF436_01	23	13	23	13	1027	0.968545771430335	0.953640048190158	0.967377816088333	9.15738569641796	1	1	1
ZNF436_02	20	5	20	5	1027	0.99957489581647	0.998727278737601	0.999544757243201	22.1816662995583	1	1	1
ZNF438_01	21	22	21	22	1027	0.5	0.43883136647088	0.499996506169936	-0.798416656577616	1	1	1
ZNF450_01	55	43	58	45	1027	0.910933549955552	0.893216993098468	0.916280599624426	6.87359056971749	1	1	1
ZNF499_01	13	6	13	6	1027	0.968820014967431	0.94665176782416	0.968216079810867	9.41674006273444	1	1	1
ZNF507_01	57	52	58	55	1027	0.722508589740103	0.684634399010307	0.646557116723402	1.05641743677437	1	1	1
ZNF513_01	0	0	0	0	1027	1	1	1	0	1	1	1
ZNF515_02	0	0	0	0	1027	1	1	1	0	1	1	1
ZNF516_01	185	188	216	221	1027	0.454439394194649	0.429221562048215	0.424122965002445	-1.02123689948415	1	1	1
ZNF521_01	6	9	6	9	1027	0.302946846483693	0.218579656245869	0.303616951077804	-3.36704617056163	1	0.822275849686842	1
ZNF521_02	0	0	0	0	1027	1	1	1	0	1	1	1
ZNF521_03	0	1	0	1	1027	0.5	0.158890977913091	0.49999933610605	0	1	0.655721722283127	1
ZNF536_01	51	42	53	43	1027	0.855735094854245	0.831063866150173	0.869267587822237	4.55026185719892	1	1	1
ZNF536_03	0	0	0	0	1027	1	1	1	0	1	1	1
ZNF592_02	1000	962	4386	4041	1027	0.999987804753482	0.998436636894227	0.999920487439991	17.1499765659716	1	1	1
ZNF651_01	1	1	1	1	1027	0.750121773015099	0.500274745372585	0.749999446754649	0	1	1	1
ZNF652_03	0	0	0	0	1027	1	1	1	0	1	1	1
ZNF672_02	10	8	11	8	1027	0.76063927782263	0.682763897998186	0.820357765925549	3.12312779633007	1	1	1
ZNF672_03	30	43	34	44	1027	0.0761128822826603	0.0627261782155474	0.154077142779989	-5.02385533545117	1	0.450511917006369	0.68713435449463
ZNF687_01	0	0	0	0	1027	1	1	1	0	1	1	1
ZNF710_01	3	4	3	4	1027	0.499999999999999	0.352659794838937	0.499998547730055	-1.87217291471653	1	1	1
ZNF710_02	0	0	0	0	1027	1	1	1	0	1	1	1
ZNF711_02	1	5	1	6	1027	0.109032346545678	0.0510261615953663	0.0624992738679842	-6.51970701787164	1	0.409282441164233	0.388339602815428
ZNF76_01	1	1	1	1	1027	0.750121773015099	0.500274745372585	0.749999446754649	0	1	1	1
ZNF770_01	22	22	23	23	1027	0.560452935084876	0.500059184135775	0.558499066242197	0	1	1	1
ZNF775_02	9	14	9	14	1027	0.201100006342453	0.147319451829167	0.202433429004195	-4.26831922881059	1	0.655721722283127	0.817121797367299
ZNF777_02	1011	983	7831	6720	1027	0.999946256679789	0.999999999966619	1	58.8936161440485	1	1	1
ZXDB_01	444	417	863	939	1027	0.894737723832317	0.818880479641822	0.0385538256311562	-6.08439862461291	1	1	0.266503319675367
ZXDL_01	0	0	0	0	1027	1	1	1	0	1	1	1
