transcription_factor	no_search_sites	no_background_sites	sum_search_sites	sum_background_sites	no_gene_sites	fisher_pval	wilcox_pval	fisher_pval2	zscore	fisher_adjusted	wilcox_adjusted	fisher2_adjusted
AEBP2_02	0	0	0	0	230	1	1	1	0	1	1	1
AFP1_Q6	10	14	10	14	230	0.265104514448976	0.201339780790481	0.27062324294487	-3.42382216531191	1	0.830902229680121	1
AHRARNT_01	170	134	393	265	230	0.999871956173	0.99983031484449	0.999999776649766	30.1133798254228	1	1	1
AHRARNT_02	167	143	399	304	230	0.993615844375211	0.993492772336168	0.999857439284737	19.9536782283866	1	1	1
AHR_01	187	184	506	472	230	0.681498052143342	0.840459777126568	0.868703592792926	7.28749704759201	1	1	1
AIOLOS_01	1	1	1	1	230	0.750544662309368	0.501227835398965	0.750000494072123	0	1	1	1
ALX4_01	0	0	0	0	230	1	1	1	0	1	1	1
AMYB_01	0	0	0	0	230	1	1	1	0	1	1	1
AP1FJ_Q2	207	203	626	601	230	0.772924642417964	0.633938499660939	0.771298664063955	2.54918878449015	1	1	1
AP2ALPHA_03	217	209	3812	3644	230	0.946214112654564	0.914658864314492	0.975685856293291	8.56444274066526	1	1	1
AP2_Q6	204	195	1994	1800	230	0.915589099385077	0.965343642393542	0.999259497490831	13.4098023361978	1	1	1
AP4_01	0	0	0	0	230	1	1	1	0	1	1	1
APA1_02	0	0	0	0	230	1	1	1	0	1	1	1
AREB6_01	197	200	530	509	230	0.393204170787481	0.562323128023239	0.752757200926285	3.14477597613827	1	1	1
ARNTLBHLHA15_01	0	1	0	1	230	0.5	0.159709587610477	0.5	0	1	0.703798758130701	1
ARNTL_01	0	0	0	0	230	1	1	1	0	1	1	1
AR_02	171	153	334	302	230	0.973994771312009	0.951506016036552	0.904814147083244	10.5419958253233	1	1	1
AR_12	0	0	0	0	230	1	1	1	0	1	1	1
ATF3_05	4	0	4	0	230	1	0.977718131712781	1	0	1	1	1
ATF4TEF_01	8	5	8	5	230	0.870033770196786	0.800767748118494	0.86658025330311	4.58357383201815	1	1	1
BACH1_01	44	47	57	57	230	0.407511728220016	0.394224486385651	0.537286719886766	-2.14334307522271	1	1	1
BATF3_01	0	0	0	0	230	1	1	1	0	1	1	1
BATFJUN_01	7	5	9	5	230	0.809350191174956	0.725193763702507	0.910220303766644	3.88947165066012	1	1	1
BATF_04	1	0	1	0	230	1	0.842394505646199	1	0	1	1	1
BCL11A_03	14	9	16	10	230	0.900798629116136	0.858359635654468	0.915686702990275	4.36318806892005	1	1	1
BCL6_02	204	197	684	660	230	0.867738677470204	0.717114025640634	0.752638390114686	4.37130261380253	1	1	1
BEN_02	228	228	1966	1638	230	0.688319675061856	0.999981421784162	0.999999981393189	22.0163826324479	1	1	1
BMAL1_Q6	65	73	79	98	230	0.238202571722832	0.160359210713324	0.0879118528567824	-5.78479756544577	1	0.703798758130701	0.623272495253854
BRACH_01	0	0	0	0	230	1	1	1	0	1	1	1
BRN3B_01	0	1	0	1	230	0.5	0.159709587610477	0.5	0	1	0.703798758130701	1
BTEB3_Q5	222	216	2731	2407	230	0.93777973307412	0.998556305212507	0.99999742619698	29.4352703203006	1	1	1
CACCCBINDINGFACTOR_Q6	206	184	881	766	230	0.998679465224755	0.99944169912349	0.997908511850458	20.4513295292321	1	1	1
CARF_01	2	0	2	0	230	1	0.922026342705593	1	0	1	1	1
CDC5_01	26	34	29	41	230	0.166268729409095	0.127436319719023	0.0940928134470358	-6.24474977919157	1	0.703798758130701	0.642386738718652
CDPCR3_01	182	171	383	399	230	0.907372048778634	0.438840812665522	0.295712151780499	-3.24270869476763	1	1	1
CDP_01	202	208	763	963	230	0.227075357582036	0.000711612088704345	7.80551361850615e-07	-21.1846746900124	1	0.0340191710635404	2.69778064439619e-05
CDP_Q6_01	174	187	475	625	230	0.0865966783798193	0.00107055102291585	3.33468466287068e-06	-20.7582681870128	1	0.0372868400234606	9.70568746614465e-05
CEBPGELF1_01	30	21	34	21	230	0.93153378536069	0.915560476046349	0.970974713674662	11.3075989552179	1	1	1
CEBPG_Q6	191	204	880	1215	230	0.0538494401700704	0.000163508049156375	1.17156107615383e-13	-32.4767171821938	1	0.0168096486016398	3.23936637556534e-11
CIZ_03	0	0	0	0	230	1	1	1	0	1	1	1
CLOCKFIGLA_01	27	29	35	37	230	0.443371786983341	0.391602606010759	0.453143828595585	-1.6619331647178	1	1	1
CLOCKNHLH1_01	10	9	11	9	230	0.67974499528015	0.596468291398285	0.748281937844227	1.49171286866562	1	1	1
CMYB_01	0	0	0	0	230	1	1	1	0	1	1	1
CMYC_02	141	132	350	284	230	0.82874538329585	0.915956870511419	0.996147291771172	10.053580291351	1	1	1
COE2_02	0	0	0	0	230	1	1	1	0	1	1	1
CP2_01	229	224	1433	1496	230	0.992541032571925	0.177639040753265	0.125290811037845	-4.17269242424321	1	0.771600538679332	0.737083175573703
CPEB1_01	131	168	338	520	230	0.000208251856922775	2.83519928948582e-06	2.69774097733691e-10	-21.2820568593438	0.0575816384391472	0.00156786520708566	1.86481345058414e-08
CREB3L1_02	0	0	0	0	230	1	1	1	0	1	1	1
CREBP1_Q2	141	116	274	223	230	0.992731541286211	0.983364667340181	0.990238932675125	7.98973233640004	1	1	1
CRX_02	96	114	125	162	230	0.0557218719355551	0.0370340709904317	0.0166770367526966	-11.0582695584448	1	0.341330687628479	0.156311886851546
CTCF_04	193	170	735	616	230	0.997048451409106	0.979099489366185	0.999464336742765	19.6081769126525	1	1	1
CTCF_06	220	221	1347	1196	230	0.5	0.948901637804111	0.998746890092097	12.8608231316038	1	1	1
CTF1_01	183	180	569	503	230	0.676161171163818	0.93768406806508	0.979769760604862	5.32826243230774	1	1	1
CTIP2_01	0	0	0	0	230	1	1	1	0	1	1	1
CUX1HOXA13_01	1	1	1	1	230	0.750544662309368	0.501227835398965	0.750000494072123	0	1	1	1
CUX1HOXB13_01	1	2	1	2	230	0.5	0.282274967333875	0.5	-2.83006767599136	1	0.987962385668562	1
CUX1NHLH1_02	1	0	1	0	230	1	0.842394505646199	1	0	1	1	1
CUX1RFX5_01	1	2	1	2	230	0.5	0.282274967333875	0.5	-3.39229762172817	1	0.987962385668562	1
CUX1SRF_01	2	1	2	1	230	0.875816993464052	0.719422886698475	0.875000741108184	4.58401471096596	1	1	1
CUX1_06	0	0	0	0	230	1	1	1	0	1	1	1
CUX2_02	0	0	0	0	230	1	1	1	0	1	1	1
DEAF1_02	15	7	18	8	230	0.976518683229209	0.960142682089362	0.985522387132743	17.2909859356339	1	1	1
DEC_Q1	192	188	499	510	230	0.730645881592652	0.395384286932223	0.376340874839155	-1.47929205983004	1	1	1
DLX3_01	145	149	367	469	230	0.385453497597002	0.035204831792405	0.000232658913648012	-17.1534913240662	1	0.340181235319496	0.00443656480163277
DMRT2_01	10	16	11	16	230	0.156386737572434	0.116017860521056	0.221028025768831	-5.77994228315407	1	0.682530604980256	1
DRRS_02	13	11	15	11	230	0.734895485551024	0.669949448871403	0.836536465745989	3.56858251341237	1	1	1
E2F1EOMES_02	10	6	12	6	230	0.898975781883557	0.848740857004851	0.951876718308297	9.74954660712953	1	1	1
E2F1HES7_02	7	5	8	5	230	0.809350191174956	0.723075388698204	0.86658025330311	5.95117623802671	1	1	1
E2F1NHLH1_01	8	7	9	7	230	0.699435604453719	0.606935505818568	0.772754476864035	3.06257160438253	1	1	1
E2F2_05	0	0	0	0	230	1	1	1	0	1	1	1
E2F3DRGX_01	2	5	2	5	230	0.224763551832673	0.127200699575629	0.226560878816236	-4.51763015194959	1	0.703798758130701	1
E2F3FOXI1_01	16	10	16	10	230	0.921794957033896	0.887050429292205	0.915686702990275	7.05899137786529	1	1	1
E2F3ONECUT2_01	0	0	0	0	230	1	1	1	0	1	1	1
E2F7_01	0	0	0	0	230	1	1	1	0	1	1	1
E2F_01	223	220	1007	967	230	0.838447947373321	0.608440236828384	0.822414394777689	6.75822623517284	1	1	1
E4BP4_01	6	6	7	6	230	0.614291942552324	0.503547641022251	0.709475140157215	0	1	1	1
EGR3_05	0	0	0	0	230	1	1	1	0	1	1	1
EGR4_02	0	0	0	0	230	1	1	1	0	1	1	1
EGR_Q6	163	144	636	591	230	0.976192846255241	0.993841606583718	0.905723865678092	6.87088464346431	1	1	1
ELK1FOXI1_01	0	0	0	0	230	1	1	1	0	1	1	1
ELK1HOXA3_01	3	4	3	4	230	0.5	0.3524162835438	0.5	-2.45048994930911	1	1	1
ELK1PAX9_01	0	0	0	0	230	1	1	1	0	1	1	1
ELK1SREBF2_02	0	1	0	1	230	0.5	0.159709587610477	0.5	0	1	0.703798758130701	1
ERBETA_Q5	182	180	566	386	230	0.633616054227889	0.947915564117145	0.99999999805895	31.0868602768457	1	1	1
ERFCLOCK_01	8	2	9	2	230	0.989919171760641	0.972594431186479	0.994141049585678	21.4959526810044	1	1	1
ERFMAX_01	0	0	0	0	230	1	1	1	0	1	1	1
ERFONECUT2_01	2	1	2	1	230	0.875816993464052	0.719422886698475	0.875000741108184	4.24435045244076	1	1	1
ERFSREBF2_02	1	1	1	1	230	0.750544662309368	0.501227835398965	0.750000494072123	0	1	1	1
ESRRG_02	0	0	0	0	230	1	1	1	0	1	1	1
ETS1_03	0	0	0	0	230	1	1	1	0	1	1	1
ETV2ONECUT2_01	1	0	1	0	230	1	0.842394505646199	1	0	1	1	1
ETV2RFX5_02	0	0	0	0	230	1	1	1	0	1	1	1
ETV2SPDEF_01	0	0	0	0	230	1	1	1	0	1	1	1
ETV2TBX21_03	1	2	1	2	230	0.5	0.282274967333875	0.5	-3.46520100223333	1	0.987962385668562	1
ETV2TCF3_01	6	15	6	15	230	0.0358073463655922	0.0223626014791232	0.0391738727283276	-9.33186212196383	1	0.307787722968002	0.313958719112539
ETV5EOMES_01	53	48	64	58	230	0.750356047223191	0.706426280786684	0.736816831459265	4.16984732389429	1	1	1
ETV5HES7_01	153	120	515	347	230	0.999389187949712	0.999611306195516	0.999999996246991	34.5484041580708	1	1	1
ETV6_01	1	3	1	3	230	0.311680324938145	0.158388500467665	0.312499258889619	-4.39801054132964	1	0.703798758130701	1
ETV7TBX21_01	3	3	3	3	230	0.65727797038133	0.500712007864039	0.656250926390722	0	1	1	1
EVI1_01	2	6	2	6	230	0.142374893175963	0.077285027402847	0.144529304581405	-6.37839454597182	1	0.519264193817319	0.83254901493247
EVI1_03	16	12	17	14	230	0.835167798881475	0.777255693114362	0.763442003486141	2.49389515744942	1	1	1
EVI1_09	0	0	0	0	230	1	1	1	0	1	1	1
EVX2_03	205	201	959	1225	230	0.765408197527159	0.00180219306120247	6.36996641472139e-09	-21.9037340269092	1	0.058624280167351	3.20235584303721e-07
EVX2_04	0	4	0	4	230	0.0616839004018821	0.0225143045202153	0.0624992588925483	0	1	0.307787722968002	0.460827868901056
FKHL14_Q2	54	47	73	73	230	0.816200204410558	0.767261121354524	0.532964967576571	2.94621359183253	1	1	1
FLI1CEBPB_01	0	0	0	0	230	1	1	1	0	1	1	1
FOXC1_Q4	153	163	411	506	230	0.182775566703644	0.00472409401886434	0.000937295502866109	-12.1158226739974	1	0.118746545110544	0.0146958327903766
FOXD2_04	0	0	0	0	230	1	1	1	0	1	1	1
FOXG1_01	0	0	0	0	230	1	1	1	0	1	1	1
FOXG1_02	0	0	0	0	230	1	1	1	0	1	1	1
FOXI1_03	0	0	0	0	230	1	1	1	0	1	1	1
FOXJ2_02	147	163	489	722	230	0.0677942250451371	0.00104182736501858	1.07875571713048e-11	-28.6798431062788	1	0.0372868400234606	9.94253185955261e-10
FOXJ2_03	2	1	2	1	230	0.875816993464052	0.719422886698475	0.875000741108184	3.46696529978294	1	1	1
FOXL2_Q2	58	74	78	110	230	0.0609484308303886	0.0338646804671917	0.0117414940280133	-10.9360406721639	1	0.334413719613518	0.113913091184059
FOXL2_Q5	140	176	277	409	230	0.000206812248937943	1.94569134347799e-05	2.58659563565585e-07	-20.4764928628467	0.0575816384391472	0.00358655770981109	1.09135408856759e-05
FOXM1_Q3	208	206	1092	1289	230	0.679281757770677	0.0230736765137764	2.80816110440481e-05	-17.8057495255646	1	0.307787722968002	0.000705869586698118
FOXN4_01	230	228	3605	2995	230	1	0.999957394023881	0.999999999999982	44.312757373873	1	1	1
FOXO1ETV7_01	5	2	5	2	230	0.938929704182632	0.87348737153786	0.937501296939322	9.40851982490864	1	1	1
FOXO3_01	145	152	295	381	230	0.279351062132216	0.101739964368512	0.000527672066633948	-12.4181855730739	1	0.611545655388988	0.00858243096613451
FOXO3_03	0	0	0	0	230	1	1	1	0	1	1	1
FOXO6_03	1	1	1	1	230	0.750544662309368	0.501227835398965	0.750000494072123	0	1	1	1
FOXP1_01	0	1	0	1	230	0.5	0.159709587610477	0.5	0	1	0.703798758130701	1
FXR_Q3	123	130	195	231	230	0.286973747895282	0.0843523578464776	0.0448395699710057	-7.03116194689447	1	0.542405277780257	0.34439280824953
GATA5_06	37	53	44	63	230	0.0387614251738057	0.0323009541535448	0.0406604524488221	-6.04806768408463	1	0.333155995823214	0.321217574345695
GATAD2A_01	230	225	1565	1434	230	1	0.960757773946525	0.992194339584823	7.84700606624098	1	1	1
GCM1CEBPB_01	0	0	0	0	230	1	1	1	0	1	1	1
GCM1ELF1_02	41	36	47	41	230	0.773098190776281	0.729833357431956	0.772149008106233	3.48918299457464	1	1	1
GCM1ELK3_01	1	0	1	0	230	1	0.842394505646199	1	0	1	1	1
GCM1ETV4_01	15	11	15	12	230	0.843613262427566	0.786523349696963	0.778971974231169	3.202858087828	1	1	1
GCM1ETV7_01	3	4	3	4	230	0.5	0.3524162835438	0.5	-2.39892529968552	1	1	1
GCM1FOXI1_01	29	25	35	30	230	0.765408197527159	0.721206875851373	0.771504115500562	3.26860471077341	1	1	1
GCM1MAX_03	0	0	0	0	230	1	1	1	0	1	1	1
GCM1NHLH1_01	47	41	61	49	230	0.796619951734899	0.790884160873494	0.892536677180224	7.28050513401661	1	1	1
GCM1ONECUT2_01	0	1	0	1	230	0.5	0.159709587610477	0.5	0	1	0.703798758130701	1
GCM1PITX1_02	67	66	89	99	230	0.581456252458373	0.511109229054155	0.255800532029175	-3.07858652487111	1	1	1
GCM1SOX2_01	3	0	3	0	230	1	0.958925632573509	1	0	1	1	1
GCM1TBX21_02	9	12	9	14	230	0.328036173346696	0.246410816873913	0.202431056360982	-6.97458018036993	1	0.952903368750168	1
GCM1_05	8	9	11	12	230	0.5	0.406258318894109	0.5	-2.49105313580364	1	1	1
GCM2E2F8_01	82	95	169	169	230	0.125065373658783	0.181836021760486	0.521690801084423	-5.86550907993179	1	0.779498604911229	1
GCM2HES7_01	108	83	178	149	230	0.993104539656837	0.974567674710643	0.951571114452206	11.1005652339118	1	1	1
GCM2HOXA13_01	2	3	2	3	230	0.5	0.327357341176382	0.5	-2.23758431050104	1	1	1
GCM2MAX_01	64	54	83	71	230	0.87991802952163	0.841324368916686	0.852630023919533	5.4839727798182	1	1	1
GCM2SOX15_01	26	30	28	30	230	0.334559429985813	0.297426966883216	0.447838617375721	-1.6553696304186	1	1	1
GCM2TBX21_02	3	2	3	2	230	0.813866125103093	0.674051351970561	0.812501235183968	2.74021207662224	1	1	1
GCNF_01	2	3	2	3	230	0.5	0.327357341176382	0.5	-2.45073717055715	1	1	1
GFI1B_01	149	168	331	380	230	0.0348015266813375	0.0330062971956777	0.0357821555478305	-8.33549601807404	1	0.333155995823214	0.299811091181065
GLI3_03	0	0	0	0	230	1	1	1	0	1	1	1
GLIS1_01	0	0	0	0	230	1	1	1	0	1	1	1
GMEB2_02	0	1	0	1	230	0.5	0.159709587610477	0.5	0	1	0.703798758130701	1
GMEB2_03	0	3	0	3	230	0.124183006535948	0.0415193142305853	0.124999258891816	0	1	0.353233550300211	0.737083175573703
GRE_C	226	224	1733	1646	230	0.830829352703695	0.921844463023663	0.935618558358415	10.2862250053776	1	1	1
GRHL1_01	1	3	1	3	230	0.311680324938145	0.158388500467665	0.312499258889619	-4.69141599378541	1	0.703798758130701	1
GZF1_01	0	0	0	0	230	1	1	1	0	1	1	1
HELIOS_01	0	0	0	0	230	1	1	1	0	1	1	1
HES1_Q2	200	188	574	519	230	0.95260286863696	0.936249105190056	0.955050962518872	9.1031830750148	1	1	1
HES5_01	0	1	0	2	230	0.5	0.159709587610477	0.249999505927877	0	1	0.703798758130701	1
HESX1_02	0	2	0	3	230	0.249455337690632	0.0788755737444029	0.124999258891816	0	1	0.519264193817319	0.737083175573703
HIC1_03	160	148	391	317	230	0.901274864774933	0.990369830512092	0.997620864735684	16.8948822426778	1	1	1
HIC2_01	223	214	1147	998	230	0.984838049665198	0.982126133385273	0.999416514016745	13.7275250416717	1	1	1
HIC2_03	0	0	0	0	230	1	1	1	0	1	1	1
HIF1_Q5	153	129	360	296	230	0.991706326654933	0.977797222531878	0.994476829664483	9.49130234201492	1	1	1
HINFP_02	0	0	0	0	230	1	1	1	0	1	1	1
HINFP_03	0	0	0	0	230	1	1	1	0	1	1	1
HMX1_01	1	0	1	0	230	1	0.842394505646199	1	0	1	1	1
HNF1B_01	171	178	479	677	230	0.256670594492916	0.000799727348690824	3.0410902863453e-09	-27.838435640929	1	0.0340191710635404	1.86858103149883e-07
HNF1_C	59	76	85	122	230	0.0505863328883539	0.0314927607393392	0.00607016892876784	-13.6765128247667	1	0.333155995823214	0.0685061921960942
HNF3B_01	121	150	339	468	230	0.00394414130362894	0.0022641758738555	3.11443339341638e-06	-18.8536171086253	0.363518356817801	0.0673494585137861	9.56823148088476e-05
HNF4A_09	196	192	502	473	230	0.739328686688312	0.798630232616926	0.831897235942819	3.57008480616829	1	1	1
HNF4GAMMA_01	0	0	0	0	230	1	1	1	0	1	1	1
HNF6_Q6	53	64	58	90	230	0.142155429030671	0.0704787076737777	0.00528566736474994	-11.225169238261	1	0.519264193817319	0.0621909372916322
HOX13_01	153	163	310	381	230	0.182775566703644	0.0310619161641093	0.003829911335451	-19.7595959358118	1	0.333155995823214	0.0492544411280093
HOXB13EOMES_01	193	187	575	694	230	0.80535322651919	0.00750285801317574	0.000452026534498882	-17.3315189202964	1	0.153669647455044	0.00762462018813858
HOXB13TBX3_01	36	31	40	34	230	0.786039610810823	0.743177918477803	0.792024499606562	3.96712711768003	1	1	1
HOXB2ELK1_02	1	0	1	0	230	1	0.842394505646199	1	0	1	1	1
HOXB2ESRRB_01	0	0	0	0	230	1	1	1	0	1	1	1
HOXB2PITX1_01	35	39	39	48	230	0.351809671810659	0.276782007749559	0.195575069507071	-4.70957596009639	1	0.987962385668562	1
HOXB2RFX5_01	25	39	28	44	230	0.0396365849663965	0.0296577742466079	0.038174143180568	-10.3495721156587	1	0.333155995823214	0.310445605571384
HOXB2_03	1	0	1	0	230	1	0.842394505646199	1	0	1	1	1
HOXC10TBX21_01	4	6	4	6	230	0.375594952227895	0.261945125742038	0.376951909104968	-3.00099678039072	1	0.987962385668562	1
HOXD10_Q2	57	77	89	140	230	0.0254962557873398	0.0161267995277357	0.000454995418098685	-10.793602864995	1	0.26229765114229	0.00762462018813858
HOXD12EOMES_01	2	1	2	1	230	0.875816993464052	0.719422886698475	0.875000741108184	5.29262047874252	1	1	1
HOXD12ETV4_01	0	0	0	0	230	1	1	1	0	1	1	1
HOXD12TBX21_01	2	0	2	0	230	1	0.922026342705593	1	0	1	1	1
HOXD13_01	103	129	189	281	230	0.0098181527478644	0.000786499407136456	1.26558666702947e-05	-20.9005718059644	0.603270941063223	0.0340191710635404	0.000333271155651093
HOXD13_04	6	10	6	10	230	0.22318039321892	0.154898895782138	0.227245523135965	-4.05080063260642	1	0.703798758130701	1
HOXD9_Q2	100	132	161	242	230	0.00189732522386693	0.000625277110801988	3.17908496291818e-05	-15.5403500105076	0.264208226398506	0.0340191710635404	0.000748945600283251
HSF2_02	46	60	50	79	230	0.0749219338256841	0.035716360796105	0.00668434785953917	-9.81093481592928	1	0.340181235319496	0.0739288873265033
HSF2_Q6	24	28	26	33	230	0.32950723969252	0.264965746401234	0.217482960562033	-3.88832340897233	1	0.987962385668562	1
HSFY1_01	23	20	35	28	230	0.738923950426306	0.690834719414407	0.843263576512338	4.51241007339975	1	1	1
IK1_01	230	227	1832	1535	230	1	0.999873645556972	0.999999873885501	20.5578900393788	1	1	1
IK3_01	227	223	1508	1360	230	0.947227198656311	0.993536809030031	0.997370423618702	13.8656822134901	1	1	1
IRF4_05	1	0	1	0	230	1	0.842394505646199	1	0	1	1	1
IRF4_09	157	114	375	173	230	0.999985681803037	0.999996914828735	1	36.6878038129187	1	1	1
IRF4_Q5	70	42	102	52	230	0.999219646341345	0.999451397791328	0.999983167005629	22.1049458893035	1	1	1
IRF7_04	1	0	1	0	230	1	0.842394505646199	1	0	1	1	1
IRF7_Q3	135	112	357	182	230	0.98764247653203	0.994171197077252	0.99999999999999	28.5657984536407	1	1	1
ISL2_03	224	219	1657	1801	230	0.931990964343686	0.0233762827570634	0.00733518704338396	-8.71297193765058	1	0.307787722968002	0.0765350648111572
ISRE_01	49	44	69	52	230	0.756891677266274	0.765493591518553	0.949336576412446	7.33039109129819	1	1	1
KAISO_01	60	64	83	76	230	0.376337083784858	0.439260872305569	0.737070319137269	2.39298420210432	1	1	1
KAISO_Q2	224	216	3769	3488	230	0.981447522869477	0.990080701332682	0.999573038807121	22.3041787702484	1	1	1
KLF13_01	1	4	3	4	230	0.186133874896907	0.0904893404953286	0.5	-2.24375608428808	1	0.56225399206648	1
KLF8_01	6	4	6	4	230	0.830829352703695	0.738958349288521	0.828127431780452	2.91687419869604	1	1	1
KLF9_01	48	42	57	54	230	0.794618845329209	0.727759588760135	0.647825837250411	1.51787209129498	1	1	1
LBX2_03	216	212	1506	1902	230	0.820140074869442	0.00107882358114895	5.35727913405099e-12	-29.1838555468957	1	0.0372868400234606	5.9251507222604e-10
LEF1_05	138	148	254	308	230	0.193453083036582	0.0654240687860605	0.0126026561838632	-11.9177474033536	1	0.488912297820155	0.120159808097868
LHX2_03	1	7	1	11	230	0.0339687633645024	0.0160867613456269	0.00317354153164953	-8.53744265841789	1	0.26229765114229	0.0428747229468662
LHX3_01	106	126	385	517	230	0.0381549861302002	0.00580615388946604	6.12669957241168e-06	-17.2081324152185	1	0.128432124034989	0.000169403243177183
LHX6_06	0	0	0	0	230	1	1	1	0	1	1	1
LHX6_07	0	0	0	0	230	1	1	1	0	1	1	1
LRF_Q6	196	167	807	731	230	0.999719461826434	0.991792297743009	0.975391765003949	10.3562896680115	1	1	1
LYF1_01	210	209	648	705	230	0.628074410578849	0.222593673946731	0.0636795150392905	-6.44933300667144	1	0.883496895641192	0.463352260746416
MAFA_Q4_01	202	198	594	519	230	0.755473955267984	0.951283680198666	0.988734332922605	11.9650815129022	1	1	1
MAFB_Q4	224	223	1089	945	230	0.71225646474003	0.997564268346984	0.999365272902771	14.9612187159831	1	1	1
MAFF_01	2	2	2	3	230	0.688319675061856	0.499129892913721	0.5	0	1	1	1
MAFF_04	0	1	0	1	230	0.5	0.159709587610477	0.5	0	1	0.703798758130701	1
MAX_11	14	13	15	13	230	0.6538523558319	0.583240706296183	0.714211281321378	0.962583872955515	1	1	1
MEF2_01	0	0	0	0	230	1	1	1	0	1	1	1
MEF2_04	71	102	103	181	230	0.00191109024519715	0.000329662021448344	2.13519103030757e-06	-26.0740754717	0.264208226398506	0.0260432996944192	6.94565082211817e-05
MEIS1AHOXA9_01	216	213	1090	1350	230	0.771276963097902	0.000600048325410646	7.1737435497569e-08	-25.3449715329164	1	0.0340191710635404	3.30590015251297e-06
MEIS1DLX3_01	7	12	8	12	230	0.174515819357566	0.123641486125434	0.251718062155773	-4.20466053577494	1	0.703798758130701	1
MEIS1DRGX_01	193	196	510	586	230	0.398241629704276	0.0449561172622769	0.011645484381262	-9.64354187018003	1	0.371055714119987	0.113913091184059
MEIS1EOMES_01	227	217	1310	1045	230	0.998203708800526	0.991868057432646	0.999999980986788	24.8950333102969	1	1	1
MEIS1SOX2_01	6	2	6	2	230	0.966031236635498	0.923162669670132	0.964844830779564	11.2260301203556	1	1	1
MEIS1_02	32	50	35	59	230	0.0189587764132256	0.0124640520031764	0.00859966154379429	-12.1393253581847	1	0.229754025258551	0.0864656878857862
MEIS1_06	0	1	0	1	230	0.5	0.159709587610477	0.5	0	1	0.703798758130701	1
MEIS2ONECUT2_01	0	1	0	1	230	0.5	0.159709587610477	0.5	0	1	0.703798758130701	1
MEIS2_05	0	0	0	0	230	1	1	1	0	1	1	1
MEOX2_03	2	2	2	2	230	0.688319675061856	0.500870113308409	0.687500741110381	0	1	1	1
MGADLX2_01	6	5	7	5	230	0.728075920915526	0.622781979174585	0.806155209785458	2.89937457513183	1	1	1
MIBP1_Q6	147	141	250	268	230	0.749992572810978	0.474242374308214	0.227451376074878	-3.77955309489952	1	1	1
MIZF_03	0	0	0	0	230	1	1	1	0	1	1	1
MRF2_01	18	21	20	24	230	0.369112719462767	0.305246747723508	0.325786791187181	-2.97406158906925	1	1	1
MSX1_01	181	180	452	569	230	0.58970467490417	0.00838329730637031	0.000137588513639477	-13.5429969599043	1	0.165570121800814	0.00271737314437967
MSX1_Q5	24	30	26	37	230	0.234591802472841	0.178598316367006	0.103669790967264	-7.47843638149597	1	0.771600538679332	0.690715595239723
MSX2_03	1	2	1	2	230	0.5	0.282274967333875	0.5	-3.00142692367798	1	0.987962385668562	1
MSX2_Q3	196	199	656	881	230	0.394557358150986	0.000144318282539007	4.95742520798638e-09	-24.055032732617	1	0.0168096486016398	2.74145614001647e-07
MTF1_01	227	219	1136	1081	230	0.994167925515955	0.931222330276078	0.883363582004426	7.47320885973968	1	1	1
MTF1_07	1	0	1	0	230	1	0.842394505646199	1	0	1	1	1
MYBL1ELF1_01	0	0	0	0	230	1	1	1	0	1	1	1
MYBL1FIGLA_01	6	3	6	3	230	0.912307844870526	0.843822357331182	0.91015819541475	7.48445097500034	1	1	1
MYBL1HOXA13_01	2	2	2	2	230	0.688319675061856	0.500870113308409	0.687500741110381	0	1	1	1
MYBL1ONECUT2_01	13	21	14	23	230	0.105860649837823	0.0768050250096593	0.0938627002422125	-7.05405976541266	1	0.519264193817319	0.642386738718652
MYBL2_02	6	5	6	6	230	0.728075920915526	0.617230859723433	0.6127943062385	0.64827346709736	1	1	1
MYBL2_03	0	0	0	0	230	1	1	1	0	1	1	1
MYBL2_05	2	2	4	4	230	0.688319675061856	0.500870113308409	0.63671983079238	0	1	1	1
MYOD_01	0	0	0	0	230	1	1	1	0	1	1	1
MYOGNF1_01	228	223	2016	1866	230	0.981380777139775	0.983069938116632	0.992515700496088	20.494955023023	1	1	1
NERF_Q2	227	220	1190	1076	230	0.989667156758664	0.976026358485854	0.992275856142204	13.6392377266496	1	1	1
NFAT5_02	0	1	0	1	230	0.5	0.159709587610477	0.5	0	1	0.703798758130701	1
NFATC1_01	1	2	1	2	230	0.5	0.282274967333875	0.5	-3.16355530022329	1	0.987962385668562	1
NFATC1_02	2	1	2	2	230	0.875816993464052	0.717724106561301	0.687500741110381	3.60812659678844	1	1	1
NFATC1_03	0	1	0	2	230	0.5	0.159709587610477	0.249999505927877	0	1	0.703798758130701	1
NFIA_03	20	18	20	18	230	0.694051316500411	0.632733864981117	0.68645523346482	1.37537025875095	1	1	1
NFKB_C	142	143	284	285	230	0.5	0.646743804686475	0.5	-4.11642732146545	1	1	1
NFY_C	162	165	371	348	230	0.418543747541627	0.840841260006091	0.814784115438664	6.23144028993158	1	1	1
NKX22_01	118	137	224	317	230	0.0455998677926471	0.00572875828349262	3.64650954214507e-05	-15.5515076877033	1	0.128432124034989	0.000806607910722491
NKX23_04	1	5	1	5	230	0.107839797536026	0.0504842835620084	0.109373610419409	-7.64353065426375	1	0.393208574785784	0.703297750720152
NKX25_03	222	219	1235	1360	230	0.825484180642434	0.0447178962952573	0.00732672722727178	-12.5452806489482	1	0.371055714119987	0.0765350648111572
NKX31_06	116	116	166	182	230	0.537142352579081	0.397547967823077	0.210614075231741	-3.45619585151705	1	1	1
NKX61_01	52	77	78	119	230	0.00628578788158067	0.00414822787067288	0.00212390166728924	-13.633893527399	0.434505087314264	0.109236667261053	0.0301158364618193
NKX62_Q2	126	141	298	434	230	0.0929294399867112	0.00231572000025611	2.76292174320909e-07	-19.1543755074107	1	0.0673494585137861	1.09135408856759e-05
NOR1_02	0	1	0	1	230	0.5	0.159709587610477	0.5	0	1	0.703798758130701	1
NR2E1_02	20	20	21	23	230	0.565599088345264	0.488824166188224	0.44019531038248	-1.25463465291531	1	1	1
NR2F1_05	186	181	548	426	230	0.756891677266274	0.912930690180898	0.999960907692992	18.4857619575109	1	1	1
NR4A2_02	2	0	4	0	230	1	0.922026342705593	1	0	1	1	1
NR4A2_03	0	0	0	0	230	1	1	1	0	1	1	1
NR4A2_04	5	7	5	7	230	0.385708057447676	0.279904622274105	0.3872056937615	-2.45055768254414	1	0.987962385668562	1
NRF1_02	6	1	17	4	230	0.992541032571925	0.971213136985716	0.999255338270113	16.3105639715766	1	1	1
NRSF_01	2	1	2	1	230	0.875816993464052	0.719422886698475	0.875000741108184	4.36050491150368	1	1	1
OCT1_01	90	110	154	189	230	0.0369055923469207	0.0378938186919812	0.0330673552289426	-11.4996266280331	1	0.343529208797797	0.281326883717004
OCT1_06	206	210	1118	1466	230	0.317398715329063	0.000385934204098663	3.59461153539414e-12	-28.3637309196067	1	0.0266777018583201	4.9695504476824e-10
OLF1_01	132	110	194	192	230	0.984187017601513	0.898204068977902	0.560691234059102	-1.28505277009735	1	1	1
OSR2_05	0	0	0	0	230	1	1	1	0	1	1	1
OTX2_Q3	44	43	49	51	230	0.594048917571495	0.519329395548981	0.46020144845278	-0.991553798963502	1	1	1
P73_Q6	102	91	155	135	230	0.871567848929015	0.836789696658896	0.89134254644852	7.22162268700985	1	1	1
PAX1_B	0	0	0	0	230	1	1	1	0	1	1	1
PAX2_01	185	184	446	527	230	0.592488271779984	0.0329417573548628	0.00510877048713436	-14.7435105994121	1	0.333155995823214	0.0614163060735935
PAX2_Q2	204	196	688	515	230	0.893744341554374	0.999657256999708	0.999999756173122	22.1170853817402	1	1	1
PAX3_01	230	229	2001	1854	230	1	0.970670823732103	0.991645787652336	11.962788214873	1	1	1
PAX5_01	230	225	3086	2433	230	1	0.99999488031751	1	58.4558687520648	1	1	1
PAX5_Q6	226	218	1107	961	230	0.990430758995676	0.981103294727601	0.999403154407429	14.8260953702388	1	1	1
PAX9_01	0	0	0	0	230	1	1	1	0	1	1	1
PBX1_02	100	106	138	173	230	0.319627356205319	0.123511178171087	0.0268056597768406	-9.01305315756861	1	0.703798758130701	0.239089191235368
PBX1_05	228	220	1030	1032	230	0.997133513027085	0.571404973763301	0.49119762666495	-0.175737911931863	1	1	1
PBX4_01	0	0	0	0	230	1	1	1	0	1	1	1
PIT1_Q6	180	178	642	794	230	0.631774713402106	0.0300501872621301	3.25039681858915e-05	-22.5913848413197	1	0.333155995823214	0.000748945600283251
PITX1EOMES_01	30	36	31	38	230	0.253137548184054	0.208967540104481	0.235169078443796	-4.42389498153227	1	0.849698894689546	1
PITX1FIGLA_01	21	25	24	27	230	0.320718242229323	0.27501259411949	0.389878524363131	-2.51137607332635	1	0.987962385668562	1
PITX1HES7_01	0	3	0	3	230	0.124183006535948	0.0415193142305853	0.124999258891816	0	1	0.353233550300211	0.737083175573703
PITX1TBX21_01	0	0	0	0	230	1	1	1	0	1	1	1
PLAG1_02	175	150	1105	1297	230	0.99618055296415	0.908032528365966	4.64644174176605e-05	-9.2305803840319	1	1	0.000988262416614087
PLAG1_04	0	3	0	3	230	0.124183006535948	0.0415193142305853	0.124999258891816	0	1	0.353233550300211	0.737083175573703
PLAG1_06	0	0	0	0	230	1	1	1	0	1	1	1
PLAG1_08	0	0	0	0	230	1	1	1	0	1	1	1
PLAGL2_02	0	0	0	0	230	1	1	1	0	1	1	1
PLAGL2_03	46	38	55	44	230	0.861318188225386	0.817080679646929	0.886209684998091	4.03335123598909	1	1	1
PLAGL2_05	0	1	0	1	230	0.5	0.159709587610477	0.5	0	1	0.703798758130701	1
PLZFB_Q3	171	177	474	556	230	0.293559723921179	0.0331348639607175	0.00574327834185973	-9.72442497690816	1	0.333155995823214	0.066167352563509
POU2F1DLX2_01	0	0	0	0	230	1	1	1	0	1	1	1
POU2F1EOMES_01	174	173	383	382	230	0.585713371534784	0.422067835111863	0.528841115231487	-0.217745554318405	1	1	1
POU2F1ETV4_01	0	0	0	0	230	1	1	1	0	1	1	1
POU2F1FOXO6_01	2	5	2	5	230	0.224763551832673	0.127200699575629	0.226560878816236	-7.26856267423875	1	0.703798758130701	1
POU2F1HOXB13_01	11	12	11	17	230	0.5	0.399901255440441	0.172457506086487	-5.19877829543979	1	1	0.944247533325022
POU2F1SOX2_01	12	12	13	12	230	0.582776017745236	0.504722239575657	0.654984692678993	1.08115085667518	1	1	1
POU2F1TBX21_01	5	4	5	5	230	0.748259630731059	0.629459465944849	0.623048090895032	2.23710478282838	1	1	1
POU3F1_Q6	167	178	511	616	230	0.140778486729109	0.0194067301935976	0.000956690742230664	-17.3851764649108	1	0.298108938807207	0.0146958327903766
POU3F2_01	167	172	723	988	230	0.335982876345532	0.00555247769671793	7.48985133501157e-11	-21.4570416897596	1	0.128432124034989	5.91698255465914e-09
POU4F2_01	0	0	0	0	230	1	1	1	0	1	1	1
POU4F2_02	8	14	9	15	230	0.137209727729569	0.0963318760121206	0.153722351658206	-4.69186511296559	1	0.585401400381348	0.858671317848361
POU5F1_01	219	215	1731	1887	230	0.843613262427566	0.0899923834758263	0.00484786899650533	-10.7329424731819	1	0.56225399206648	0.0595749234459433
POU6F2_01	0	0	0	0	230	1	1	1	0	1	1	1
PPARG_02	229	224	2637	2830	230	0.992541032571925	0.0489357512246102	0.00451259237354061	-14.3665291949654	1	0.393208574785784	0.056715081421999
PRDM10_01	0	0	0	0	230	1	1	1	0	1	1	1
PRDM12_01	3	4	3	4	230	0.5	0.3524162835438	0.5	-1.73384100666106	1	1	1
PRDM14_01	1	0	1	0	230	1	0.842394505646199	1	0	1	1	1
PRDM14_02	46	49	50	62	230	0.408956018072594	0.30056580414168	0.149269648445321	-5.42551426512345	1	1	0.850990882373841
PRDM15_01	18	12	20	13	230	0.90727218151404	0.872291456335106	0.918629028539809	5.77946355672263	1	1	1
PRDM15_02	0	0	0	0	230	1	1	1	0	1	1	1
PRDM15_03	0	0	0	0	230	1	1	1	0	1	1	1
PRDM15_04	1	5	1	5	230	0.107839797536026	0.0504842835620084	0.109373610419409	-6.00103109736588	1	0.393208574785784	0.703297750720152
PRDM16_05	157	166	292	341	230	0.207374808584031	0.111569579641316	0.0280867578066958	-5.5884770733025	1	0.663419113351053	0.246539318525441
PRDM1_03	170	160	309	292	230	0.872682307479248	0.747029747353897	0.768715962852573	2.56820139130126	1	1	1
PRDM4_01	0	0	0	0	230	1	1	1	0	1	1	1
PRDM5_02	1	0	1	0	230	1	0.842394505646199	1	0	1	1	1
PRDM5_03	2	0	2	0	230	1	0.922026342705593	1	0	1	1	1
PREP1_Q3	154	171	272	319	230	0.0505863328883539	0.0295765044036995	0.0291136614776523	-8.71741791023988	1	0.333155995823214	0.25156023120534
PROX1_01	2	0	2	0	230	1	0.922026342705593	1	0	1	1	1
PRRX2_05	0	0	0	0	230	1	1	1	0	1	1	1
PRX2_Q2	183	185	669	998	230	0.453630541248518	0.000182383167468063	3.44007873612477e-16	-28.9021272546371	1	0.0168096486016398	1.902363541077e-13
PSF_Q5	119	112	183	160	230	0.772150819777506	0.864052231353389	0.902603679187632	4.65677012696979	1	1	1
RARB_01	0	0	0	0	230	1	1	1	0	1	1	1
RBPJK_01	160	133	275	229	230	0.996726248546023	0.984885750217456	0.981948418697509	9.76141366861234	1	1	1
RELA_03	223	213	1146	1169	230	0.990349951885946	0.713492839382586	0.323375728405683	-1.59318811891683	1	1	1
REST_04	21	18	22	22	230	0.748191918754564	0.675137805037602	0.55980468961752	0	1	1	1
RFX2_02	0	0	0	0	230	1	1	1	0	1	1	1
RFX3BHLHA15_01	2	1	2	1	230	0.875816993464052	0.719422886698475	0.875000741108184	4.00197226897196	1	1	1
RFX3FIGLA_02	17	15	17	15	230	0.70845296224878	0.64316417469528	0.701698409329043	2.1616149378417	1	1	1
RFX3HES7_01	7	1	7	1	230	0.996328146277129	0.983791575659359	0.99609396615335	24.6181930485245	1	1	1
RFX3SREBF2_01	1	0	2	0	230	1	0.842394505646199	1	0	1	1	1
RFX3SRF_01	45	36	46	47	230	0.889620719988429	0.83513054620194	0.5	0.0157566502680214	1	1	1
RFX5_02	1	4	2	7	230	0.186133874896907	0.0895378340522785	0.08984180458525	-5.87472139033313	1	0.56225399206648	0.62889263209675
RFX_Q6	129	125	214	196	230	0.680372643794681	0.787406390958941	0.826057666750804	3.79804711633887	1	1	1
RLF_01	4	5	4	5	230	0.5	0.368882451144035	0.5	-1.48507099388841	1	1	1
ROAZ_01	0	1	0	2	230	0.5	0.159709587610477	0.249999505927877	0	1	0.703798758130701	1
RORA2_01	67	75	88	99	230	0.239969818365565	0.213689196174117	0.23231213291535	-4.0568414667631	1	0.862555660469245	1
RORA_05	0	0	0	0	230	1	1	1	0	1	1	1
RORA_06	0	0	0	0	230	1	1	1	0	1	1	1
RP58_01	10	14	10	15	230	0.265104514448976	0.198803489553811	0.212172335220762	-4.32207874346388	1	0.826603982881635	1
RREB1_01	207	192	1125	970	230	0.986395337390773	0.967230635503456	0.99968316334327	16.3445355354893	1	1	1
RREB1_04	0	0	0	0	230	1	1	1	0	1	1	1
RREB1_05	0	1	0	1	230	0.5	0.159709587610477	0.5	0	1	0.703798758130701	1
RREB_Q5	96	64	137	93	230	0.999398983060296	0.999028999618286	0.998541687690191	14.4286874572105	1	1	1
RUNX2_02	18	8	90	9	230	0.987691109430867	0.978883782529726	1	91.7500282708194	1	1	1
RUNX3_01	6	5	6	5	230	0.728075920915526	0.620264631641404	0.725588166640893	1.67456400517461	1	1	1
RXRA_05	0	0	0	0	230	1	1	1	0	1	1	1
SALL1_01	52	40	57	44	230	0.935299429208255	0.917830774591384	0.91838137662732	6.48347728305592	1	1	1
SALL1_03	13	16	14	19	230	0.350932582717452	0.279908368527955	0.243417961977961	-3.28597101630875	1	0.987962385668562	1
SALL3_01	79	92	103	116	230	0.123466082762418	0.0799826081180136	0.208696368962242	-3.84042618631926	1	0.520357438697194	1
SALL3_02	0	0	0	0	230	1	1	1	0	1	1	1
SATB1_Q3	25	47	33	60	230	0.00337300628486319	0.00243578511803928	0.0033450175923018	-13.6743436238177	0.363518356817801	0.0673494585137861	0.0440427316319738
SC1_01	0	0	0	0	230	1	1	1	0	1	1	1
SCRT2_01	1	2	1	2	230	0.5	0.282274967333875	0.5	-2.55167284623059	1	0.987962385668562	1
SIP1_Q6	2	1	2	1	230	0.875816993464052	0.719422886698475	0.875000741108184	3.60812659678844	1	1	1
SIX1_Q3	79	75	109	100	230	0.689310869756643	0.659144130194317	0.755440815449086	2.70910666614872	1	1	1
SIX3_Q6	125	139	272	348	230	0.110129316156534	0.0286490466984944	0.0012755934694306	-13.3358305369369	1	0.333155995823214	0.0190649510431114
SIX4_01	225	223	1135	1087	230	0.809350191174956	0.289241597647221	0.851245972725013	2.5685573401158	1	1	1
SMAD3_Q6	220	213	861	798	230	0.944471675176691	0.92972559589177	0.942255096625419	5.28452045474782	1	1	1
SMAD3_Q6_01	197	196	519	458	230	0.604155032521893	0.983172795921215	0.976481691714412	9.63405013779534	1	1	1
SMAD4_Q6	228	228	1915	1836	230	0.688319675061856	0.918621636922968	0.905089635104027	6.00071462333758	1	1	1
SMAD5_02	0	1	0	2	230	0.5	0.159709587610477	0.249999505927877	0	1	0.703798758130701	1
SMAD5_Q5	225	217	2204	1992	230	0.986131563979956	0.985280541000959	0.99952101145784	12.0133761235013	1	1	1
SMAD7_01	4	4	4	4	230	0.637922017072811	0.500617979669821	0.63671983079238	0	1	1	1
SNAP190_01	0	1	0	1	230	0.5	0.159709587610477	0.5	0	1	0.703798758130701	1
SOX10_03	0	0	0	0	230	1	1	1	0	1	1	1
SOX10_05	0	0	0	0	230	1	1	1	0	1	1	1
SOX10_08	181	193	401	489	230	0.0940709082289943	0.00689926395080325	0.00174528024650319	-12.7723156787056	1	0.146742037107469	0.0253984204293754
SOX18_Q5_01	39	52	42	61	230	0.0799630466367516	0.0532617945201245	0.0377946975717805	-7.72243481790238	1	0.4090801718004	0.310445605571384
SOX5_01	158	162	339	433	230	0.38060069380321	0.0271986372335859	0.000399121809811258	-12.6695481726543	1	0.333155995823214	0.0073571453608542
SOX6TBX21_01	72	71	83	90	230	0.57981137581348	0.519875734464705	0.324168454919866	-3.12787152637542	1	1	1
SOX8_07	0	0	0	0	230	1	1	1	0	1	1	1
SOX9_05	0	0	0	0	230	1	1	1	0	1	1	1
SOX9_09	139	144	270	288	230	0.350769451057447	0.240615612763153	0.235758624168683	-5.10837630638983	1	0.937045308859322	1
SOX_Q6	223	215	1075	1206	230	0.976518683229209	0.0137127920241292	0.00317877692734451	-11.4677697321816	1	0.244618515785273	0.0428747229468662
SP1SP3_Q4	120	123	637	762	230	0.425922071079847	0.5256337123513	0.000447205988800491	-8.0804717790603	1	1	0.00762462018813858
SP2_04	227	217	2035	1663	230	0.998203708800526	0.997372824686011	0.999999999639342	24.2005100500532	1	1	1
SP2_06	0	0	0	0	230	1	1	1	0	1	1	1
SP3_Q3	215	208	1326	1112	230	0.915239718960512	0.964986746657744	0.999993717185621	15.5635208376225	1	1	1
SP5_Q2	17	8	18	10	230	0.981117696265873	0.967169983940923	0.956425071046324	8.53736810020224	1	1	1
SPDEF_06	0	0	0	0	230	1	1	1	0	1	1	1
SPDEF_07	4	3	4	3	230	0.775236448167327	0.648811405467983	0.773439121183764	2.16172463503744	1	1	1
SPI1_06	179	152	393	314	230	0.998215843933409	0.998248784448681	0.998709504639306	16.0483123581428	1	1	1
SREBP1_02	221	215	1184	1013	230	0.929604962725513	0.995971822897447	0.999883054846515	14.7878227944306	1	1	1
SREBP1_Q5	187	168	422	379	230	0.986994717474398	0.96225040584651	0.940160792902688	8.04020593115337	1	1	1
SRF_01	6	8	7	9	230	0.39363434429135	0.295050838917291	0.401808139931598	-2.95914604422195	1	1	1
STAF_05	0	0	0	0	230	1	1	1	0	1	1	1
STAT1_10	127	139	274	267	230	0.149502616306826	0.378881793725288	0.634608483014132	-0.844373522562723	1	1	1
STAT3_01	116	138	311	318	230	0.0244146868661507	0.131235550405785	0.405415313520985	-3.61653994164064	1	0.703798758130701	1
STAT5A_02	227	219	1766	1804	230	0.994167925515955	0.312356356176188	0.267155198014107	-6.20492459638856	1	1	1
STAT5A_Q6	25	22	34	31	230	0.730784068099971	0.67196727422569	0.689938901730976	1.99827935136179	1	1	1
T3RBETA_Q6_01	180	171	486	372	230	0.86359217457772	0.953416072696474	0.999958383669288	21.9512608240517	1	1	1
TAL1BETAITF2_01	184	193	478	558	230	0.166043625076112	0.0263329963014284	0.00698720940882866	-10.5779320847287	1	0.330957885333861	0.0757632706486715
TAL1GATA1_02	17	11	17	12	230	0.91435301327387	0.875987731651826	0.867541429199505	5.91856997905089	1	1	1
TAL1_01	168	158	327	299	230	0.870525782629792	0.877621930584211	0.876943762761418	5.83837968628988	1	1	1
TAXCREB_01	186	159	474	412	230	0.998758701958831	0.99100170308976	0.982957950028964	10.2829867989975	1	1	1
TAXCREB_02	228	226	2026	1775	230	0.892160202463974	0.995974673473692	0.999979721759232	20.4890073163308	1	1	1
TBX15_02	0	0	0	0	230	1	1	1	0	1	1	1
TBX18_01	0	0	0	0	230	1	1	1	0	1	1	1
TBX1_01	0	0	0	0	230	1	1	1	0	1	1	1
TBX1_04	0	0	0	0	230	1	1	1	0	1	1	1
TBX1_05	1	0	2	0	230	1	0.842394505646199	1	0	1	1	1
TBX20_05	35	27	39	30	230	0.890541538714534	0.867889292327422	0.88581577116798	6.12886226872456	1	1	1
TBX21_01	0	0	0	0	230	1	1	1	0	1	1	1
TBX5CSX_Q5	1	2	1	2	230	0.5	0.282274967333875	0.5	-2.7403940758727	1	0.987962385668562	1
TBX5_04	0	0	0	0	230	1	1	1	0	1	1	1
TCF11MAFG_01	219	206	646	636	230	0.993589698865615	0.73593528945638	0.620803336075184	1.21386777741475	1	1	1
TEAD4ALX4_01	5	14	5	15	230	0.029097119440843	0.0174104697678954	0.0206927602778796	-9.99849793914008	1	0.275085422332747	0.18759174481422
TEAD4CEBPD_01	3	3	3	3	230	0.65727797038133	0.500712007864039	0.656250926390722	0	1	1	1
TEAD4CLOCK_01	47	55	58	61	230	0.216079939503026	0.215767949160251	0.427306544489664	-1.86002335974452	1	0.864635332504485	1
TEAD4ELK3_01	0	1	0	1	230	0.5	0.159709587610477	0.5	0	1	0.703798758130701	1
TEAD4EOMES_01	40	40	44	47	230	0.548915372446721	0.490002075245701	0.417033140856024	-2.02518143445057	1	1	1
TEAD4ERG_02	3	2	3	2	230	0.813866125103093	0.674051351970561	0.812501235183968	3.08346448043224	1	1	1
TEAD4ESRRB_01	13	16	13	18	230	0.350932582717452	0.27570607668371	0.236557996513859	-5.16754244058383	1	0.987962385668562	1
TEAD4ETV7_01	1	0	1	0	230	1	0.842394505646199	1	0	1	1	1
TEAD4FIGLA_01	4	2	5	2	230	0.892160202463974	0.795690044012	0.937501296939322	7.55085920160142	1	1	1
TEAD4FOXI1_01	42	30	49	39	230	0.95260286863696	0.925558640070854	0.879623915420309	5.75706825099051	1	1	1
TEAD4GATA3_01	19	9	20	10	230	0.984858624236665	0.973816713177132	0.978616068801715	12.6135712817485	1	1	1
TEAD4MAX_02	3	3	3	3	230	0.65727797038133	0.500712007864039	0.656250926390722	0	1	1	1
TEAD4ONECUT2_01	2	0	2	0	230	1	0.922026342705593	1	0	1	1	1
TEAD4RFX5_01	5	4	5	4	230	0.748259630731059	0.63221998502278	0.746095695426284	2.55050812425695	1	1	1
TEAD4SOX15_01	47	52	51	65	230	0.325055588761551	0.223670100162327	0.113610813336634	-6.97580185996179	1	0.883496895641192	0.722146893967338
TEAD4SOX6_01	5	10	5	10	230	0.146832783779872	0.0950970990258313	0.15087528389605	-6.74787258821403	1	0.584318841792052	0.851367673413427
TEF3_Q3	173	196	653	943	230	0.00488623722653132	1.12039403532993e-05	1.86414321998444e-13	-26.7694556298809	0.386012740895974	0.00309788950768724	3.43623733550465e-11
TEF_01	111	107	160	149	230	0.679685684399466	0.599261836109456	0.752622531098422	2.94013538680559	1	1	1
TEF_05	0	0	0	0	230	1	1	1	0	1	1	1
TEF_08	0	0	0	0	230	1	1	1	0	1	1	1
TFAP2B_04	20	26	40	45	230	0.218699311720578	0.18503300899285	0.33230947311405	-3.19090098839824	1	0.787101953638814	1
TFAP2CDLX3_03	37	26	42	33	230	0.948454596903963	0.923838130216553	0.875994682329753	7.51806358709227	1	1	1
TFAP2CELK1_01	2	3	2	3	230	0.5	0.327357341176382	0.5	-2.58312909756649	1	1	1
TFAP2CHOXB13_01	7	5	7	5	230	0.809350191174956	0.720949911438353	0.806155209785458	3.63419570716839	1	1	1
TFAP2CMAX_02	3	3	3	3	230	0.65727797038133	0.500712007864039	0.656250926390722	0	1	1	1
TFAP2CONECUT2_01	1	5	1	5	230	0.107839797536026	0.0504842835620084	0.109373610419409	-8.43997889231932	1	0.393208574785784	0.703297750720152
TFAP4MAX_02	1	1	1	1	230	0.750544662309368	0.501227835398965	0.750000494072123	0	1	1	1
TFCP2_03	8	3	9	3	230	0.968857798362505	0.93693182764775	0.980714005172318	11.1067920903648	1	1	1
TFE_Q6	122	109	190	174	230	0.904169669855273	0.826491948660192	0.813621274150831	1.17253369279853	1	1	1
TFIIIA_03	0	0	0	0	230	1	1	1	0	1	1	1
TFIIIA_04	0	0	0	0	230	1	1	1	0	1	1	1
TFIII_Q6	214	209	859	835	230	0.848181351415732	0.735335937153006	0.728543031095099	2.10417906734659	1	1	1
TFIII_Q6_01	228	215	1091	998	230	0.999891809954801	0.952739944698299	0.980356357881937	8.53638224582858	1	1	1
THAP1_01	230	224	2273	2067	230	1	0.977888901088052	0.999200902841873	13.346477331247	1	1	1
THRA_01	0	0	0	0	230	1	1	1	0	1	1	1
THRB_02	0	0	0	0	230	1	1	1	0	1	1	1
THRB_03	0	1	0	1	230	0.5	0.159709587610477	0.5	0	1	0.703798758130701	1
TITF1_Q3	206	206	961	1136	230	0.560524396756941	0.0118376207645807	6.95860700712583e-05	-16.1210731200921	1	0.225731182165971	0.00142522580553355
TP63_01	0	0	0	0	230	1	1	1	0	1	1	1
TRF1_01	0	0	0	0	230	1	1	1	0	1	1	1
TRPS1_Q3	5	5	5	5	230	0.624405047772105	0.500553964808201	0.623048090895032	0	1	1	1
TST1_01	194	201	1149	1394	230	0.211039910064105	0.0158607707544314	6.03979510940785e-07	-21.0541149700887	1	0.26229765114229	2.22667113033503e-05
VDR_01	0	0	0	0	230	1	1	1	0	1	1	1
WT1_01	162	134	699	684	230	0.997657079698634	0.992510365519291	0.666695370469125	10.5025373980769	1	1	1
YY1_08	208	205	601	689	230	0.730784068099971	0.0260742061329368	0.00763027219803882	-9.50552701077475	1	0.330957885333861	0.0781396393613975
YY1_12	213	211	657	737	230	0.698468537956937	0.0362942005132916	0.0170341080508427	-9.03222529889356	1	0.340181235319496	0.1569976958686
ZASC1_01	0	0	0	0	230	1	1	1	0	1	1	1
ZASC1_02	0	0	0	0	230	1	1	1	0	1	1	1
ZBP89_Q4_01	145	126	692	738	230	0.971044554774657	0.946814873708504	0.116688020195626	0.122855547421537	1	1	0.733278126911148
ZBTB11_02	0	0	0	0	230	1	1	1	0	1	1	1
ZBTB1_01	0	0	0	0	230	1	1	1	0	1	1	1
ZBTB26_01	0	0	0	0	230	1	1	1	0	1	1	1
ZBTB2_Q3	87	81	122	116	230	0.751036764067597	0.673138693985963	0.674985650895381	1.66271325308075	1	1	1
ZBTB2_Q3_01	197	193	641	539	230	0.741732649271171	0.97830898008494	0.998666161113981	11.5539091547365	1	1	1
ZBTB33_05	21	9	28	13	230	0.993555843171232	0.98764719122609	0.994247751898865	14.4438755551221	1	1	1
ZBTB34_01	6	4	8	5	230	0.830829352703695	0.738498681244481	0.86658025330311	4.17234231616268	1	1	1
ZBTB38_01	0	0	0	0	230	1	1	1	0	1	1	1
ZBTB38_02	10	7	11	7	230	0.838447947373321	0.773127916609626	0.881061937895345	4.72180626636554	1	1	1
ZBTB40_01	56	65	68	77	230	0.198474788142951	0.189461508735929	0.253267699422272	-3.08853386690746	1	0.793728896446733	1
ZBTB40_02	7	4	10	4	230	0.889545599439793	0.82151556191715	0.971315166964276	9.87535529880867	1	1	1
ZBTB41_01	0	0	0	0	230	1	1	1	0	1	1	1
ZBTB44_01	179	156	347	307	230	0.994140071043633	0.946501348679769	0.945707407750313	5.05631820647577	1	1	1
ZBTB46_01	0	2	0	2	230	0.249455337690632	0.0788750806304654	0.249999505927877	0	1	0.519264193817319	1
ZBTB49_01	0	0	0	0	230	1	1	1	0	1	1	1
ZBTB49_02	0	0	0	0	230	1	1	1	0	1	1	1
ZBTB5_01	38	50	44	58	230	0.0960310714807712	0.0761337303907612	0.0988723207968087	-4.99639903363033	1	0.519264193817319	0.6667852853736
ZEC_01	0	0	0	0	230	1	1	1	0	1	1	1
ZF5_B	220	219	3013	2370	230	0.671963826653304	0.998341387428131	1	34.0222162465634	1	1	1
ZFP41_02	0	0	0	0	230	1	1	1	0	1	1	1
ZFP64_03	3	1	3	1	230	0.938316099598118	0.842663534832096	0.937500741107452	5.83343709104229	1	1	1
ZFP64_04	0	0	0	0	230	1	1	1	0	1	1	1
ZFP64_05	0	0	0	0	230	1	1	1	0	1	1	1
ZFP64_06	0	0	0	0	230	1	1	1	0	1	1	1
ZFP91_01	0	0	0	0	230	1	1	1	0	1	1	1
ZFPM1_01	1	0	1	0	230	1	0.842394505646199	1	0	1	1	1
ZFX_01	62	59	90	95	230	0.664017123654468	0.557681904885593	0.38437220818566	-1.4994786106895	1	1	1
ZFX_03	10	11	10	11	230	0.5	0.412093428307248	0.5	-1.04570463516421	1	1	1
ZFX_04	0	0	0	0	230	1	1	1	0	1	1	1
ZGPAT_01	219	209	2137	2013	230	0.978837240091835	0.961441686096817	0.974321838487628	10.6197884788204	1	1	1
ZID_01	33	24	36	24	230	0.92171127865568	0.905996955112211	0.953779150206771	8.46063550247446	1	1	1
ZNF131_01	0	0	0	0	230	1	1	1	0	1	1	1
ZNF131_02	0	0	0	0	230	1	1	1	0	1	1	1
ZNF135_01	4	3	4	3	230	0.775236448167327	0.648811405467983	0.773439121183764	1.82793460454885	1	1	1
ZNF135_02	3	6	3	6	230	0.251740369268941	0.156878952567165	0.253904304573716	-4.12410290936082	1	0.703798758130701	1
ZNF135_03	16	18	16	19	230	0.429427906029037	0.356580773545228	0.367934963390655	-2.31820116965575	1	1	1
ZNF135_04	0	0	0	0	230	1	1	1	0	1	1	1
ZNF143_03	0	2	0	2	230	0.249455337690632	0.0788750806304654	0.249999505927877	0	1	0.519264193817319	1
ZNF236_01	0	0	0	0	230	1	1	1	0	1	1	1
ZNF236_02	3	2	3	2	230	0.813866125103093	0.674051351970561	0.812501235183968	2.23870485884384	1	1	1
ZNF236_04	0	0	0	0	230	1	1	1	0	1	1	1
ZNF236_05	1	2	1	2	230	0.5	0.282274967333875	0.5	-2.64770387588621	1	0.987962385668562	1
ZNF236_06	1	1	2	1	230	0.750544662309368	0.502455653339563	0.875000741108184	3.16593794355253	1	1	1
ZNF236_07	0	3	0	3	230	0.124183006535948	0.0415193142305853	0.124999258891816	0	1	0.353233550300211	0.737083175573703
ZNF236_08	0	0	0	0	230	1	1	1	0	1	1	1
ZNF282_01	0	2	0	2	230	0.249455337690632	0.0788750806304654	0.249999505927877	0	1	0.519264193817319	1
ZNF282_02	0	0	0	0	230	1	1	1	0	1	1	1
ZNF295_01	225	219	3075	2580	230	0.964125741938211	0.999578762550235	0.999999999984	34.5036227545041	1	1	1
ZNF312_01	0	0	0	0	230	1	1	1	0	1	1	1
ZNF319_01	15	20	15	21	230	0.241145015214173	0.187021629390071	0.20250771612619	-4.37737759587295	1	0.789488252310757	1
ZNF319_02	5	4	5	4	230	0.748259630731059	0.63221998502278	0.746095695426284	1.58307222347314	1	1	1
ZNF335_01	0	0	0	0	230	1	1	1	0	1	1	1
ZNF335_02	0	0	0	0	230	1	1	1	0	1	1	1
ZNF339_01	1	1	1	1	230	0.750544662309368	0.501227835398965	0.750000494072123	0	1	1	1
ZNF341_01	10	9	10	16	230	0.67974499528015	0.58499867912308	0.16346353425401	-5.01437053591969	1	1	0.903953344424678
ZNF362_01	2	1	2	1	230	0.875816993464052	0.719422886698475	0.875000741108184	3.16593794355253	1	1	1
ZNF366_02	0	0	0	0	230	1	1	1	0	1	1	1
ZNF367_01	55	47	62	53	230	0.843785054663984	0.815301953074304	0.82446473195995	3.8917100068308	1	1	1
ZNF384_02	8	18	9	19	230	0.0336724833553656	0.0223765082075239	0.0435749289536757	-7.64660385811822	1	0.307787722968002	0.339393460723699
ZNF410_01	0	0	0	0	230	1	1	1	0	1	1	1
ZNF436_01	3	3	3	3	230	0.65727797038133	0.500712007864039	0.656250926390722	0	1	1	1
ZNF436_02	2	0	2	0	230	1	0.922026342705593	1	0	1	1	1
ZNF438_01	8	11	8	14	230	0.32025500471985	0.23408130343418	0.143134088774826	-5.8209011962867	1	0.918063551766677	0.83254901493247
ZNF450_01	15	10	16	10	230	0.891725074492999	0.850127227467266	0.915686702990275	6.24653805024763	1	1	1
ZNF499_01	2	2	2	2	230	0.688319675061856	0.500870113308409	0.687500741110381	0	1	1	1
ZNF507_01	9	16	9	17	230	0.108274925507001	0.0742062802378873	0.0843132970097246	-5.86305069282679	1	0.519264193817319	0.605522769433477
ZNF513_01	0	0	0	0	230	1	1	1	0	1	1	1
ZNF515_02	0	0	0	0	230	1	1	1	0	1	1	1
ZNF516_01	37	49	43	60	230	0.0940709082289944	0.063871392520871	0.0572156940660652	-6.42701381900476	1	0.48384767211016	0.43342847696622
ZNF521_01	0	4	0	4	230	0.0616839004018821	0.0225143045202153	0.0624992588925483	0	1	0.307787722968002	0.460827868901056
ZNF521_02	0	0	0	0	230	1	1	1	0	1	1	1
ZNF521_03	0	0	0	0	230	1	1	1	0	1	1	1
ZNF536_01	10	11	13	11	230	0.5	0.424606381695316	0.72937675705513	1.75916039393568	1	1	1
ZNF536_03	0	0	0	0	230	1	1	1	0	1	1	1
ZNF592_02	223	218	1012	903	230	0.920900867023123	0.969620350899014	0.994115936026565	12.9615299551057	1	1	1
ZNF651_01	0	0	0	0	230	1	1	1	0	1	1	1
ZNF652_03	0	0	0	0	230	1	1	1	0	1	1	1
ZNF672_02	3	3	3	3	230	0.65727797038133	0.500712007864039	0.656250926390722	0	1	1	1
ZNF672_03	13	5	16	5	230	0.986131563979956	0.973690365949893	0.99640188522986	16.2499830838784	1	1	1
ZNF687_01	0	0	0	0	230	1	1	1	0	1	1	1
ZNF710_01	0	1	0	1	230	0.5	0.159709587610477	0.5	0	1	0.703798758130701	1
ZNF710_02	0	0	0	0	230	1	1	1	0	1	1	1
ZNF711_02	0	2	0	2	230	0.249455337690632	0.0788750806304654	0.249999505927877	0	1	0.519264193817319	1
ZNF76_01	1	0	1	0	230	1	0.842394505646199	1	0	1	1	1
ZNF770_01	6	7	7	7	230	0.5	0.393093705751208	0.604737777075171	0	1	1	1
ZNF775_02	2	4	2	4	230	0.34272202961867	0.206337396475523	0.343749073609278	-3.24159086404415	1	0.845219112970106	1
ZNF777_02	225	220	1636	1431	230	0.943766379421132	0.990150679668545	0.999905145946244	23.3631511288592	1	1	1
ZXDB_01	91	91	274	176	230	0.537973428679708	0.570918473015409	0.999998615530103	18.1169114797934	1	1	1
ZXDL_01	0	0	0	0	230	1	1	1	0	1	1	1
