transcription_factor	no_search_sites	no_background_sites	sum_search_sites	sum_background_sites	no_gene_sites	fisher_pval	wilcox_pval	fisher_pval2	zscore	fisher_adjusted	wilcox_adjusted	fisher2_adjusted
AEBP2_02	0	0	0	0	617	1	1	1	0	1	1	1
AFP1_Q6	33	40	36	41	617	0.234648348653579	0.204110694104438	0.324390917081385	-2.79117930811719	1	0.866463238819061	1
AHRARNT_01	431	377	968	878	617	0.999510111595491	0.998266162197561	0.982987407364434	11.439497895796	1	1	1
AHRARNT_02	455	436	1069	1036	617	0.898131277606542	0.804688802555633	0.770841568054178	1.44196341284656	1	1	1
AHR_01	520	480	1386	1309	617	0.998572717114543	0.98109800783599	0.933716368182795	9.26973153305814	1	1	1
AIOLOS_01	5	3	5	3	617	0.856268729899972	0.761054041383362	0.855469475193412	3.91677054585445	1	1	1
ALX4_01	0	1	0	1	617	0.5	0.159047744710906	0.5	0	1	0.765178119217725	1
AMYB_01	0	2	0	2	617	0.249797242497972	0.078733684327829	0.249999815824234	0	1	0.604718436573464	1
AP1FJ_Q2	563	540	1576	1610	617	0.986871420088352	0.341342038574535	0.279166046738596	-3.28733968620151	1	1	1
AP2ALPHA_03	594	567	11205	10332	617	0.999682491953412	0.986141719534758	0.999999999038096	23.1613702321722	1	1	1
AP2_Q6	541	513	5739	5418	617	0.990420140038961	0.978531107034647	0.998897983886605	15.2749562384671	1	1	1
AP4_01	0	0	0	0	617	1	1	1	0	1	1	1
APA1_02	2	0	2	0	617	1	0.921602571008796	1	0	1	1	1
AREB6_01	524	502	1366	1326	617	0.959938004185195	0.801558253532235	0.785525825765931	3.95599958203957	1	1	1
ARNTLBHLHA15_01	0	0	0	0	617	1	1	1	0	1	1	1
ARNTL_01	1	3	2	6	617	0.312195493150387	0.158556692945871	0.144530524806588	-3.56039748045949	1	0.765178119217725	0.850326465131555
AR_02	447	409	889	797	617	0.99201926467519	0.982120476549066	0.988298695065461	15.1303317500022	1	1	1
AR_12	0	0	0	0	617	1	1	1	0	1	1	1
ATF3_05	5	2	5	2	617	0.938032236683821	0.87228863677659	0.937500483461384	6.92913558612361	1	1	1
ATF4TEF_01	11	12	11	12	617	0.5	0.41681084953846	0.5	-1.04177718963218	1	1	1
BACH1_01	129	124	156	162	617	0.663851469561443	0.604764739836002	0.389604144464472	-2.60301186280648	1	1	1
BATF3_01	0	0	0	0	617	1	1	1	0	1	1	1
BATFJUN_01	23	26	27	27	617	0.385476290678774	0.338058672294896	0.554039499355874	-1.13881780116662	1	1	1
BATF_04	2	0	2	0	617	1	0.921602571008796	1	0	1	1	1
BCL11A_03	44	42	46	43	617	0.631240888208701	0.591308771682697	0.664100758386907	0.893603323682363	1	1	1
BCL6_02	541	519	1753	1772	617	0.97014981744794	0.660715433180688	0.380730563167074	-0.905187984261637	1	1	1
BEN_02	615	605	5102	4659	617	0.999133182627929	0.998285337583193	0.999996773999876	17.6490483212551	1	1	1
BMAL1_Q6	186	192	228	233	617	0.378757950847805	0.391623698678122	0.426105686397274	-0.996799868693496	1	1	1
BRACH_01	0	0	0	0	617	1	1	1	0	1	1	1
BRN3B_01	4	5	4	5	617	0.5	0.369235815415416	0.5	-1.41622333661664	1	1	1
BTEB3_Q5	599	578	7413	7157	617	0.998722866536318	0.994634450985378	0.983850811625043	16.8241432137366	1	1	1
CACCCBINDINGFACTOR_Q6	540	493	2328	2296	617	0.999898177790814	0.967802533946163	0.686557597819451	2.34557139872602	1	1	1
CARF_01	3	4	3	4	617	0.5	0.352613757620755	0.5	-1.73374643146904	1	1	1
CDC5_01	83	110	94	123	617	0.0206935009814595	0.0192107173175639	0.0285312894396614	-8.69471363736678	0.768106715608432	0.340654561708917	0.303419289617937
CDPCR3_01	471	458	1070	1103	617	0.822226484916119	0.317677017460806	0.246040117772919	-3.53558505775208	1	1	1
CDP_01	535	539	2124	2427	617	0.399698000224142	0.0210981020113732	3.63309386511179e-06	-19.2769876338874	1	0.353553042796647	0.000125568806712926
CDP_Q6_01	487	485	1399	1526	617	0.582694119408236	0.15912384034365	0.00983591666223898	-10.9182045294346	1	0.765178119217725	0.132664924737028
CEBPGELF1_01	54	52	58	57	617	0.619658709794028	0.576519375778505	0.573925341025325	0.502184095113076	1	1	1
CEBPG_Q6	532	532	2515	3038	617	0.532901799278062	0.00596023069629729	1.07487762002407e-12	-31.445571488649	1	0.206000473440775	1.18881464774662e-10
CIZ_03	1	0	1	0	617	1	0.841736601235672	1	0	1	1	1
CLOCKFIGLA_01	89	59	107	72	617	0.996774811197293	0.995711170685041	0.996521255915455	19.6204887015748	1	1	1
CLOCKNHLH1_01	23	25	23	26	617	0.441569536060599	0.382247912853052	0.387722842167203	-2.71864289323024	1	1	1
CMYB_01	0	0	0	0	617	1	1	1	0	1	1	1
CMYC_02	348	306	849	663	617	0.99292481110825	0.999169366471691	0.999999273874455	18.9450808827582	1	1	1
COE2_02	0	0	0	0	617	1	1	1	0	1	1	1
CP2_01	614	593	3864	3934	617	0.999997713162162	0.347452582404529	0.21663089229857	-2.27943920714137	1	1	1
CPEB1_01	406	440	1006	1258	617	0.021482975381898	0.000167857243997416	6.29240344113656e-08	-19.021614991189	0.768106715608432	0.0464125279652854	2.48549935924894e-06
CREB3L1_02	0	2	0	2	617	0.249797242497972	0.078733684327829	0.249999815824234	0	1	0.604718436573464	1
CREBP1_Q2	378	353	741	692	617	0.934013400727558	0.960828610548308	0.906846793810246	3.58444988783037	1	1	1
CRX_02	279	280	375	428	617	0.5	0.247581797084138	0.0331762829449335	-9.28640522162469	1	0.984983696313152	0.327615794081218
CTCF_04	503	460	2017	1878	617	0.998778737750771	0.965560800284418	0.987668843103718	12.3539037215847	1	1	1
CTCF_06	601	579	3409	3306	617	0.999413664386712	0.879661979687885	0.898367240073045	5.5288913668451	1	1	1
CTF1_01	494	466	1519	1418	617	0.976561134695911	0.979670896980679	0.970237736336275	6.99283181069856	1	1	1
CTIP2_01	1	1	1	1	617	0.750202757502027	0.500457389292136	0.750000184175766	0	1	1	1
CUX1HOXA13_01	3	2	3	2	617	0.813007511416022	0.673163970480331	0.812500460439923	2.74010337437321	1	1	1
CUX1HOXB13_01	9	8	9	8	617	0.686684307217926	0.596586098191636	0.685471674157103	1.32377988031427	1	1	1
CUX1NHLH1_02	0	2	0	2	617	0.249797242497972	0.078733684327829	0.249999815824234	0	1	0.604718436573464	1
CUX1RFX5_01	11	11	11	12	617	0.584853532887781	0.498609599671927	0.5	-1.38504867709454	1	1	1
CUX1SRF_01	1	1	1	1	617	0.750202757502027	0.500457389292136	0.750000184175766	0	1	1	1
CUX1_06	0	1	0	1	617	0.5	0.159047744710906	0.5	0	1	0.765178119217725	1
CUX2_02	0	0	0	0	617	1	1	1	0	1	1	1
DEAF1_02	30	31	34	33	617	0.5	0.450816214561737	0.596404998063679	0.693306968942479	1	1	1
DEC_Q1	530	480	1388	1199	617	0.999921363609958	0.999602516293489	0.999908239404177	17.4400313458525	1	1	1
DLX3_01	362	403	976	1314	617	0.00946924224740081	0.000297757135151946	8.28027678584682e-13	-34.4123282096504	0.768106715608432	0.0474212301692711	1.14474826564332e-10
DMRT2_01	15	26	15	26	617	0.0555856947691818	0.0403866722277938	0.0586348403804595	-8.3828271121583	1	0.478416728762105	0.467058746300793
DRRS_02	37	35	39	37	617	0.642074634511714	0.595680875508119	0.634499193234703	0.959229441512789	1	1	1
E2F1EOMES_02	32	22	33	24	617	0.937444914726233	0.916473721182237	0.907579373258148	9.98215182851361	1	1	1
E2F1HES7_02	16	14	18	15	617	0.71001050310334	0.645575517625459	0.756577547716514	3.43599357715128	1	1	1
E2F1NHLH1_01	14	13	15	13	617	0.651045036535108	0.57883876656448	0.714207909592004	2.74642362164493	1	1	1
E2F2_05	0	0	0	0	617	1	1	1	0	1	1	1
E2F3DRGX_01	10	11	10	11	617	0.5	0.413070725419053	0.5	-1.04554775078608	1	1	1
E2F3FOXI1_01	52	40	56	45	617	0.920722506218614	0.900535044285095	0.883858463134688	6.11842674376866	1	1	1
E2F3ONECUT2_01	0	0	0	0	617	1	1	1	0	1	1	1
E2F7_01	0	0	0	0	617	1	1	1	0	1	1	1
E2F_01	600	581	2613	2596	617	0.997726665781574	0.687661208214662	0.598658203908375	1.75972080892344	1	1	1
E4BP4_01	23	20	26	24	617	0.732430220912261	0.67820711669006	0.664097346347387	0.740911677432044	1	1	1
EGR3_05	0	0	0	0	617	1	1	1	0	1	1	1
EGR4_02	0	0	0	0	617	1	1	1	0	1	1	1
EGR_Q6	433	409	1929	1842	617	0.936847736156386	0.956124785949727	0.924364318322455	8.97569154610028	1	1	1
ELK1FOXI1_01	0	2	0	2	617	0.249797242497972	0.078733684327829	0.249999815824234	0	1	0.604718436573464	1
ELK1HOXA3_01	15	17	15	18	617	0.429100086348314	0.358622865326517	0.364164639307796	-3.41678091044555	1	1	1
ELK1PAX9_01	0	0	0	0	617	1	1	1	0	1	1	1
ELK1SREBF2_02	1	7	1	7	617	0.0347132610548967	0.0167186413526048	0.035155847115958	-9.11914536929718	0.834627537537298	0.31216024883365	0.339214039450552
ERBETA_Q5	489	493	1249	1155	617	0.416130051562137	0.57031585668856	0.973777839060151	7.65463792891488	1	1	1
ERFCLOCK_01	17	12	17	12	617	0.870383395821396	0.826264613096556	0.867537115439499	6.25946686666993	1	1	1
ERFMAX_01	0	1	0	1	617	0.5	0.159047744710906	0.5	0	1	0.765178119217725	1
ERFONECUT2_01	8	0	8	0	617	1	0.997723482297826	1	0	1	1	1
ERFSREBF2_02	3	1	3	1	617	0.937804012720851	0.841835479445226	0.937500276263547	7.87509282615871	1	1	1
ESRRG_02	0	1	0	1	617	0.5	0.159047744710906	0.5	0	1	0.765178119217725	1
ETS1_03	0	0	0	0	617	1	1	1	0	1	1	1
ETV2ONECUT2_01	1	3	1	3	617	0.312195493150387	0.158556692945871	0.312499723736046	-4.69113682677018	1	0.765178119217725	1
ETV2RFX5_02	1	0	1	0	617	1	0.841736601235672	1	0	1	1	1
ETV2SPDEF_01	0	0	0	0	617	1	1	1	0	1	1	1
ETV2TBX21_03	0	2	0	2	617	0.249797242497972	0.078733684327829	0.249999815824234	0	1	0.604718436573464	1
ETV2TCF3_01	41	45	44	48	617	0.368759111791299	0.328310092124613	0.377321837020143	-2.32876122969378	1	1	1
ETV5EOMES_01	128	131	153	148	617	0.444416586998365	0.44024016888377	0.635248931702834	2.16459050757674	1	1	1
ETV5HES7_01	406	346	1321	1143	617	0.99981640403039	0.998697012103488	0.999847373455881	20.2683377106523	1	1	1
ETV6_01	4	12	4	12	617	0.0374615886652453	0.0221168258943952	0.0384055127941918	-8.68063786988972	0.863177438828361	0.355551040504789	0.346228378368833
ETV7TBX21_01	8	5	8	5	617	0.867855979189777	0.79858585505416	0.866578305834942	6.09984732033269	1	1	1
EVI1_01	18	13	20	21	617	0.862549486089984	0.816643055777066	0.5	2.20452208402362	1	1	1
EVI1_03	43	31	49	33	617	0.940725375662788	0.926741283797326	0.970099676732022	8.84958722530034	1	1	1
EVI1_09	0	1	0	2	617	0.5	0.159047744710906	0.249999815824234	0	1	0.765178119217725	1
EVX2_03	532	523	2546	3223	617	0.79052996412775	0.000442233201761693	2.14571038484927e-19	-32.4769256644015	1	0.0474212301692711	5.93288921410822e-17
EVX2_04	6	10	6	11	617	0.22575229159519	0.156685917227027	0.166151423761562	-4.33794489142147	1	0.765178119217725	0.892055702331495
FKHL14_Q2	131	142	183	206	617	0.246433114946337	0.252523010615398	0.13228345418909	-3.90861144111412	1	0.99422499620976	0.821941013107493
FLI1CEBPB_01	0	0	0	0	617	1	1	1	0	1	1	1
FOXC1_Q4	410	426	1069	1256	617	0.180496634790313	0.0197123797010585	5.60725876919224e-05	-15.0041652499179	1	0.340654561708917	0.00155040704968165
FOXD2_04	0	0	0	0	617	1	1	1	0	1	1	1
FOXG1_01	0	0	0	0	617	1	1	1	0	1	1	1
FOXG1_02	0	0	0	0	617	1	1	1	0	1	1	1
FOXI1_03	0	0	0	0	617	1	1	1	0	1	1	1
FOXJ2_02	402	437	1368	1909	617	0.0189725675298702	5.23798789091499e-05	1.45632202867435e-21	-34.8358175565511	0.768106715608432	0.0289660730367599	8.05346081856917e-19
FOXJ2_03	2	4	2	4	617	0.34336890193584	0.20682305158068	0.343749654669677	-3.67502958767382	1	0.866463238819061	1
FOXL2_Q2	180	207	232	300	617	0.0552955933415134	0.0246924127613218	0.00181414798404844	-12.2056695963031	1	0.355551040504789	0.0345939253509927
FOXL2_Q5	394	422	858	967	617	0.0521590724453975	0.0251912503366557	0.00569641981666912	-11.3781613613288	1	0.355551040504789	0.0828978989110006
FOXM1_Q3	572	548	3044	3279	617	0.993155609553261	0.092647939680221	0.00158922575720172	-12.8494548004411	1	0.640428883039528	0.0313872087047339
FOXN4_01	617	611	9253	8528	617	1	0.999146991352485	0.999999978883116	38.6244891543846	1	1	1
FOXO1ETV7_01	4	4	4	4	617	0.637163907799463	0.500229253612361	0.636719152885823	0	1	1	1
FOXO3_01	400	391	865	894	617	0.723540567752168	0.403626149281637	0.252057545482993	-2.51364633079764	1	1	1
FOXO3_03	0	0	0	0	617	1	1	1	0	1	1	1
FOXO6_03	2	10	2	10	617	0.0188313980549065	0.0101893331304684	0.01928669390175	-9.16613419663945	0.768106715608432	0.267538809890304	0.231859602775386
FOXP1_01	0	0	0	0	617	1	1	1	0	1	1	1
FXR_Q3	331	320	535	569	617	0.75308302788245	0.352520333796854	0.160212139773215	-4.07537987840391	1	1	0.868601110731252
GATA5_06	113	123	125	147	617	0.257407845887002	0.193356090241157	0.101388278286204	-4.37075784294365	1	0.852168155805298	0.692194048052724
GATAD2A_01	608	600	3926	3884	617	0.963767323460838	0.775284881850475	0.687214184674307	1.29039473671593	1	1	1
GCM1CEBPB_01	0	0	0	0	617	1	1	1	0	1	1	1
GCM1ELF1_02	100	93	111	110	617	0.734619852283588	0.703615330165139	0.553494570185868	0.344402808641475	1	1	1
GCM1ELK3_01	3	3	3	3	617	0.65663109806416	0.500264503607515	0.656250345330324	0	1	1	1
GCM1ETV4_01	40	27	40	46	617	0.961042234778789	0.946100880908177	0.295011896553544	-3.33134735398551	1	1	1
GCM1ETV7_01	6	6	6	10	617	0.613345201916712	0.499062549738074	0.227247795206818	-5.96763606314694	1	1	1
GCM1FOXI1_01	81	65	97	74	617	0.933087195568267	0.924790462593398	0.96693706917512	9.53406164033461	1	1	1
GCM1MAX_03	0	2	0	2	617	0.249797242497972	0.078733684327829	0.249999815824234	0	1	0.604718436573464	1
GCM1NHLH1_01	123	134	148	158	617	0.241661932754144	0.253500405905201	0.303468667362174	-3.95075787704709	1	0.99422499620976	1
GCM1ONECUT2_01	2	0	2	0	617	1	0.921602571008796	1	0	1	1	1
GCM1PITX1_02	192	159	261	228	617	0.984078350317875	0.972704896433249	0.937996180655185	9.76952190449824	1	1	1
GCM1SOX2_01	1	1	1	1	617	0.750202757502027	0.500457389292136	0.750000184175766	0	1	1	1
GCM1TBX21_02	14	18	14	19	617	0.295863117484799	0.23578348348584	0.243422452283486	-5.98473337430184	1	0.951739170566933	1
GCM1_05	17	25	22	35	617	0.135808175165731	0.102668123932029	0.0555768137214273	-6.86328141206918	1	0.675898482552522	0.457928699325609
GCM2E2F8_01	248	229	474	489	617	0.878840928153529	0.794257590639015	0.325896510390421	-2.40088714484114	1	1	1
GCM2HES7_01	270	247	476	468	617	0.916946382501236	0.86624283562231	0.615240187952997	1.92194230410832	1	1	1
GCM2HOXA13_01	8	6	8	6	617	0.789370419845983	0.704641835841015	0.788026117613302	3.00068168771063	1	1	1
GCM2MAX_01	178	144	213	170	617	0.988402693461484	0.984667430411261	0.987794686976051	12.6903347183634	1	1	1
GCM2SOX15_01	64	61	71	65	617	0.646994317926153	0.621370120359188	0.725758856088357	3.46297369692725	1	1	1
GCM2TBX21_02	6	0	8	0	617	1	0.99295832514405	1	0	1	1	1
GCNF_01	9	8	9	8	617	0.686684307217926	0.596586098191636	0.685471674157103	1.41500510607301	1	1	1
GFI1B_01	413	434	851	961	617	0.109874150498537	0.0122462322969537	0.0051886157877985	-12.0040739207967	1	0.267538809890304	0.0775487710987181
GLI3_03	0	0	0	0	617	1	1	1	0	1	1	1
GLIS1_01	0	0	0	0	617	1	1	1	0	1	1	1
GMEB2_02	2	0	3	0	617	1	0.921602502830622	1	0	1	1	1
GMEB2_03	2	3	2	3	617	0.5	0.327359997399242	0.5	-2.23746780614456	1	1	1
GRE_C	612	595	4364	4234	617	0.999865493756507	0.836309485066068	0.921799903539535	7.10570028759239	1	1	1
GRHL1_01	12	14	15	21	617	0.42168035142624	0.342178449146994	0.202512989281034	-3.24684185509275	1	1	0.985459947528599
GZF1_01	0	0	0	0	617	1	1	1	0	1	1	1
HELIOS_01	3	2	3	2	617	0.813007511416022	0.673163970480331	0.812500460439923	2.3474691758091	1	1	1
HES1_Q2	525	502	1391	1375	617	0.966354180688693	0.860819134841363	0.626864206221581	0.742591258996558	1	1	1
HES5_01	0	1	0	2	617	0.5	0.159047744710906	0.249999815824234	0	1	0.765178119217725	1
HESX1_02	2	2	3	3	617	0.687804506849613	0.500323685517781	0.656250345330324	0	1	1	1
HIC1_03	426	403	1076	1009	617	0.927189084485371	0.959135915058232	0.93194404772094	8.12221270911296	1	1	1
HIC2_01	594	568	3066	2904	617	0.999539616535286	0.974338413726679	0.982757631541392	8.79184586563091	1	1	1
HIC2_03	0	0	0	0	617	1	1	1	0	1	1	1
HIF1_Q5	411	368	932	776	617	0.995304653451686	0.997117561562324	0.999928744553955	16.117653957528	1	1	1
HINFP_02	0	0	0	0	617	1	1	1	0	1	1	1
HINFP_03	1	0	2	0	617	1	0.841736601235672	1	0	1	1	1
HMX1_01	1	2	1	2	617	0.5	0.282009386069353	0.5	-2.23920116720683	1	1	1
HNF1B_01	452	460	1445	1605	617	0.325018570184391	0.044121615129959	0.00197047440831459	-14.7125369498506	1	0.478416728762105	0.0351507208967087
HNF1_C	172	178	263	286	617	0.376103599242725	0.279870561550409	0.173837163757018	-6.554705350095	1	1	0.906905203373875
HNF3B_01	370	382	981	1074	617	0.26050287755301	0.163677735506273	0.0211142451144414	-9.16890039428278	1	0.780291273577321	0.243253698922627
HNF4A_09	506	491	1314	1242	617	0.876230889688939	0.939849157330374	0.925817416394706	5.52550725345571	1	1	1
HNF4GAMMA_01	0	0	0	0	617	1	1	1	0	1	1	1
HNF6_Q6	142	164	175	211	617	0.0830966799975997	0.0622665121138057	0.0373302958100702	-7.91970403737239	1	0.601300133131995	0.346228378368833
HOX13_01	405	414	783	933	617	0.314902606855545	0.0147118274729594	0.000158339711387402	-24.2855680975454	1	0.301320021946169	0.0039800845635106
HOXB13EOMES_01	524	521	1603	1804	617	0.624030718068158	0.0415626119192913	0.000299955269055934	-17.9724389913362	1	0.478416728762105	0.00721196799077963
HOXB13TBX3_01	94	86	104	97	617	0.765996421758485	0.736478627369732	0.713676411648243	2.71628211468263	1	1	1
HOXB2ELK1_02	0	5	0	5	617	0.0309968619529418	0.0125786782226906	0.0312497697805474	0	0.834627537537298	0.267538809890304	0.314202230702595
HOXB2ESRRB_01	2	0	2	0	617	1	0.921602571008796	1	0	1	1	1
HOXB2PITX1_01	95	125	104	147	617	0.0154281577155453	0.00975803920036709	0.00394643238525381	-12.5847365192729	0.768106715608432	0.267538809890304	0.0614559211126091
HOXB2RFX5_01	78	91	81	102	617	0.1602057755193	0.128524626860656	0.0695247703167496	-8.90375043658824	1	0.765178119217725	0.512569991486585
HOXB2_03	2	1	2	1	617	0.875304136253041	0.718622948211031	0.875000276263648	3.00418590915477	1	1	1
HOXC10TBX21_01	10	22	10	22	617	0.0235864968614969	0.0158485055829466	0.0250498909367339	-9.25598941118979	0.768106715608432	0.31216024883365	0.276762216850784
HOXD10_Q2	148	191	210	306	617	0.00367244200450986	0.00163841720390327	1.36911232682002e-05	-15.7962556000812	0.676953476164651	0.0906044713758509	0.000445364186312631
HOXD12EOMES_01	1	0	1	0	617	1	0.841736601235672	1	0	1	1	1
HOXD12ETV4_01	0	0	0	0	617	1	1	1	0	1	1	1
HOXD12TBX21_01	2	3	2	3	617	0.5	0.327359997399242	0.5	-2.38165408128332	1	1	1
HOXD13_01	316	357	572	719	617	0.0110839889926555	0.0012163170118503	2.35650757352993e-05	-21.7160368025596	0.768106715608432	0.0747359230614687	0.000685867730611607
HOXD13_04	17	12	17	12	617	0.870383395821396	0.826264613096556	0.867537115439499	4.51911062590042	1	1	1
HOXD9_Q2	321	340	535	635	617	0.15210829764058	0.0237363246283331	0.00188336620774538	-11.7599668027838	1	0.355551040504789	0.0347167170961065
HSF2_02	140	154	174	197	617	0.192519339843499	0.167169050978112	0.126640439821149	-5.80930094398311	1	0.790123805050393	0.814327479315061
HSF2_Q6	58	70	59	81	617	0.152206346744672	0.114091889473994	0.0377678870807942	-6.6719108703764	1	0.71696380544453	0.346228378368833
HSFY1_01	77	74	110	101	617	0.635830593713423	0.600179094980378	0.754379721822162	4.32823455530036	1	1	1
IK1_01	615	606	4321	4071	617	0.998367206039002	0.932668185299164	0.997007713807012	12.3337826659666	1	1	1
IK3_01	609	602	3833	3645	617	0.954947019219864	0.926264585140275	0.985800462002381	11.0007933651815	1	1	1
IRF4_05	1	0	1	0	617	1	0.841736601235672	1	0	1	1	1
IRF4_09	366	309	700	504	617	0.999548608214892	0.99991353608787	0.999999993735003	29.1536676119555	1	1	1
IRF4_Q5	123	117	153	141	617	0.69264571372746	0.69337785915931	0.775823939142622	2.75221076000712	1	1	1
IRF7_04	4	1	4	1	617	0.969003138047058	0.910614428196443	0.968750230219453	11.8751399759536	1	1	1
IRF7_Q3	320	320	619	535	617	0.522715379208469	0.772985324095911	0.99386325251043	8.50348110150791	1	1	1
ISL2_03	608	594	4653	4713	617	0.996847587900277	0.520021630959193	0.270350622480436	-2.07849831578021	1	1	1
ISRE_01	104	115	120	125	617	0.22813844976154	0.223499152502264	0.399171576465221	-2.2203657993294	1	0.915518750620387	1
KAISO_01	184	178	239	217	617	0.669169965113788	0.714278516925088	0.859323673299718	4.47550177078719	1	1	1
KAISO_Q2	598	577	11178	10312	617	0.998488122194983	0.995956947099592	0.999999998757355	30.3383741584123	1	1	1
KLF13_01	8	9	11	17	617	0.5	0.402496956583671	0.172461720702466	-6.0895319363118	1	1	0.906905203373875
KLF8_01	13	15	13	15	617	0.424414911294776	0.351281753515826	0.425276238914108	-1.59238486503248	1	1	1
KLF9_01	142	121	174	163	617	0.936955592640863	0.92629446767588	0.743337650794001	3.08553671790685	1	1	1
LBX2_03	588	573	4315	4860	617	0.97356730129721	0.0472150640709753	5.98283119168986e-09	-26.407575104068	1	0.492640196816025	2.75708804083708e-07
LEF1_05	378	381	696	756	617	0.453430197269199	0.0866258120589862	0.0606546355767876	-8.03322195974165	1	0.61415479575153	0.467058746300793
LHX2_03	6	9	9	15	617	0.302496284041671	0.21699418853077	0.153725974448803	-3.7865524283094	1	0.895505867593401	0.858691554244326
LHX3_01	289	334	1036	1369	617	0.00610334264758127	0.000472384108415618	5.74595799929239e-12	-25.8282757019337	0.768106715608432	0.0474212301692711	5.29585795601448e-10
LHX6_06	2	5	4	8	617	0.225895578387719	0.128483652149829	0.193846587882344	-5.25417776509599	1	0.765178119217725	0.984144780985601
LHX6_07	1	2	1	4	617	0.5	0.281377180346184	0.187499539560077	-2.45184797662835	1	1	0.969039676417969
LRF_Q6	516	469	2241	2146	617	0.999678309425349	0.988439429261151	0.926717965897887	7.41289045725662	1	1	1
LYF1_01	555	543	1685	1722	617	0.881394129237198	0.454320431175897	0.268443751826194	-2.59562471932032	1	1	1
MAFA_Q4_01	529	516	1381	1345	617	0.865786245288418	0.657767975481379	0.760950487609779	3.70693405827284	1	1	1
MAFB_Q4	603	589	2712	2529	617	0.991241272481572	0.996405029547885	0.994563623910598	12.0681675714345	1	1	1
MAFF_01	2	3	3	5	617	0.5	0.327098290612039	0.363280847114177	-2.23746780614456	1	1	1
MAFF_04	0	1	0	1	617	0.5	0.159047744710906	0.5	0	1	0.765178119217725	1
MAX_11	36	32	38	35	617	0.7334682046609	0.687957311610045	0.680018050417927	1.0007498965682	1	1	1
MEF2_01	0	0	0	0	617	1	1	1	0	1	1	1
MEF2_04	225	258	322	436	617	0.0309637377800817	0.00514627993621707	1.95531349706932e-05	-24.2491479584931	0.834627537537298	0.189726186981869	0.000600715757710742
MEIS1AHOXA9_01	593	584	3311	3456	617	0.912722797592052	0.184269580844944	0.0396353429307209	-7.79948028017009	1	0.835254739403722	0.346228378368833
MEIS1DLX3_01	16	40	17	43	617	0.000720908061953416	0.000514516059702761	0.000532749906955552	-14.3229241652388	0.398662158260239	0.0474212301692711	0.0122754457727675
MEIS1DRGX_01	524	507	1463	1551	617	0.916591382894075	0.400471291959184	0.0563094964812684	-7.64192785229098	1	1	0.457928699325609
MEIS1EOMES_01	606	583	3062	2743	617	0.999904643029936	0.995006161568941	0.999987231920539	18.6612967741035	1	1	1
MEIS1SOX2_01	7	10	7	10	617	0.313315692782074	0.232090830972082	0.314528325842897	-3.83471369651557	1	0.943722275937951	1
MEIS1_02	135	124	153	136	617	0.799209871205768	0.783477681184347	0.855193731852353	5.69034122837888	1	1	1
MEIS1_06	2	3	2	3	617	0.5	0.327359997399242	0.5	-2.00194171365379	1	1	1
MEIS2ONECUT2_01	3	1	3	1	617	0.937804012720851	0.841835479445226	0.937500276263547	8.12504519695592	1	1	1
MEIS2_05	0	0	0	0	617	1	1	1	0	1	1	1
MEOX2_03	4	3	4	4	617	0.774104421612281	0.64692972396533	0.636719152885823	0	1	1	1
MGADLX2_01	8	20	8	21	617	0.0168250869032687	0.0108614315454646	0.0120590302869073	-9.44321398937012	0.768106715608432	0.267538809890304	0.155084738340924
MIBP1_Q6	385	376	661	707	617	0.720886896124294	0.295984195671952	0.111743183380378	-5.71536826955803	1	1	0.735642623920823
MIZF_03	0	0	0	0	617	1	1	1	0	1	1	1
MRF2_01	33	46	33	49	617	0.0812482381684553	0.0630658367480212	0.0485104168443391	-8.26495026175877	1	0.601300133131995	0.406458492650296
MSX1_01	509	493	1386	1395	617	0.892280897429989	0.576499224962813	0.439651606425953	-0.661382088223583	1	1	1
MSX1_Q5	72	93	82	110	617	0.0470659037337837	0.0384488192111022	0.0255241827475407	-11.5911747362034	1	0.478416728762105	0.276762216850784
MSX2_03	6	7	6	7	617	0.499999999999999	0.390407177177046	0.5	-1.60436302662095	1	1	1
MSX2_Q3	533	543	1822	2191	617	0.221647790857833	0.00485250053763052	2.9122253965867e-09	-24.4273884460985	1	0.189726186981869	1.61046064431244e-07
MTF1_01	612	597	3016	2845	617	0.999594190396342	0.985488657410078	0.987828825613324	14.0892048856359	1	1	1
MTF1_07	0	0	0	0	617	1	1	1	0	1	1	1
MYBL1ELF1_01	0	0	0	0	617	1	1	1	0	1	1	1
MYBL1FIGLA_01	23	26	24	27	617	0.385476290678774	0.331343469527472	0.389881937152249	-2.53964700385503	1	1	1
MYBL1HOXA13_01	2	2	2	2	617	0.687804506849613	0.500323685944294	0.687500276263953	0	1	1	1
MYBL1ONECUT2_01	44	49	45	51	617	0.333205611384663	0.292684254359766	0.305027796435653	-3.16399774015481	1	1	1
MYBL2_02	11	20	11	22	617	0.0722358318502142	0.0502291895832597	0.0400698304079663	-7.62077541468166	1	0.514384108139678	0.346228378368833
MYBL2_03	0	1	0	1	617	0.5	0.159047744710906	0.5	0	1	0.765178119217725	1
MYBL2_05	3	4	4	6	617	0.5	0.352158286964495	0.376952671752948	-1.93772394697653	1	1	1
MYOD_01	0	0	0	0	617	1	1	1	0	1	1	1
MYOGNF1_01	615	601	5646	5038	617	0.999934371274059	0.999997569687251	0.999999998357697	43.7455134143368	1	1	1
NERF_Q2	604	593	3159	2888	617	0.97811107985127	0.995880517829029	0.999772714705137	17.5587878058837	1	1	1
NFAT5_02	3	4	3	4	617	0.5	0.352613757620755	0.5	-1.87218488428666	1	1	1
NFATC1_01	5	3	5	3	617	0.856268729899972	0.761054041383362	0.855469475193412	4.96720492645942	1	1	1
NFATC1_02	2	2	4	4	617	0.687804506849613	0.500323685944294	0.636719152885823	0	1	1	1
NFATC1_03	0	0	0	0	617	1	1	1	0	1	1	1
NFIA_03	47	43	48	46	617	0.70783552746599	0.665909506442101	0.621409548386715	0.860340517018663	1	1	1
NFKB_C	354	350	699	704	617	0.613144420472719	0.670092504250636	0.457458312119011	-2.74919263916087	1	1	1
NFY_C	444	441	879	876	617	0.599789242159165	0.68228116565179	0.538056754263622	1.21254079208052	1	1	1
NKX22_01	329	347	635	740	617	0.165442907850822	0.0321902042441133	0.0024982287830804	-10.8900673482074	1	0.423837689214158	0.0418642580922261
NKX23_04	9	11	9	11	617	0.411179046887765	0.326234674122945	0.411900824968029	-2.59432050260248	1	1	1
NKX25_03	601	589	3433	3536	617	0.977596700786428	0.285883511004356	0.110288063982754	-6.72581973942458	1	1	0.735642623920823
NKX31_06	315	311	451	493	617	0.612056477502789	0.520578181713542	0.0909393964405718	-5.34591294673668	1	1	0.628618577895453
NKX61_01	178	218	254	332	617	0.00867010456280294	0.00501718735034499	0.000722079373438006	-14.2156425465592	0.768106715608432	0.189726186981869	0.0159723957404487
NKX62_Q2	346	368	855	1144	617	0.113002841646947	0.00374859123458814	5.33350184715133e-11	-25.0938645149079	1	0.172747579393937	3.68678315184336e-09
NOR1_02	0	0	0	0	617	1	1	1	0	1	1	1
NR2E1_02	54	59	59	66	617	0.346572008031815	0.311869938755531	0.295833410654982	-2.96356650293751	1	1	1
NR2F1_05	509	492	1200	1242	617	0.904818943094509	0.0850579441720255	0.20315087525906	-4.95395240339718	1	0.61415479575153	0.985459947528599
NR4A2_02	0	2	0	4	617	0.249797242497972	0.078733684327829	0.0624997237364534	0	1	0.604718436573464	0.467058746300793
NR4A2_03	1	1	1	1	617	0.750202757502027	0.500457389292136	0.750000184175766	0	1	1	1
NR4A2_04	19	30	20	31	617	0.0720957189644876	0.0547933592747467	0.0803858690563972	-6.27741205360666	1	0.55092232143518	0.56270108339478
NRF1_02	12	12	34	29	617	0.581385118455126	0.503064164607824	0.775024009830004	1.62083364744447	1	1	1
NRSF_01	2	3	2	3	617	0.5	0.327359997399242	0.5	-2.64665561036546	1	1	1
OCT1_01	273	283	478	506	617	0.303310470007563	0.213209454313104	0.194613024965892	-6.91152909535293	1	0.886502467933432	0.984144780985601
OCT1_06	564	553	3274	3586	617	0.878251984462672	0.1014144860245	8.3267671556421e-05	-15.7149734297305	1	0.675898482552522	0.00219271535098575
OLF1_01	305	283	465	460	617	0.905070557175054	0.785330050054779	0.578214935557668	0.228185162820746	1	1	1
OSR2_05	0	0	0	0	617	1	1	1	0	1	1	1
OTX2_Q3	121	135	138	177	617	0.180718038812403	0.113328627847434	0.0160427018331713	-9.90988916388349	1	0.71696380544453	0.197146980305417
P73_Q6	276	246	388	350	617	0.962994619238064	0.943903283911007	0.924523327116666	9.68054488563181	1	1	1
PAX1_B	0	0	0	0	617	1	1	1	0	1	1	1
PAX2_01	497	518	1256	1420	617	0.0680293345854841	0.00990667237358844	0.000802602796441368	-19.5863163312194	1	0.267538809890304	0.0170707440935414
PAX2_Q2	542	515	1602	1464	617	0.98861648362495	0.953974189150903	0.994023341885274	10.1556131927323	1	1	1
PAX3_01	616	610	5653	5213	617	0.996181916833125	0.999164209266361	0.999989225219799	21.7987847541837	1	1	1
PAX5_01	615	601	7618	6556	617	0.999934371274059	0.99999946881022	1	60.0918460252354	1	1	1
PAX5_Q6	602	582	2975	2709	617	0.998939083573533	0.946723571786697	0.99980702726959	15.3312974388214	1	1	1
PAX9_01	0	0	0	0	617	1	1	1	0	1	1	1
PBX1_02	276	282	418	453	617	0.387453435993984	0.153321179932317	0.124567726675395	-7.4827810009777	1	0.765178119217725	0.810422974723455
PBX1_05	605	588	2790	2866	617	0.99813949225186	0.47101768333825	0.158815018844903	-3.80750902115321	1	1	0.868601110731252
PBX4_01	0	0	0	0	617	1	1	1	0	1	1	1
PIT1_Q6	507	488	1920	2062	617	0.925217026475012	0.369939202413767	0.0126134560210937	-13.073508715414	1	1	0.158528208628746
PITX1EOMES_01	73	78	79	87	617	0.364169406286577	0.322546826076669	0.293515329511609	-3.42199706727166	1	1	1
PITX1FIGLA_01	65	57	71	63	617	0.804615817676115	0.774890303213472	0.781516061093504	4.54372060965147	1	1	1
PITX1HES7_01	6	3	6	3	617	0.910955577830442	0.842262970397711	0.910156975192878	6.4037871693103	1	1	1
PITX1TBX21_01	2	2	2	2	617	0.687804506849613	0.500323685944294	0.687500276263953	0	1	1	1
PLAG1_02	440	416	3172	3648	617	0.938721567581357	0.809623617510816	3.99838742314523e-09	-16.554004882222	1	1	2.01009840454483e-07
PLAG1_04	7	9	12	9	617	0.401167131472863	0.308893154852632	0.808346699588065	3.26661115382718	1	1	1
PLAG1_06	0	0	0	0	617	1	1	1	0	1	1	1
PLAG1_08	0	1	0	1	617	0.5	0.159047744710906	0.5	0	1	0.765178119217725	1
PLAGL2_02	0	0	0	0	617	1	1	1	0	1	1	1
PLAGL2_03	152	137	191	163	617	0.858932095870102	0.85331116012599	0.938467195773111	5.27519146597194	1	1	1
PLAGL2_05	0	0	0	0	617	1	1	1	0	1	1	1
PLZFB_Q3	478	458	1303	1268	617	0.918794492521434	0.732868294966009	0.761349644384255	3.03096298909719	1	1	1
POU2F1DLX2_01	0	2	0	2	617	0.249797242497972	0.078733684327829	0.249999815824234	0	1	0.604718436573464	1
POU2F1EOMES_01	456	447	1025	981	617	0.739720943593049	0.699566478389221	0.84266429417668	5.08705873788479	1	1	1
POU2F1ETV4_01	0	1	0	1	617	0.5	0.159047744710906	0.5	0	1	0.765178119217725	1
POU2F1FOXO6_01	5	10	5	12	617	0.149385110895581	0.0964302855477063	0.0717303152910611	-10.9115428199156	1	0.658345035899772	0.515154082544893
POU2F1HOXB13_01	35	34	35	40	617	0.597755953455836	0.532631487502541	0.32222736620272	-3.08363792867945	1	1	1
POU2F1SOX2_01	31	33	31	36	617	0.448986687946735	0.391366645924552	0.312699128771148	-3.25029598395371	1	1	1
POU2F1TBX21_01	5	12	6	15	617	0.0703503797729674	0.0436667049004398	0.0391757971836817	-9.29335209017026	1	0.478416728762105	0.346228378368833
POU3F1_Q6	489	467	1588	1489	617	0.941519119007008	0.823780371700296	0.964455594303908	6.23896429573907	1	1	1
POU3F2_01	460	477	2160	2527	617	0.143332963415692	0.0381443682128736	4.20894533125338e-08	-17.3838450910605	1	0.478416728762105	1.79042059091009e-06
POU4F2_01	1	1	1	1	617	0.750202757502027	0.500457389292136	0.750000184175766	0	1	1	1
POU4F2_02	20	27	21	30	617	0.186195317376729	0.148303616725776	0.131214274283331	-4.96091892147458	1	0.765178119217725	0.821941013107493
POU5F1_01	597	576	4779	4741	617	0.998230681180025	0.748906293593468	0.655833084298062	1.24291829596208	1	1	1
POU6F2_01	0	2	0	4	617	0.249797242497972	0.078733684327829	0.0624997237364534	0	1	0.604718436573464	0.467058746300793
PPARG_02	615	604	7123	7249	617	0.999542250831473	0.177069186633452	0.147262737061636	-6.19020759777323	1	0.829824239053379	0.853119061234068
PRDM10_01	0	0	0	0	617	1	1	1	0	1	1	1
PRDM12_01	11	4	11	4	617	0.982959775307637	0.965480331808207	0.982422366013298	11.5331827832506	1	1	1
PRDM14_01	3	9	3	9	617	0.0720167351038776	0.0409858160079873	0.072997156571243	-6.68398897629255	1	0.478416728762105	0.51753112287048
PRDM14_02	122	123	142	148	617	0.5	0.464373028958349	0.3845455484033	-1.74788654860358	1	1	1
PRDM15_01	27	38	28	38	617	0.101109272500948	0.0817872173565515	0.133900004273201	-4.89491297724355	1	0.611193664840175	0.822741137367558
PRDM15_02	0	0	0	0	617	1	1	1	0	1	1	1
PRDM15_03	0	5	0	5	617	0.0309968619529418	0.0125786782226906	0.0312497697805474	0	0.834627537537298	0.267538809890304	0.314202230702595
PRDM15_04	1	1	1	1	617	0.750202757502027	0.500457389292136	0.750000184175766	0	1	1	1
PRDM16_05	414	447	824	870	617	0.0236126838432972	0.0834543040403174	0.13696984777658	-3.52465188597142	0.768106715608432	0.61415479575153	0.823307889352703
PRDM1_03	447	423	802	752	617	0.94072128825036	0.932937831569282	0.902257237888997	5.22066832233687	1	1	1
PRDM4_01	0	0	0	0	617	1	1	1	0	1	1	1
PRDM5_02	1	0	1	0	617	1	0.841736601235672	1	0	1	1	1
PRDM5_03	5	8	5	10	617	0.289501767868963	0.200401403139012	0.150877555951492	-5.29214624881358	1	0.866463238819061	0.857036833819456
PREP1_Q3	422	426	786	808	617	0.426936512581701	0.369367668069686	0.299348093421223	-2.1271286776757	1	1	1
PROX1_01	4	3	4	3	617	0.774104421612281	0.647842271298486	0.773438104328066	1.82785982550998	1	1	1
PRRX2_05	0	0	0	0	617	1	1	1	0	1	1	1
PRX2_Q2	493	488	2007	2453	617	0.663851469561442	0.0116629103274546	1.19685193753392e-11	-23.2721880361173	1	0.267538809890304	9.45513030651801e-10
PSF_Q5	335	297	531	461	617	0.986847446254185	0.97995416577441	0.987960001837551	8.59579434243728	1	1	1
RARB_01	0	0	0	0	617	1	1	1	0	1	1	1
RBPJK_01	404	387	687	627	617	0.857280818759284	0.953158165682206	0.953890735063778	7.48351661479047	1	1	1
RELA_03	595	567	2944	3131	617	0.999818643822449	0.565379395735092	0.00838087037841989	-9.6120878924992	1	1	0.115865532981655
REST_04	50	70	52	75	617	0.0337817531238739	0.0263609270537005	0.0252381250233983	-9.59857340169522	0.834627537537298	0.355551040504789	0.276762216850784
RFX2_02	0	0	0	0	617	1	1	1	0	1	1	1
RFX3BHLHA15_01	7	4	7	4	617	0.887766766191605	0.818249756808687	0.88671969965839	6.12433134295505	1	1	1
RFX3FIGLA_02	35	29	37	30	617	0.815510039633691	0.780791726991784	0.835789953134081	5.40280988061179	1	1	1
RFX3HES7_01	12	6	12	6	617	0.953079843637382	0.922841797973506	0.95187487487514	10.0507528399154	1	1	1
RFX3SREBF2_01	1	1	2	2	617	0.750202757502027	0.500457389292136	0.687500276263953	0	1	1	1
RFX3SRF_01	107	95	120	108	617	0.841391744604157	0.814176743319532	0.805363089611908	5.7222044925579	1	1	1
RFX5_02	2	9	2	14	617	0.0321277323171493	0.0169345523779557	0.0020903502343978	-9.83987121895305	0.834627537537298	0.31216024883365	0.036123864988187
RFX_Q6	346	339	534	521	617	0.676609463180971	0.700339019937635	0.666825515202748	1.73426378702401	1	1	1
RLF_01	8	12	8	12	617	0.249952017763582	0.18378511934487	0.251720742741701	-3.69745414846398	1	0.835254739403722	1
ROAZ_01	0	4	0	7	617	0.0621959872791491	0.0226625821106637	0.00781237913509907	0	1	0.355551040504789	0.11077552978743
RORA2_01	165	189	213	247	617	0.0738391626912472	0.0699945520417822	0.0618685996095146	-7.48544763196175	1	0.604718436573464	0.467058746300793
RORA_05	0	0	0	0	617	1	1	1	0	1	1	1
RORA_06	0	0	0	0	617	1	1	1	0	1	1	1
RP58_01	34	21	34	21	617	0.973731124320088	0.963500497120452	0.970970456655311	9.37740762010622	1	1	1
RREB1_01	530	525	2409	2434	617	0.686121929027386	0.482058194779575	0.364866564182705	0.206511090098469	1	1	1
RREB1_04	0	0	0	0	617	1	1	1	0	1	1	1
RREB1_05	0	1	0	1	617	0.5	0.159047744710906	0.5	0	1	0.765178119217725	1
RREB_Q5	221	224	336	339	617	0.45281284669792	0.413994741227099	0.469315860381839	-0.680118488105306	1	1	1
RUNX2_02	44	34	83	37	617	0.901059857130817	0.877843697788631	0.9999930574282	25.4367553286516	1	1	1
RUNX3_01	15	10	15	10	617	0.887625183054147	0.843801250354069	0.885240681279226	6.08357183246475	1	1	1
RXRA_05	1	0	1	0	617	1	0.841736601235672	1	0	1	1	1
SALL1_01	137	126	153	151	617	0.797890992600364	0.745302717157474	0.568295030809718	0.528184588473564	1	1	1
SALL1_03	40	40	45	42	617	0.545978681523335	0.506200852422981	0.665862517113183	0.572963806330764	1	1	1
SALL3_01	220	243	303	325	617	0.0979083197765807	0.11578019505068	0.200972715211455	-3.98383987914504	1	0.719398290595799	0.985459947528599
SALL3_02	2	2	2	2	617	0.687804506849613	0.500323685944294	0.687500276263953	0	1	1	1
SATB1_Q3	85	125	100	148	617	0.00153459194844248	0.00118596735512473	0.00138211994883151	-15.3513326410408	0.424314673744346	0.0747359230614687	0.0283078641371787
SC1_01	2	3	2	3	617	0.5	0.327359997399242	0.5	-2.00194171365379	1	1	1
SCRT2_01	5	5	5	5	617	0.623548290502797	0.50020521812345	0.623047328247052	0	1	1	1
SIP1_Q6	2	0	2	0	617	1	0.921602571008796	1	0	1	1	1
SIX1_Q3	229	212	310	286	617	0.857521700460435	0.850475977300242	0.84714647494039	4.4129080000504	1	1	1
SIX3_Q6	344	375	731	975	617	0.0416268437674595	0.00107560952159892	1.85456998457635e-09	-24.0459904533812	0.920785784136204	0.0747359230614687	1.13953022385636e-07
SIX4_01	599	584	2698	2582	617	0.989367979765789	0.765246169227509	0.946664751832343	7.24828151238683	1	1	1
SMAD3_Q6	587	577	2353	2328	617	0.912272734677094	0.767521856514947	0.648275587357073	-0.414981467059536	1	1	1
SMAD3_Q6_01	534	525	1382	1336	617	0.79272185136172	0.773684818787171	0.816581551254151	4.5164523638961	1	1	1
SMAD4_Q6	616	606	5338	5257	617	0.999768690676984	0.798326199660609	0.788077225947587	6.60363385290384	1	1	1
SMAD5_02	0	2	0	2	617	0.249797242497972	0.078733684327829	0.249999815824234	0	1	0.604718436573464	1
SMAD5_Q5	600	589	5997	5489	617	0.966358073076506	0.99754116332014	0.999999080259668	16.3962150926839	1	1	1
SMAD7_01	12	21	12	22	617	0.0785467468049186	0.0558542020596428	0.0607224145465415	-6.54773374175838	1	0.551560245338972	0.467058746300793
SNAP190_01	0	2	0	2	617	0.249797242497972	0.078733684327829	0.249999815824234	0	1	0.604718436573464	1
SOX10_03	0	0	0	0	617	1	1	1	0	1	1	1
SOX10_05	0	0	0	0	617	1	1	1	0	1	1	1
SOX10_08	496	492	1169	1166	617	0.63915560406683	0.545735715194701	0.533013270372302	0.0887848136450937	1	1	1
SOX18_Q5_01	99	98	104	114	617	0.561744944757936	0.471928438969305	0.271110477586025	-3.03834079371915	1	1	1
SOX5_01	396	412	884	1000	617	0.184563182200818	0.0432040672657542	0.00400074712487148	-9.88828779798463	1	0.478416728762105	0.0614559211126091
SOX6TBX21_01	167	159	211	204	617	0.719393362215543	0.698029033936127	0.652728601513274	1.34456282185421	1	1	1
SOX8_07	0	0	0	0	617	1	1	1	0	1	1	1
SOX9_05	0	0	0	0	617	1	1	1	0	1	1	1
SOX9_09	391	385	752	723	617	0.65999143628741	0.642380717001307	0.782757821614396	1.82671003967652	1	1	1
SOX_Q6	590	581	2994	3034	617	0.902226164003909	0.38604862634671	0.30733061977941	-2.11298020706567	1	1	1
SP1SP3_Q4	365	330	2289	2360	617	0.980618318339864	0.938439883620959	0.151879945233828	1.28615804696853	1	1	0.857036833819456
SP2_04	605	589	5236	5065	617	0.997192177742853	0.987129503366813	0.955545111329252	8.82186551980303	1	1	1
SP2_06	0	0	0	0	617	1	1	1	0	1	1	1
SP3_Q3	574	568	3530	3351	617	0.775884460694692	0.977155298418528	0.985205662369401	11.4153931130187	1	1	1
SP5_Q2	49	47	56	50	617	0.624994155425776	0.596349069945729	0.751631227506093	2.92026638278915	1	1	1
SPDEF_06	0	0	0	0	617	1	1	1	0	1	1	1
SPDEF_07	5	3	5	3	617	0.856268729899972	0.761054041383362	0.855469475193412	4.39774615054641	1	1	1
SPI1_06	443	444	950	931	617	0.5	0.478109533890388	0.677760944272273	0.475333622734852	1	1	1
SREBP1_02	592	569	2989	2751	617	0.998241034940086	0.981748825320012	0.99921570046861	14.5557408770788	1	1	1
SREBP1_Q5	488	487	1083	1077	617	0.555583413001635	0.622565604046663	0.559905776297283	0.834573283942204	1	1	1
SRF_01	31	35	39	50	617	0.352274616562268	0.309897101751221	0.144540122463592	-7.75871651473246	1	1	0.850326465131555
STAF_05	0	0	0	0	617	1	1	1	0	1	1	1
STAT1_10	371	370	737	733	617	0.546265162215161	0.476157594671465	0.551904107101017	-0.630836424486152	1	1	1
STAT3_01	355	338	867	777	617	0.849123692687253	0.897844053179065	0.987653420980706	8.58036428043311	1	1	1
STAT5A_02	605	586	4788	4590	617	0.999203338180004	0.931695754815523	0.980402259306026	11.9263754629023	1	1	1
STAT5A_Q6	64	57	89	76	617	0.77804348204308	0.752188692515789	0.862157575400091	5.21714725101939	1	1	1
T3RBETA_Q6_01	456	447	969	1019	617	0.739720943593049	0.69117565840078	0.13571171861258	-4.92822652935993	1	1	0.823307889352703
TAL1BETAITF2_01	513	507	1345	1354	617	0.70063061214676	0.501297367387724	0.438750746493712	0.965256353888827	1	1	1
TAL1GATA1_02	46	37	49	39	617	0.872189855928678	0.847555172162651	0.879611070893216	6.5860521630842	1	1	1
TAL1_01	431	418	873	834	617	0.805154597058439	0.825695672270357	0.833666947297306	5.05863016929612	1	1	1
TAXCREB_01	498	474	1275	1261	617	0.959155487187319	0.824419676920397	0.617199091616872	0.29540998049347	1	1	1
TAXCREB_02	615	607	5463	5001	617	0.996942594591813	0.99892045157418	0.999997245807554	23.6342672316718	1	1	1
TBX15_02	0	0	0	0	617	1	1	1	0	1	1	1
TBX18_01	0	0	0	0	617	1	1	1	0	1	1	1
TBX1_01	0	1	0	1	617	0.5	0.159047744710906	0.5	0	1	0.765178119217725	1
TBX1_04	0	0	0	0	617	1	1	1	0	1	1	1
TBX1_05	1	0	2	0	617	1	0.841736601235672	1	0	1	1	1
TBX20_05	99	66	116	72	617	0.997825178124685	0.997317266344042	0.999510866550218	19.4008401036624	1	1	1
TBX21_01	0	0	0	0	617	1	1	1	0	1	1	1
TBX5CSX_Q5	11	3	11	3	617	0.993771346505441	0.984217910123819	0.99353049439267	17.2053558886289	1	1	1
TBX5_04	0	0	0	0	617	1	1	1	0	1	1	1
TCF11MAFG_01	559	542	1741	1719	617	0.95091713551962	0.811757161236775	0.652287293943639	3.43139445679547	1	1	1
TEAD4ALX4_01	26	45	31	48	617	0.0135720478684075	0.0104618543153329	0.0355776026910163	-10.5259336915445	0.768106715608432	0.267538809890304	0.339214039450552
TEAD4CEBPD_01	12	12	13	14	617	0.581385118455126	0.498534483607611	0.5	-1.71804112691024	1	1	1
TEAD4CLOCK_01	130	119	145	132	617	0.802650595982981	0.789547831954084	0.799878993029682	5.3060033281626	1	1	1
TEAD4ELK3_01	0	0	0	0	617	1	1	1	0	1	1	1
TEAD4EOMES_01	94	91	108	100	617	0.625087790020872	0.619526528998499	0.733663608308422	4.18641500314181	1	1	1
TEAD4ERG_02	1	1	1	1	617	0.750202757502027	0.500457389292136	0.750000184175766	0	1	1	1
TEAD4ESRRB_01	34	49	35	52	617	0.0555496515887321	0.0433113971421078	0.0428394785865654	-10.29940531802	1	0.478416728762105	0.364465102436472
TEAD4ETV7_01	0	1	0	1	617	0.5	0.159047744710906	0.5	0	1	0.765178119217725	1
TEAD4FIGLA_01	12	12	12	12	617	0.581385118455126	0.50013323187075	0.580590841359218	0	1	1	1
TEAD4FOXI1_01	91	122	106	139	617	0.0118377610173257	0.00912592218630996	0.0203382986632825	-10.1172621921253	0.768106715608432	0.267538809890304	0.239299556612664
TEAD4GATA3_01	31	29	34	30	617	0.654182980802033	0.604339929366289	0.733850465309044	2.89939065590559	1	1	1
TEAD4MAX_02	11	3	11	3	617	0.993771346505441	0.984217910123819	0.99353049439267	19.5286534636184	1	1	1
TEAD4ONECUT2_01	2	3	2	3	617	0.5	0.327359997399242	0.5	-2.31068018079557	1	1	1
TEAD4RFX5_01	17	25	17	26	617	0.135808175165731	0.103919654115171	0.111022741481668	-9.19507186165666	1	0.67608904383164	0.735642623920823
TEAD4SOX15_01	135	139	153	158	617	0.418613452716328	0.399794268594462	0.410294581710065	-1.38787386434713	1	1	1
TEAD4SOX6_01	7	13	7	13	617	0.129627412284204	0.088230271668776	0.13158621210103	-7.09408993166482	1	0.617611901681432	0.821941013107493
TEF3_Q3	506	498	1963	2287	617	0.744673858109264	0.0242950869721709	3.44111841648178e-07	-17.6781318124858	1	0.355551040504789	1.26862565620962e-05
TEF_01	278	294	400	406	617	0.19592262814179	0.194164896259435	0.430087210162739	-0.850330853558824	1	0.852168155805298	1
TEF_05	0	0	0	0	617	1	1	1	0	1	1	1
TEF_08	0	0	0	0	617	1	1	1	0	1	1	1
TFAP2B_04	87	86	154	145	617	0.565106226686768	0.56042042771783	0.71845928711262	-0.368597736731168	1	1	1
TFAP2CDLX3_03	98	105	113	122	617	0.322539914892524	0.306685893288159	0.30091458797963	-3.32975392844416	1	1	1
TFAP2CELK1_01	9	13	9	14	617	0.259837941513661	0.194084837763632	0.202434437645968	-5.75564672481509	1	0.852168155805298	0.985459947528599
TFAP2CHOXB13_01	13	20	13	20	617	0.144817577611321	0.108529789233545	0.14810023486161	-6.4824213402213	1	0.697871784257562	0.853119061234068
TFAP2CMAX_02	14	5	15	5	617	0.990839872573429	0.981338567052638	0.994091333481693	20.4466882177552	1	1	1
TFAP2CONECUT2_01	8	8	8	8	617	0.598832868527137	0.500162638287436	0.598190886318467	0	1	1	1
TFAP4MAX_02	2	4	2	4	617	0.34336890193584	0.20682305158068	0.343749654669677	-4.52830454337132	1	0.866463238819061	1
TFCP2_03	14	17	18	21	617	0.358317946639572	0.294037313489082	0.374627557487094	-3.07394362618977	1	1	1
TFE_Q6	310	248	475	400	617	0.999844759955592	0.999612893140558	0.99493662884553	10.7018346275214	1	1	1
TFIIIA_03	0	1	0	1	617	0.5	0.159047744710906	0.5	0	1	0.765178119217725	1
TFIIIA_04	0	0	0	0	617	1	1	1	0	1	1	1
TFIII_Q6	574	544	2482	2282	617	0.998812504896859	0.978405004817191	0.998236490970666	12.3264152475453	1	1	1
TFIII_Q6_01	596	580	2798	2700	617	0.989263600089982	0.875557732599352	0.909533295389085	5.52715085587596	1	1	1
THAP1_01	617	607	5881	5515	617	1	0.999603738190808	0.999722463159044	20.1827904934558	1	1	1
THRA_01	0	0	0	0	617	1	1	1	0	1	1	1
THRB_02	0	0	0	0	617	1	1	1	0	1	1	1
THRB_03	0	0	0	0	617	1	1	1	0	1	1	1
TITF1_Q3	560	567	2708	2912	617	0.272025825342823	0.0461974369800585	0.00332634185674673	-11.6501765236778	1	0.49129197403793	0.0541019719641454
TP63_01	0	0	0	0	617	1	1	1	0	1	1	1
TRF1_01	0	0	0	0	617	1	1	1	0	1	1	1
TRPS1_Q3	9	10	9	10	617	0.5	0.408760615063868	0.5	-1.22560008224929	1	1	1
TST1_01	549	534	3087	3695	617	0.917799366942962	0.00271102137733967	7.1220727347716e-14	-34.8622940223052	1	0.136290438333531	1.3128354074429e-11
VDR_01	0	1	0	1	617	0.5	0.159047744710906	0.5	0	1	0.765178119217725	1
WT1_01	443	376	2271	2201	617	0.999979683396103	0.998569084684131	0.856215479015184	15.011087258772	1	1	1
YY1_08	559	554	1695	1833	617	0.717056342632151	0.0257432121744634	0.0104509008956805	-9.22598725019173	1	0.355551040504789	0.137603528459794
YY1_12	571	556	1826	1800	617	0.94741026657367	0.64594137221442	0.673275382814398	2.40910075330837	1	1	1
ZASC1_01	0	0	0	0	617	1	1	1	0	1	1	1
ZASC1_02	0	0	0	0	617	1	1	1	0	1	1	1
ZBP89_Q4_01	404	369	2237	2256	617	0.982958720770616	0.95510082604665	0.393973291731655	1.26197061151371	1	1	1
ZBTB11_02	0	0	0	0	617	1	1	1	0	1	1	1
ZBTB1_01	0	0	0	0	617	1	1	1	0	1	1	1
ZBTB26_01	0	0	0	0	617	1	1	1	0	1	1	1
ZBTB2_Q3	219	209	284	269	617	0.74468770164237	0.744848332062579	0.751897355436094	2.65686409792416	1	1	1
ZBTB2_Q3_01	535	513	1715	1622	617	0.966478673053263	0.945419004445158	0.948375647913243	7.15975358711415	1	1	1
ZBTB33_05	48	33	66	43	617	0.967345123714836	0.95833442367446	0.989459368465223	11.2862309319326	1	1	1
ZBTB34_01	18	27	20	28	617	0.112017185805358	0.0863635625223356	0.156159111048809	-4.81178781470085	1	0.61415479575153	0.863559884099916
ZBTB38_01	0	1	0	1	617	0.5	0.159047744710906	0.5	0	1	0.765178119217725	1
ZBTB38_02	27	20	29	20	617	0.883087034789714	0.853255396824127	0.923799814579498	6.32953835770552	1	1	1
ZBTB40_01	175	155	223	198	617	0.911617844387832	0.880966030065399	0.897513589156244	4.96817514584202	1	1	1
ZBTB40_02	21	19	22	34	617	0.684906651444196	0.625827237361476	0.0704436154665107	-3.32604358061565	1	1	0.512569991486585
ZBTB41_01	0	0	0	0	617	1	1	1	0	1	1	1
ZBTB44_01	479	439	918	823	617	0.996281381377526	0.992734192660632	0.989352497263832	7.38818016895906	1	1	1
ZBTB46_01	1	2	1	2	617	0.5	0.282009386069353	0.5	-2.34790597079452	1	1	1
ZBTB49_01	0	0	0	0	617	1	1	1	0	1	1	1
ZBTB49_02	0	0	0	0	617	1	1	1	0	1	1	1
ZBTB5_01	135	108	153	132	617	0.977556962603675	0.963865487912518	0.903809782392988	5.52267675740032	1	1	1
ZEC_01	1	0	1	0	617	1	0.841736601235672	1	0	1	1	1
ZF5_B	598	581	8293	7294	617	0.993816481427206	0.999740950895481	1	37.7267141675042	1	1	1
ZFP41_02	4	2	4	2	617	0.891195718091952	0.793555484565215	0.890625517994722	4.58388969543562	1	1	1
ZFP64_03	11	4	11	5	617	0.982959775307637	0.965124498355292	0.961594487205808	7.97557352726214	1	1	1
ZFP64_04	0	0	0	0	617	1	1	1	0	1	1	1
ZFP64_05	0	0	0	0	617	1	1	1	0	1	1	1
ZFP64_06	0	0	0	0	617	1	1	1	0	1	1	1
ZFP91_01	0	0	0	0	617	1	1	1	0	1	1	1
ZFPM1_01	2	4	2	5	617	0.34336890193584	0.20644490085483	0.226561895671934	-4.51732211795427	1	0.866463238819061	1
ZFX_01	152	152	239	240	617	0.526333189804277	0.473792280988029	0.5	-2.36173564158228	1	1	1
ZFX_03	31	28	32	30	617	0.703039598654458	0.652816068106053	0.648234905654742	1.1838238840959	1	1	1
ZFX_04	0	0	0	0	617	1	1	1	0	1	1	1
ZGPAT_01	585	569	6104	5688	617	0.975616379194377	0.984591533811922	0.999942667234534	17.7903202372025	1	1	1
ZID_01	79	62	87	66	617	0.946505643878428	0.938940230135035	0.962527402443699	8.94188218918121	1	1	1
ZNF131_01	0	0	0	0	617	1	1	1	0	1	1	1
ZNF131_02	0	0	0	0	617	1	1	1	0	1	1	1
ZNF135_01	9	3	9	3	617	0.981168601945094	0.959096731597065	0.98071330609825	11.4023636734194	1	1	1
ZNF135_02	10	8	10	9	617	0.761296671253094	0.681259439246561	0.676198220256451	1.05536668046724	1	1	1
ZNF135_03	44	43	45	45	617	0.587931606030219	0.544180345418408	0.541936951794501	0	1	1	1
ZNF135_04	2	0	2	0	617	1	0.921602571008796	1	0	1	1	1
ZNF143_03	1	2	1	2	617	0.5	0.282009386069353	0.5	-2.82996242634802	1	1	1
ZNF236_01	0	0	0	0	617	1	1	1	0	1	1	1
ZNF236_02	2	3	2	3	617	0.5	0.327359997399242	0.5	-2.00194171365379	1	1	1
ZNF236_04	0	0	0	0	617	1	1	1	0	1	1	1
ZNF236_05	0	0	0	0	617	1	1	1	0	1	1	1
ZNF236_06	3	7	3	7	617	0.170873803603478	0.10221365765022	0.171874093507233	-5.07153334889156	1	0.675898482552522	0.906905203373875
ZNF236_07	5	8	5	9	617	0.289501767868963	0.201034298932204	0.211973882386698	-3.50020887386064	1	0.866463238819061	1
ZNF236_08	0	2	0	2	617	0.249797242497972	0.078733684327829	0.249999815824234	0	1	0.604718436573464	1
ZNF282_01	2	2	2	2	617	0.687804506849613	0.500323685944294	0.687500276263953	0	1	1	1
ZNF282_02	0	0	0	0	617	1	1	1	0	1	1	1
ZNF295_01	601	576	8536	7631	617	0.999831011508219	0.999859679669325	0.999999999999625	36.1982460281886	1	1	1
ZNF312_01	0	0	0	0	617	1	1	1	0	1	1	1
ZNF319_01	39	39	42	40	617	0.546520412736587	0.505972360803777	0.629677369909569	0.691484557645855	1	1	1
ZNF319_02	12	7	12	9	617	0.918107923004336	0.875219667632484	0.808346699588065	3.26661115382718	1	1	1
ZNF335_01	0	0	0	0	617	1	1	1	0	1	1	1
ZNF335_02	0	0	0	0	617	1	1	1	0	1	1	1
ZNF339_01	1	3	1	3	617	0.312195493150387	0.158556692945871	0.312499723736046	-4.08344163291209	1	0.765178119217725	1
ZNF341_01	32	27	42	30	617	0.788176395653651	0.752535202657286	0.937545898185074	7.24059724458655	1	1	1
ZNF362_01	4	4	4	4	617	0.637163907799463	0.500229253612361	0.636719152885823	0	1	1	1
ZNF366_02	1	0	1	0	617	1	0.841736601235672	1	0	1	1	1
ZNF367_01	161	160	189	189	617	0.551621262112151	0.529111437329401	0.520508666013686	0	1	1	1
ZNF384_02	28	39	28	45	617	0.104365790621391	0.0801875387170497	0.0301815770097604	-8.43057319969069	1	0.607448067267513	0.314202230702595
ZNF410_01	0	1	0	1	617	0.5	0.159047744710906	0.5	0	1	0.765178119217725	1
ZNF436_01	14	5	19	5	617	0.990839872573429	0.981338567052638	0.9992281302331	20.6987744807755	1	1	1
ZNF436_02	3	2	3	2	617	0.813007511416022	0.673163970480331	0.812500460439923	2.23864380474763	1	1	1
ZNF438_01	14	19	14	20	617	0.240440085511623	0.187912698817716	0.195761168007986	-4.86929609987067	1	0.844843271920301	0.984144780985601
ZNF450_01	29	31	29	34	617	0.447417164831996	0.390959629781933	0.307323382553652	-2.87062772316914	1	1	1
ZNF499_01	6	5	6	5	617	0.726505199255129	0.619143534016229	0.725586768452928	1.41587708174686	1	1	1
ZNF507_01	34	24	35	24	617	0.930808898998959	0.911480905535979	0.941265305699326	6.70314284266226	1	1	1
ZNF513_01	0	0	0	0	617	1	1	1	0	1	1	1
ZNF515_02	0	0	0	0	617	1	1	1	0	1	1	1
ZNF516_01	110	113	127	134	617	0.441199722890789	0.403741927164758	0.35519828427701	-1.83014824322079	1	1	1
ZNF521_01	4	7	4	7	617	0.273494800744871	0.182009427217139	0.274413231547072	-3.81789589186218	1	0.835254739403722	1
ZNF521_02	0	0	0	0	617	1	1	1	0	1	1	1
ZNF521_03	0	0	0	0	617	1	1	1	0	1	1	1
ZNF536_01	31	37	36	37	617	0.2665317953391	0.238681907276421	0.5	-0.520724553964085	1	0.95645720814392	1
ZNF536_03	0	0	0	0	617	1	1	1	0	1	1	1
ZNF592_02	602	583	2549	2472	617	0.998421905638308	0.764203153174033	0.864947945479046	5.60428224373394	1	1	1
ZNF651_01	0	0	0	0	617	1	1	1	0	1	1	1
ZNF652_03	0	0	0	0	617	1	1	1	0	1	1	1
ZNF672_02	8	5	8	5	617	0.867855979189777	0.79858585505416	0.866578305834942	3.95051772845695	1	1	1
ZNF672_03	27	34	29	34	617	0.215480054989484	0.182950653375065	0.307323382553652	-2.87062772316914	1	0.835254739403722	1
ZNF687_01	0	0	0	0	617	1	1	1	0	1	1	1
ZNF710_01	0	2	0	2	617	0.249797242497972	0.078733684327829	0.249999815824234	0	1	0.604718436573464	1
ZNF710_02	0	0	0	0	617	1	1	1	0	1	1	1
ZNF711_02	1	1	1	2	617	0.750202757502027	0.5	0.5	-2.34790597079452	1	1	1
ZNF76_01	1	0	1	0	617	1	0.841736601235672	1	0	1	1	1
ZNF770_01	11	11	13	12	617	0.584853532887781	0.500278078831301	0.654982387229265	0.867304059516243	1	1	1
ZNF775_02	11	3	11	3	617	0.993771346505441	0.984217910123819	0.99353049439267	14.5149685738495	1	1	1
ZNF777_02	606	593	4531	4075	617	0.992406426806074	0.998941728099881	0.999999615428331	28.2094753566833	1	1	1
ZXDB_01	252	251	555	544	617	0.546115940417462	0.530526746126561	0.641361705113863	1.14924612313902	1	1	1
ZXDL_01	0	0	0	0	617	1	1	1	0	1	1	1
