transcription_factor	no_search_sites	no_background_sites	sum_search_sites	sum_background_sites	no_gene_sites	fisher_pval	wilcox_pval	fisher_pval2	zscore	fisher_adjusted	wilcox_adjusted	fisher2_adjusted
AEBP2_02	0	0	0	0	978	1	1	1	0	1	1	1
AFP1_Q6	49	51	52	53	978	0.459147673307719	0.420984702011737	0.5	-0.630589840725287	1	1	1
AHRARNT_01	668	593	1514	1418	978	0.999836513798178	0.996086462755727	0.963491361304693	9.8432360197556	1	1	1
AHRARNT_02	696	661	1717	1548	978	0.961322457669873	0.979504787841037	0.998549300301616	15.7119428520587	1	1	1
AHR_01	796	797	2162	2182	978	0.5	0.609307239915606	0.386458086105062	-1.54219634142583	1	1	1
AIOLOS_01	6	4	6	5	978	0.828755686516933	0.736402990333224	0.725586461730041	1.48468501888278	1	1	1
ALX4_01	0	0	0	0	978	1	1	1	0	1	1	1
AMYB_01	0	1	0	1	978	0.5	0.158902794249874	0.5	0	1	0.828992879435664	1
AP1FJ_Q2	867	845	2411	2490	978	0.942310253046917	0.265132793850367	0.132329296419818	-5.08204519600093	1	1	0.745565348349879
AP2ALPHA_03	928	908	18109	16364	978	0.976274009492956	0.995412427129852	1	34.5221517452803	1	1	1
AP2_Q6	860	822	9319	8658	978	0.994518790993498	0.985901853869541	0.999999645171472	23.9293484598662	1	1	1
AP4_01	0	0	0	0	978	1	1	1	0	1	1	1
APA1_02	2	0	2	0	978	1	0.921509515976452	1	0	1	1	1
AREB6_01	862	823	2231	2169	978	0.995622527035488	0.844031285085345	0.82912968479135	5.02374780422698	1	1	1
ARNTLBHLHA15_01	0	1	0	1	978	0.5	0.158902794249874	0.5	0	1	0.828992879435664	1
ARNTL_01	2	3	4	6	978	0.500000000000001	0.327360253841301	0.376952839056341	-1.82829879553533	1	1	1
AR_02	705	675	1368	1278	978	0.937969068745565	0.903014776767661	0.961660028688448	13.1270053391528	1	1	1
AR_12	0	0	0	0	978	1	1	1	0	1	1	1
ATF3_05	7	4	7	4	978	0.887379129855549	0.817840335954009	0.886719349119212	4.89965954794996	1	1	1
ATF4TEF_01	19	12	19	12	978	0.926811979378602	0.897454704574962	0.925195073832349	6.95879908003458	1	1	1
BACH1_01	194	196	230	257	978	0.477438182016363	0.390535976358509	0.119321844885749	-5.07357968162326	1	1	0.719419060048251
BATF3_01	0	0	0	0	978	1	1	1	0	1	1	1
BATFJUN_01	32	31	38	35	978	0.600959293209136	0.553990142843092	0.68001638332107	0.960585508316281	1	1	1
BATF_04	1	1	1	1	978	0.750127877237852	0.500288514255494	0.750000116192655	0	1	1	1
BCL11A_03	63	55	67	57	978	0.803599377333669	0.778960948282677	0.8383831578059	2.97927827591766	1	1	1
BCL6_02	870	836	2795	2692	978	0.991178937203911	0.89544837543648	0.920109777832552	5.83457061572627	1	1	1
BEN_02	970	962	8145	7487	978	0.968848430320145	0.999874289594809	0.999999939116057	21.1334420811699	1	1	1
BMAL1_Q6	311	293	376	359	978	0.823783368497191	0.788984164944249	0.74665843641789	2.68691862872307	1	1	1
BRACH_01	0	0	0	0	978	1	1	1	0	1	1	1
BRN3B_01	3	4	3	4	978	0.5	0.3526563345352	0.5	-1.58335982591123	1	1	1
BTEB3_Q5	942	927	11736	11428	978	0.960631390060312	0.998947862933299	0.979389532933018	24.8709613843762	1	1	1
CACCCBINDINGFACTOR_Q6	861	791	3650	3482	978	0.999995657585323	0.999546943128503	0.977494496197192	14.5310654910775	1	1	1
CARF_01	7	3	7	3	978	0.945762066759955	0.897629020227481	0.945312908489802	7.57249417751227	1	1	1
CDC5_01	133	134	151	157	978	0.500000000000001	0.456634257838173	0.387879277582667	-1.6288721744193	1	1	1
CDPCR3_01	750	712	1696	1617	978	0.978833259911432	0.799973106403021	0.917885798040042	7.90388291556317	1	1	1
CDP_01	858	853	3378	3800	978	0.65901000797385	0.0288379150177868	3.19888445659382e-07	-21.8871804213731	1	0.483253545601094	1.47415258708032e-05
CDP_Q6_01	782	770	2214	2361	978	0.766094549085038	0.224264395453104	0.0153488868330302	-10.1284551475836	1	1	0.181482239225376
CEBPGELF1_01	84	77	89	84	978	0.744728026671284	0.716453105019551	0.675810065455748	1.41670069710519	1	1	1
CEBPG_Q6	846	835	4247	4551	978	0.78245368650625	0.0638257528155304	0.00060339337370785	-13.1575003491353	1	0.690834631488506	0.012358390209646
CIZ_03	0	1	0	1	978	0.5	0.158902794249874	0.5	0	1	0.828992879435664	1
CLOCKFIGLA_01	147	108	178	129	978	0.996430334960007	0.995735720712157	0.997878048507945	18.767596660602	1	1	1
CLOCKNHLH1_01	43	41	47	45	978	0.630928899116762	0.587915664213165	0.622676672503909	1.67845703970655	1	1	1
CMYB_01	0	0	0	0	978	1	1	1	0	1	1	1
CMYC_02	539	525	1210	1208	978	0.752046904644693	0.585487408568983	0.524336763654537	0.51577166136545	1	1	1
COE2_02	1	1	1	1	978	0.750127877237852	0.500288514255494	0.750000116192655	0	1	1	1
CP2_01	969	952	6063	6186	978	0.999143603028599	0.361058926587331	0.134476369499851	-4.91433572307122	1	1	0.745565348349879
CPEB1_01	649	691	1679	1964	978	0.0229531413896575	0.000386638675011601	1.22900163550583e-06	-17.0379297102915	1	0.042762237456283	4.85455646024802e-05
CREB3L1_02	0	1	0	1	978	0.5	0.158902794249874	0.5	0	1	0.828992879435664	1
CREBP1_Q2	578	552	1133	1076	978	0.891776606271	0.881700040654808	0.891529075822261	3.02961290102107	1	1	1
CRX_02	447	451	590	681	978	0.445865188704831	0.151376190112535	0.00576676929284727	-12.7379522245995	1	0.828992879435664	0.0797255854736135
CTCF_04	795	761	3138	3002	978	0.975167327134747	0.857356085185575	0.960021106552915	8.79872351631166	1	1	1
CTCF_06	947	933	5323	5177	978	0.960692144109166	0.895452002482593	0.924796940963602	5.3540192669568	1	1	1
CTF1_01	780	766	2300	2348	978	0.7976406842251	0.371730858476146	0.245056504533563	-1.27460051744433	1	1	1
CTIP2_01	5	3	5	4	978	0.85597291138622	0.760194028148324	0.746094207509535	1.58296693087614	1	1	1
CUX1HOXA13_01	5	2	5	2	978	0.937835677308874	0.872026841556723	0.937500305005719	8.39701791345186	1	1	1
CUX1HOXB13_01	13	20	13	20	978	0.146040047062237	0.109636984231308	0.148101323567913	-6.09189479889617	1	0.749593252591278	0.787500307048616
CUX1NHLH1_02	6	0	6	0	978	1	0.992917390233659	1	0	1	1	1
CUX1RFX5_01	16	25	16	26	978	0.103097522341244	0.077428957470813	0.0820726421287015	-9.22202014809842	1	0.690834631488506	0.57450849490091
CUX1SRF_01	2	2	2	2	978	0.687691963180785	0.500204114882176	0.687500174289104	0	1	1	1
CUX1_06	0	4	0	4	978	0.0623082332512247	0.0226948664893873	0.0624998257110582	0	1	0.448691661170075	0.460832048242869
CUX2_02	0	1	0	1	978	0.5	0.158902794249874	0.5	0	1	0.828992879435664	1
DEAF1_02	43	41	46	44	978	0.630928899116762	0.588006057933955	0.623985916081576	1.19326608354649	1	1	1
DEC_Q1	809	786	2035	2031	978	0.919097514812009	0.762145340543733	0.531278982886331	1.70721323017956	1	1	1
DLX3_01	607	628	1605	1916	978	0.174284545944427	0.00901083965401772	8.39134163917593e-08	-27.3320218586848	1	0.3284544212264	4.64041192646429e-06
DMRT2_01	40	40	41	43	978	0.545401853033097	0.49632221673819	0.456600333927253	-1.75271129003528	1	1	1
DRRS_02	51	51	52	53	978	0.540473620593142	0.497926328750615	0.5	-0.435071583269407	1	1	1
E2F1EOMES_02	44	41	49	46	978	0.671218313748475	0.631346891953838	0.659132078351178	0.487467658645703	1	1	1
E2F1HES7_02	31	29	33	32	978	0.652815118740091	0.601649317634244	0.597842955098095	0.938773208753242	1	1	1
E2F1NHLH1_01	27	20	29	20	978	0.881384750062512	0.85070440740809	0.923798448618981	10.042279167263	1	1	1
E2F2_05	0	0	0	0	978	1	1	1	0	1	1	1
E2F3DRGX_01	23	19	23	20	978	0.782099357740619	0.732462498740144	0.728810024286231	2.19137363129553	1	1	1
E2F3FOXI1_01	64	61	68	65	978	0.644156845667393	0.608798801635844	0.635577065384456	1.37629381839691	1	1	1
E2F3ONECUT2_01	1	1	1	1	978	0.750127877237852	0.500288514255494	0.750000116192655	0	1	1	1
E2F7_01	0	0	0	0	978	1	1	1	0	1	1	1
E2F_01	947	927	4120	4307	978	0.991336084555629	0.242302697267013	0.021167375533322	-9.31976850643464	1	1	0.220859597545794
E4BP4_01	23	32	26	32	978	0.136870953097015	0.111785470364512	0.255918296779974	-5.3042356589555	1	0.749593252591278	1
EGR3_05	1	0	1	0	978	1	0.841592033407629	1	0	1	1	1
EGR4_02	0	0	0	0	978	1	1	1	0	1	1	1
EGR_Q6	704	648	3070	3108	978	0.997372966028075	0.996841219140562	0.318674432731757	6.45106004831705	1	1	1
ELK1FOXI1_01	1	2	1	2	978	0.500000000000001	0.281951091532373	0.5	-2.91685885414644	1	1	1
ELK1HOXA3_01	28	20	29	21	978	0.906051173859866	0.878551399496863	0.898683250899129	8.35141407798455	1	1	1
ELK1PAX9_01	0	0	0	0	978	1	1	1	0	1	1	1
ELK1SREBF2_02	7	4	7	4	978	0.887379129855549	0.817840335954009	0.886719349119212	5.93767662063379	1	1	1
ERBETA_Q5	774	763	1792	1759	978	0.745786280749988	0.729999277013564	0.716008778414425	3.06360925971725	1	1	1
ERFCLOCK_01	22	18	22	19	978	0.787605990549665	0.737425058697211	0.73364733739436	2.97418326715707	1	1	1
ERFMAX_01	1	1	1	1	978	0.750127877237852	0.500288514255494	0.750000116192655	0	1	1	1
ERFONECUT2_01	3	8	3	8	978	0.112620870144451	0.0653791773681249	0.113280650880788	-7.74662013909054	1	0.690834631488506	0.711865908375861
ERFSREBF2_02	3	0	3	0	978	1	0.958499075139334	1	0	1	1	1
ESRRG_02	1	0	1	0	978	1	0.841592033407629	1	0	1	1	1
ETS1_03	0	0	0	0	978	1	1	1	0	1	1	1
ETV2ONECUT2_01	1	0	1	0	978	1	0.841592033407629	1	0	1	1	1
ETV2RFX5_02	1	0	1	0	978	1	0.841592033407629	1	0	1	1	1
ETV2SPDEF_01	0	0	0	0	978	1	1	1	0	1	1	1
ETV2TBX21_03	7	2	7	2	978	0.980684155453389	0.952582718194747	0.980468946074786	16.8824649212156	1	1	1
ETV2TCF3_01	92	75	97	79	978	0.927458796848863	0.915521078065712	0.924063754413681	8.46930010596639	1	1	1
ETV5EOMES_01	209	199	249	233	978	0.729765839461463	0.730299476723741	0.780641495679635	5.54039922512305	1	1	1
ETV5HES7_01	625	570	2204	1870	978	0.995310388513151	0.998613919856821	0.999999926516563	28.5592152031597	1	1	1
ETV6_01	8	8	8	9	978	0.59859428073435	0.499283393598053	0.5	-1.29183832289416	1	1	1
ETV7TBX21_01	20	13	20	13	978	0.92040375234785	0.890430333855174	0.918623783902288	8.86770858042714	1	1	1
EVI1_01	24	26	78	28	978	0.443131043826362	0.38777217906904	0.999999783746519	13.1640055928819	1	1	1
EVI1_03	47	53	51	57	978	0.303974475071689	0.269689386264412	0.315312616570313	-2.74422019205943	1	1	1
EVI1_09	0	0	0	0	978	1	1	1	0	1	1	1
EVX2_03	864	837	4192	4775	978	0.97004495705863	0.00981011677827225	3.61335044797569e-10	-23.4834310971371	1	0.3284544212264	3.33030466288426e-08
EVX2_04	8	11	8	11	978	0.322986796763056	0.244719307543734	0.323802210973019	-2.76398117193661	1	1	1
FKHL14_Q2	232	228	323	320	978	0.605089055868678	0.626160261877427	0.562672393408345	2.26078009050191	1	1	1
FLI1CEBPB_01	0	0	0	0	978	1	1	1	0	1	1	1
FOXC1_Q4	685	675	1853	2057	978	0.705516456138333	0.0637874857642033	0.000576911199520843	-13.3373006027232	1	0.690834631488506	0.0122704574359625
FOXD2_04	0	0	0	0	978	1	1	1	0	1	1	1
FOXG1_01	0	0	0	0	978	1	1	1	0	1	1	1
FOXG1_02	0	0	0	0	978	1	1	1	0	1	1	1
FOXI1_03	0	0	0	0	978	1	1	1	0	1	1	1
FOXJ2_02	664	679	2251	2812	978	0.247498595762803	0.00337246263862836	1.54316672975388e-15	-29.2648497245359	1	0.207219093240165	4.26685600776947e-13
FOXJ2_03	2	10	2	10	978	0.0189993032640034	0.0102892490775045	0.0192868472612584	-9.16581011813441	1	0.3284544212264	0.209129932068155
FOXL2_Q2	270	303	369	425	978	0.0559172110967596	0.0485113098456891	0.0254208468986609	-9.629573403204	1	0.62746318583307	0.246626812894026
FOXL2_Q5	661	674	1421	1550	978	0.279995972329565	0.0877575284840322	0.00938045743805556	-10.5671051405875	1	0.718961080847614	0.123509356267731
FOXM1_Q3	903	876	4984	5061	978	0.986453634062088	0.524701842122709	0.223606542327587	-3.90608874530867	1	1	1
FOXN4_01	978	966	14354	13767	978	1	0.988197212174894	0.999791954395831	26.0996382904561	1	1	1
FOXO1ETV7_01	3	8	4	8	978	0.112620870144451	0.0656949594037134	0.193846982240104	-6.36455709793104	1	0.690834631488506	0.948649390962631
FOXO3_01	624	616	1339	1401	978	0.663639024016943	0.341141618547835	0.121786899935659	-4.99655596550013	1	1	0.719419060048251
FOXO3_03	0	0	0	0	978	1	1	1	0	1	1	1
FOXO6_03	2	5	2	5	978	0.226142257720161	0.128135216585705	0.22656211874232	-4.89952003338323	1	0.82393924153366	1
FOXP1_01	1	5	1	5	978	0.109015161270851	0.051059391252239	0.109374673208006	-7.84908096305261	1	0.62746318583307	0.703304584697995
FXR_Q3	513	544	824	934	978	0.0867338993048184	0.0134140462387934	0.00464171796322186	-11.2052480213494	1	0.370898378502637	0.0733391438189053
GATA5_06	176	210	202	234	978	0.0303643285236563	0.0315329114536217	0.0687556536756357	-5.07151827191492	1	0.500191258481982	0.493790603670475
GATAD2A_01	964	951	6245	6204	978	0.987028595150183	0.703780581960149	0.647106292940124	0.71446335201367	1	1	1
GCM1CEBPB_01	0	0	0	0	978	1	1	1	0	1	1	1
GCM1ELF1_02	151	137	174	156	978	0.830750421429809	0.819183081351037	0.852224017683477	5.38707416716733	1	1	1
GCM1ELK3_01	4	4	4	4	978	0.636999127102536	0.500144479128278	0.636719004171964	0	1	1	1
GCM1ETV4_01	60	40	62	45	978	0.984683621425155	0.978795467102035	0.959327255535139	9.46499829860239	1	1	1
GCM1ETV7_01	12	13	12	15	978	0.5	0.418407015473707	0.350553116249855	-1.88928406012906	1	1	1
GCM1FOXI1_01	113	106	136	124	978	0.716860477421144	0.698133838276823	0.789931234718196	3.87590832525235	1	1	1
GCM1MAX_03	2	2	2	2	978	0.687691963180785	0.500204114882176	0.687500174289104	0	1	1	1
GCM1NHLH1_01	192	214	235	250	978	0.120832532585565	0.152284835930139	0.262481578015698	-4.83578051637007	1	0.828992879435664	1
GCM1ONECUT2_01	1	3	1	3	978	0.312308036819216	0.158593194600637	0.312499825710896	-4.54676664935967	1	0.828992879435664	1
GCM1PITX1_02	288	283	387	425	978	0.617291302094739	0.577750732710891	0.0970094037007156	-6.93739584073813	1	1	0.646339762005973
GCM1SOX2_01	2	2	2	2	978	0.687691963180785	0.500204114882176	0.687500174289104	0	1	1	1
GCM1TBX21_02	26	31	26	33	978	0.295578873159916	0.248582173032904	0.217493241521999	-6.3511194759953	1	1	1
GCM1_05	37	38	55	53	978	0.5	0.467723691935624	0.613508514116581	-2.97370117747558	1	1	1
GCM2E2F8_01	393	368	744	925	978	0.886061404708531	0.783033281052586	5.12633929081197e-06	-16.4749386229387	1	1	0.000157492534878834
GCM2HES7_01	438	403	883	825	978	0.949944604131391	0.925147445078081	0.923389229838321	9.18647431772578	1	1	1
GCM2HOXA13_01	10	13	10	13	978	0.337905826260158	0.26471430290166	0.338818918166683	-3.15057610868637	1	1	1
GCM2MAX_01	273	258	336	335	978	0.792023072868987	0.705718447193114	0.53077240831954	0.120596555725148	1	1	1
GCM2SOX15_01	106	94	111	99	978	0.834015191602857	0.813420273022511	0.815155802203036	5.38732217700946	1	1	1
GCM2TBX21_02	4	5	4	5	978	0.5	0.369312063204707	0.5	-1.84482467630531	1	1	1
GCNF_01	8	21	8	23	978	0.0115486351560873	0.007458954421032	0.0053366453896012	-12.5448011217904	0.912342177330897	0.3284544212264	0.0756708948833196
GFI1B_01	694	701	1464	1556	978	0.382111249541893	0.136778077282198	0.0487438168958095	-7.65067171136375	1	0.828992879435664	0.390656967295401
GLI3_03	0	0	0	0	978	1	1	1	0	1	1	1
GLIS1_01	0	0	0	0	978	1	1	1	0	1	1	1
GMEB2_02	1	1	1	1	978	0.750127877237852	0.500288514255494	0.750000116192655	0	1	1	1
GMEB2_03	3	7	3	8	978	0.171244313483067	0.102313402751325	0.113280650880788	-6.66197062993295	1	0.749593252591278	0.711865908375861
GRE_C	968	940	6997	6666	978	0.999993964341319	0.948515465350406	0.997810524113104	18.4061753664026	1	1	1
GRHL1_01	19	19	27	28	978	0.56492626507847	0.499532366415237	0.5	-1.00642545666477	1	1	1
GZF1_01	0	0	0	0	978	1	1	1	0	1	1	1
HELIOS_01	4	3	4	3	978	0.773857742279839	0.647631142466056	0.77343788125768	1.91669873662938	1	1	1
HES1_Q2	840	802	2250	2153	978	0.991898364992901	0.914246504079065	0.93035614119017	7.69182067375394	1	1	1
HES5_01	0	0	0	0	978	1	1	1	0	1	1	1
HESX1_02	3	0	3	0	978	1	0.958499075139334	1	0	1	1	1
HIC1_03	678	608	1675	1401	978	0.999644163629153	0.999957135694046	0.999999656672116	30.6113905751376	1	1	1
HIC2_01	938	912	4759	4543	978	0.996622880139966	0.995960244135406	0.987930337345784	9.49322713635649	1	1	1
HIC2_03	0	0	0	0	978	1	1	1	0	1	1	1
HIF1_Q5	647	607	1390	1309	978	0.973378394188269	0.934159573608401	0.942883178718261	8.56913912256027	1	1	1
HINFP_02	0	0	0	0	978	1	1	1	0	1	1	1
HINFP_03	1	0	2	0	978	1	0.841592033407629	1	0	1	1	1
HMX1_01	1	2	1	2	978	0.500000000000001	0.281951091532373	0.5	-2.2391902066038	1	1	1
HNF1B_01	735	741	2296	2428	978	0.396393469661833	0.112506763047154	0.0281855547358275	-11.6748050330796	1	0.749593252591278	0.268734685670907
HNF1_C	272	297	384	462	978	0.116071526257351	0.0563818260793306	0.00403166761011406	-14.1369860620641	1	0.677807604823257	0.065573887893914
HNF3B_01	581	614	1533	1773	978	0.0688813404617011	0.0275547371644411	1.58024106448911e-05	-15.7004184928612	1	0.476180301622998	0.000436936654331239
HNF4A_09	828	778	2049	1928	978	0.998704223576894	0.987668668273673	0.973594356322305	7.28397779114657	1	1	1
HNF4GAMMA_01	0	0	0	0	978	1	1	1	0	1	1	1
HNF6_Q6	229	240	291	321	978	0.29821103788463	0.223086847178061	0.120501845612259	-5.94013758282179	1	1	0.719419060048251
HOX13_01	654	662	1311	1446	978	0.367938710652758	0.0316576745874672	0.00532319787622928	-21.7648219942204	1	0.500191258481982	0.0756708948833196
HOXB13EOMES_01	828	802	2615	2741	978	0.949353032024619	0.094148303325296	0.0436155439891138	-7.91634955232224	1	0.723111274151232	0.365445391302726
HOXB13TBX3_01	123	142	132	152	978	0.117153999816931	0.106911273122471	0.129743305157675	-6.28174441539911	1	0.749593252591278	0.739670595383447
HOXB2ELK1_02	2	2	2	2	978	0.687691963180785	0.500204114882176	0.687500174289104	0	1	1	1
HOXB2ESRRB_01	1	0	1	0	978	1	0.841592033407629	1	0	1	1	1
HOXB2PITX1_01	144	159	173	198	978	0.190827499408018	0.161403914070113	0.106330929930438	-5.87252088300176	1	0.834171630661424	0.691776520606261
HOXB2RFX5_01	142	154	161	171	978	0.243855491526146	0.237040629311241	0.31069439444994	-3.20182806231983	1	1	1
HOXB2_03	2	3	2	3	978	0.500000000000001	0.327360253841301	0.5	-1.9170556811767	1	1	1
HOXC10TBX21_01	14	22	14	22	978	0.119301541797063	0.0892707617916397	0.121490499991016	-6.18003606987753	1	0.718961080847614	0.719419060048251
HOXD10_Q2	234	311	346	564	978	6.21660183204766e-05	1.13340169552194e-05	2.43050763087119e-13	-25.4525087811053	0.0343778081312235	0.00626771137623632	4.48023573290589e-11
HOXD12EOMES_01	2	2	2	2	978	0.687691963180785	0.500204114882176	0.687500174289104	0	1	1	1
HOXD12ETV4_01	0	0	0	0	978	1	1	1	0	1	1	1
HOXD12TBX21_01	5	6	5	6	978	0.5	0.38133504247976	0.5	-1.68409934091472	1	1	1
HOXD13_01	513	538	933	1138	978	0.138217626097741	0.00832921468279829	3.58937947975045e-06	-23.3132647976795	1	0.3284544212264	0.000124057928268875
HOXD13_04	17	27	17	27	978	0.0846466282614105	0.0637220465649958	0.087083370478106	-6.11700288415587	1	0.690834631488506	0.59453214659744
HOXD9_Q2	484	537	804	1046	978	0.00927990109339979	0.000226499953645968	9.9273556883201e-09	-22.1900692353517	0.889844555165351	0.0374953835898161	6.86228461955127e-07
HSF2_02	205	251	282	334	978	0.00802705205787686	0.00979676534031113	0.0198893161932453	-9.63857392994487	0.889844555165351	0.3284544212264	0.211515227978166
HSF2_Q6	116	109	134	138	978	0.714583003036243	0.65678256452427	0.42784667117134	0.336231147006579	1	1	1
HSFY1_01	114	96	165	128	978	0.917452658943646	0.918601426290846	0.986879566680811	10.4888149207526	1	1	1
IK1_01	974	960	6948	6648	978	0.999598481817696	0.98221850220978	0.995197267004688	12.0607439716061	1	1	1
IK3_01	971	952	6188	5821	978	0.999855088492212	0.997134013524551	0.999621086712617	17.9771387961448	1	1	1
IRF4_05	1	0	1	0	978	1	0.841592033407629	1	0	1	1	1
IRF4_09	562	503	1005	783	978	0.99678359349811	0.999325540486714	0.99999993631379	24.132391621324	1	1	1
IRF4_Q5	224	196	267	228	978	0.944884029117204	0.945824365233176	0.963970862664826	8.01984328915953	1	1	1
IRF7_04	8	5	8	5	978	0.867382605702478	0.79811304357348	0.866577878614549	5.31085891663649	1	1	1
IRF7_Q3	524	512	952	867	978	0.722035868379303	0.539120683109742	0.978181519821815	5.94957374381282	1	1	1
ISL2_03	962	946	7418	7363	978	0.993904839527494	0.499679787808666	0.678031497679162	1.40596293370397	1	1	1
ISRE_01	176	147	209	171	978	0.966199716100595	0.966414791521184	0.977366007705057	10.4011885507528	1	1	1
KAISO_01	277	284	360	353	978	0.382111249541893	0.444236745414327	0.61776651735161	1.12843225980545	1	1	1
KAISO_Q2	935	924	17985	16546	978	0.894411088359993	0.997491026341561	0.999999999999997	36.4461055543198	1	1	1
KLF13_01	10	13	12	16	978	0.337905826260158	0.264294965915144	0.285792830057181	-4.2145893167426	1	1	1
KLF8_01	16	12	17	12	978	0.829286949216912	0.777486052306916	0.867536169130452	4.2822294492636	1	1	1
KLF9_01	196	171	235	216	978	0.933975826964983	0.92157028615794	0.826863173307103	4.5998818851729	1	1	1
LBX2_03	932	905	6843	7422	978	0.996076947752477	0.0253750198227168	5.98420639598292e-07	-20.0834591949914	1	0.473438951907482	2.54558933613735e-05
LEF1_05	636	631	1267	1260	978	0.611793756352133	0.604302042061191	0.563256702947687	0.927476940636322	1	1	1
LHX2_03	13	16	21	29	978	0.354490587556043	0.28333605845036	0.161115339186411	-1.91241253837387	1	1	0.833486153819787
LHX3_01	480	503	1667	2003	978	0.159895661544262	0.0156154475808238	1.52733182819892e-08	-22.9398124382125	1	0.392672365999692	9.38460556660005e-07
LHX6_06	2	2	3	3	978	0.687691963180785	0.500204114775257	0.656250217861531	0	1	1	1
LHX6_07	1	2	1	3	978	0.500000000000001	0.281751685089454	0.312499825710896	-2.45183330808792	1	1	1
LRF_Q6	824	759	3664	3397	978	0.999929479466535	0.999229011501256	0.999300694550163	16.2796585709526	1	1	1
LYF1_01	896	880	2785	2916	978	0.908266343293932	0.190275559072492	0.0423470585535544	-6.64889316347562	1	0.947949406910703	0.365445391302726
MAFA_Q4_01	858	821	2312	2161	978	0.993190386316619	0.965186436563708	0.988554621941357	11.2124501393967	1	1	1
MAFB_Q4	955	937	4344	4141	978	0.992439733887342	0.989887837644628	0.986760388055897	10.0118792005969	1	1	1
MAFF_01	2	2	3	2	978	0.687691963180785	0.500612344192232	0.81250029048184	0	1	1	1
MAFF_04	0	0	0	0	978	1	1	1	0	1	1	1
MAX_11	55	64	57	67	978	0.224664720932725	0.196406402186113	0.209530157059279	-3.16768404024864	1	0.961174693884252	0.99034339191266
MEF2_01	0	0	0	0	978	1	1	1	0	1	1	1
MEF2_04	350	420	541	677	978	0.000699550362192047	0.000271214347846771	5.37481550422345e-05	-23.164824061744	0.193425675146101	0.0374953835898161	0.00135103316992526
MEIS1AHOXA9_01	934	912	5209	5396	978	0.98820316508818	0.156425499420881	0.0350963161771759	-8.51082349831808	1	0.828992879435664	0.318168243376693
MEIS1DLX3_01	50	58	53	59	978	0.244241650477194	0.217966855502768	0.318395488392665	-2.835481687464	1	1	1
MEIS1DRGX_01	839	815	2324	2287	978	0.941193119343467	0.522552963600992	0.712329992633201	2.20901607251936	1	1	1
MEIS1EOMES_01	959	937	4696	4612	978	0.998854086506857	0.960425326100385	0.811365726756584	3.46855806831062	1	1	1
MEIS1SOX2_01	15	13	15	13	978	0.715609748287066	0.648322830492702	0.714207169942819	2.18434319820318	1	1	1
MEIS1_02	195	201	216	226	978	0.389235162766445	0.36569744361027	0.334302204452778	-2.58894004606469	1	1	1
MEIS1_06	2	4	2	4	978	0.343509861554378	0.206928574522259	0.343749782138469	-3.39207199473459	1	0.995056536615732	1
MEIS2ONECUT2_01	4	7	4	7	978	0.273835339325644	0.182323134424052	0.274413538269959	-4.72125838875546	1	0.924997186573403	1
MEIS2_05	0	0	0	0	978	1	1	1	0	1	1	1
MEOX2_03	3	1	3	1	978	0.937691766748775	0.841654219082182	0.937500174288942	7.07247023397373	1	1	1
MGADLX2_01	18	21	18	21	978	0.373393783096985	0.313853425295712	0.374628205262897	-2.20437485683329	1	1	1
MIBP1_Q6	588	597	1028	1116	978	0.355638143840435	0.0939702288918257	0.0300516193056849	-8.84477353270286	1	0.723111274151232	0.281670262305826
MIZF_03	0	0	0	0	978	1	1	1	0	1	1	1
MRF2_01	80	89	83	95	978	0.259895197932605	0.231142280789377	0.204858339551252	-4.45584717960429	1	1	0.97660915320554
MSX1_01	798	787	2202	2219	978	0.755543265512418	0.412166858967298	0.404824503939796	-1.19686303122961	1	1	1
MSX1_Q5	105	129	125	160	978	0.0544500030977955	0.0468455389593114	0.0219038272798919	-9.95727840331942	1	0.62746318583307	0.224311416403337
MSX2_03	7	9	7	9	978	0.40140571926565	0.307948900451212	0.40180932729327	-2.78935804586352	1	1	1
MSX2_Q3	864	870	3100	3507	978	0.360800430884678	0.00018797836743327	2.80673727549359e-07	-20.7288154809804	1	0.0374953835898161	1.41102337577087e-05
MTF1_01	958	940	4951	4521	978	0.994643336942982	0.998699006454609	0.999995481152629	29.3804750788562	1	1	1
MTF1_07	1	0	1	0	978	1	0.841592033407629	1	0	1	1	1
MYBL1ELF1_01	2	0	2	0	978	1	0.921509515976452	1	0	1	1	1
MYBL1FIGLA_01	43	48	44	50	978	0.333916378087762	0.294363673346468	0.303144023879794	-3.71651186480503	1	1	1
MYBL1HOXA13_01	2	1	2	1	978	0.875191815856777	0.718447755425357	0.875000174288982	4.24422855601542	1	1	1
MYBL1ONECUT2_01	66	47	68	50	978	0.973918648080372	0.966415180910986	0.960086969546192	9.24423936866858	1	1	1
MYBL2_02	13	11	13	13	978	0.73063700036086	0.657415566565265	0.577490976759334	2.13255886471326	1	1	1
MYBL2_03	1	5	1	6	978	0.109015161270851	0.0510156852225075	0.062499694994281	-7.58336775157085	1	0.62746318583307	0.460832048242869
MYBL2_05	4	12	6	17	978	0.0378102241916286	0.0224058685894575	0.0173443570202238	-8.68024122745866	1	0.448691661170075	0.195743457799668
MYOD_01	0	0	0	0	978	1	1	1	0	1	1	1
MYOGNF1_01	977	961	8562	8205	978	0.999996474813874	0.988660170867862	0.997245626545616	30.1381506312403	1	1	1
NERF_Q2	962	936	4810	4630	978	0.999875039265788	0.930707575953962	0.969052964608646	9.98784830593819	1	1	1
NFAT5_02	7	4	7	4	978	0.887379129855549	0.817840335954009	0.886719349119212	5.33911842636684	1	1	1
NFATC1_01	7	6	7	7	978	0.710118016369441	0.60891721068883	0.604736668875002	1.63197064329198	1	1	1
NFATC1_02	5	2	7	3	978	0.937835677308874	0.871945456122418	0.945312908489802	7.84286487928685	1	1	1
NFATC1_03	0	2	0	4	978	0.249872122762148	0.0787026523773948	0.0624998257110582	0	1	0.690834631488506	0.460832048242869
NFIA_03	96	85	101	89	978	0.825435310204736	0.807443730205939	0.827188227652011	3.79974057167032	1	1	1
NFKB_C	596	572	1215	1168	978	0.875445390226538	0.912909105142564	0.837400053981869	0.797877744382657	1	1	1
NFY_C	673	675	1348	1357	978	0.480519767133757	0.562561815958463	0.438840398870095	-0.55337034647896	1	1	1
NKX22_01	567	567	1118	1199	978	0.518267526010597	0.224506212153001	0.0481576730211469	-5.98616167632734	1	1	0.390656967295401
NKX23_04	13	20	13	20	978	0.146040047062237	0.109636984231308	0.148101323567913	-6.66825120763251	1	0.749593252591278	0.787500307048616
NKX25_03	953	938	5541	5446	978	0.978614356109627	0.74198520945561	0.820745991621033	5.3448031112289	1	1	1
NKX31_06	499	454	756	700	978	0.981290724536049	0.953619914854706	0.932466653990764	5.92860557656531	1	1	1
NKX61_01	299	326	427	469	978	0.103690522215444	0.109013688243495	0.0853261732310463	-6.03878555715463	1	0.749593252591278	0.589817172459608
NKX62_Q2	564	564	1353	1669	978	0.518249581098135	0.0227185651225354	4.75652776357258e-09	-23.6137915619912	1	0.448691661170075	3.75765693322234e-07
NOR1_02	1	1	1	1	978	0.750127877237852	0.500288514255494	0.750000116192655	0	1	1	1
NR2E1_02	86	104	98	111	978	0.0970964093720939	0.0929443305315929	0.203271502093824	-4.27359479242015	1	0.723111274151232	0.97660915320554
NR2F1_05	802	776	1812	1873	978	0.939002299061102	0.338731340514464	0.161271281118838	-4.96085644237774	1	1	0.833486153819787
NR4A2_02	3	0	6	0	978	1	0.958499075139334	1	0	1	1	1
NR4A2_03	2	1	2	1	978	0.875191815856777	0.718447755425357	0.875000174288982	3.74391000230325	1	1	1
NR4A2_04	39	36	42	38	978	0.681041021124023	0.6378747080057	0.711788244056408	2.02666521190479	1	1	1
NRF1_02	19	25	40	54	978	0.223096343176523	0.180400090259278	0.0898277524714493	-5.57175662369378	1	0.923715276975745	0.605789598984286
NRSF_01	6	3	6	3	978	0.910660152687048	0.841923298680892	0.910156707508897	7.68163118465438	1	1	1
OCT1_01	458	454	743	775	978	0.58963846923445	0.484026285840431	0.213038789206249	-4.55981149464501	1	1	0.99839364772081
OCT1_06	902	885	5430	5775	978	0.92636786881576	0.109605280806239	0.000560024197962453	-16.0486068488373	1	0.749593252591278	0.0122704574359625
OLF1_01	501	492	782	830	978	0.674456784037755	0.470137623724197	0.120783400342202	-8.8293286385231	1	1	0.719419060048251
OSR2_05	0	0	0	0	978	1	1	1	0	1	1	1
OTX2_Q3	191	225	223	272	978	0.0340778156824674	0.0265399774125352	0.0154243494459181	-10.5316601380774	1	0.473438951907482	0.181482239225376
P73_Q6	432	416	628	585	978	0.781017822810388	0.867726014660783	0.896840808760517	7.69940698696219	1	1	1
PAX1_B	0	0	0	0	978	1	1	1	0	1	1	1
PAX2_01	782	795	1932	2121	978	0.246220816560589	0.0125364873311664	0.00155679287768325	-16.0302830412478	1	0.364877762849213	0.0286968820452946
PAX2_Q2	868	827	2522	2260	978	0.997423719772611	0.99966393479446	0.999930049067445	15.9774177368258	1	1	1
PAX3_01	978	965	8910	8250	978	1	0.999845890947975	0.999999797708981	24.2082179776628	1	1	1
PAX5_01	976	964	12032	10730	978	0.999752581241941	0.999999631448926	1	55.9329577467389	1	1	1
PAX5_Q6	950	931	4751	4431	978	0.991015459622497	0.996737386230477	0.999606627295019	14.2137587125984	1	1	1
PAX9_01	0	0	0	0	978	1	1	1	0	1	1	1
PBX1_02	423	437	705	783	978	0.27686195332722	0.0818577988489365	0.0229040941811545	-10.5529557880044	1	0.707302543179092	0.230290256039608
PBX1_05	951	928	4323	4296	978	0.9975238372504	0.786224524298065	0.618750980990963	2.27414432617477	1	1	1
PBX4_01	0	0	0	0	978	1	1	1	0	1	1	1
PIT1_Q6	801	777	3162	3248	978	0.923903608796775	0.460124683899672	0.143832555691841	-6.99061169839078	1	1	0.779798071544983
PITX1EOMES_01	120	144	127	166	978	0.0639471355416044	0.0479039013912021	0.0131204333191889	-11.7116598363355	1	0.62746318583307	0.161235547233588
PITX1FIGLA_01	83	110	93	120	978	0.0242302401683845	0.0214553719965819	0.0372851274903023	-9.50836010242275	1	0.448691661170075	0.332559282292535
PITX1HES7_01	11	9	11	9	978	0.749390310600733	0.673512268519929	0.748278669218465	2.45003819859237	1	1	1
PITX1TBX21_01	2	2	2	2	978	0.687691963180785	0.500204114882176	0.687500174289104	0	1	1	1
PLAG1_02	702	658	4928	5559	978	0.986489029483711	0.946638697036773	3.43992177772481e-10	-13.9317042958357	1	1	3.33030466288426e-08
PLAG1_04	11	14	17	18	978	0.344059586527093	0.273565686976491	0.5	-0.817344631921347	1	1	1
PLAG1_06	0	0	0	0	978	1	1	1	0	1	1	1
PLAG1_08	1	1	1	1	978	0.750127877237852	0.500288514255494	0.750000116192655	0	1	1	1
PLAGL2_02	0	0	0	0	978	1	1	1	0	1	1	1
PLAGL2_03	200	191	248	226	978	0.714073385427141	0.707086420943037	0.854644343254129	2.71578195703788	1	1	1
PLAGL2_05	0	2	0	2	978	0.249872122762148	0.0787026523773948	0.249999883807345	0	1	0.690834631488506	1
PLZFB_Q3	741	728	2055	2113	978	0.767918619106314	0.287709207612272	0.18841518795517	-3.59417616331253	1	1	0.938681071524408
POU2F1DLX2_01	0	2	0	2	978	0.249872122762148	0.0787026523773948	0.249999883807345	0	1	0.690834631488506	1
POU2F1EOMES_01	738	688	1577	1500	978	0.995281853414799	0.955025228407468	0.920314650220447	7.0782060073744	1	1	1
POU2F1ETV4_01	4	1	4	1	978	0.968909723777309	0.910440594522327	0.968750145240717	10.2480244340166	1	1	1
POU2F1FOXO6_01	12	14	13	15	978	0.42198941511402	0.346732754026628	0.425276523395247	-2.80542755870544	1	1	1
POU2F1HOXB13_01	49	48	53	51	978	0.582441187147822	0.541503377061718	0.615606817770176	0.524435102119394	1	1	1
POU2F1SOX2_01	47	52	49	55	978	0.340049749354535	0.301751195219052	0.312067556017324	-3.15201439907426	1	1	1
POU2F1TBX21_01	12	19	15	29	978	0.138591967357769	0.100842563859105	0.0243822379956816	-8.22356354025565	1	0.749593252591278	0.240774600207355
POU3F1_Q6	766	758	2426	2457	978	0.688115455092724	0.463645171726945	0.333670986137288	-4.71537923345107	1	1	1
POU3F2_01	728	749	3484	4177	978	0.146485792292189	0.0392910312928303	1.13589198218375e-15	-21.9803507990637	1	0.587241629863113	4.26685600776947e-13
POU4F2_01	1	1	1	1	978	0.750127877237852	0.500288514255494	0.750000116192655	0	1	1	1
POU4F2_02	41	27	73	27	978	0.968321240547932	0.958587045886015	0.999999166764615	26.5290337050358	1	1	1
POU5F1_01	945	915	7568	7539	978	0.999461816826048	0.590870691747933	0.596748607007274	1.86468706448742	1	1	1
POU6F2_01	0	0	0	0	978	1	1	1	0	1	1	1
PPARG_02	972	951	11136	11210	978	0.999971046587962	0.305573176355324	0.311750283983421	-3.59058299144608	1	1	1
PRDM10_01	0	0	0	0	978	1	1	1	0	1	1	1
PRDM12_01	17	12	17	13	978	0.869325074904432	0.824366489349974	0.819204380726955	3.63789453392262	1	1	1
PRDM14_01	10	7	10	7	978	0.834913681349292	0.767565132169076	0.833848011356104	3.70385128822536	1	1	1
PRDM14_02	172	206	196	259	978	0.0293499686764996	0.0195411608639498	0.00180192835063584	-13.9932902696793	1	0.448691661170075	0.0321440767065039
PRDM15_01	60	59	62	62	978	0.574981267375708	0.535325044530976	0.535754948258367	0	1	1	1
PRDM15_02	0	0	0	0	978	1	1	1	0	1	1	1
PRDM15_03	2	3	2	3	978	0.500000000000001	0.327360253841301	0.5	-2.00192374807796	1	1	1
PRDM15_04	2	5	2	5	978	0.226142257720161	0.128135216585705	0.22656211874232	-4.51725455172175	1	0.82393924153366	1
PRDM16_05	678	698	1287	1396	978	0.173451677239821	0.0611774702421756	0.0184642627318044	-6.21872939604663	1	0.690834631488506	0.204214745813757
PRDM1_03	666	666	1262	1215	978	0.519344169276191	0.73900732688451	0.832727617586118	3.6051719937416	1	1	1
PRDM4_01	0	0	0	0	978	1	1	1	0	1	1	1
PRDM5_02	1	0	1	0	978	1	0.841592033407629	1	0	1	1	1
PRDM5_03	5	6	5	6	978	0.5	0.38133504247976	0.5	-1.41559557010534	1	1	1
PREP1_Q3	685	669	1257	1317	978	0.797507884836168	0.346650449449815	0.122288230821945	-5.24648211091096	1	1	0.719419060048251
PROX1_01	2	7	2	8	978	0.0893398473129517	0.047417455245634	0.0546870915101977	-7.08921377214723	1	0.62746318583307	0.432028022930562
PRRX2_05	0	0	0	0	978	1	1	1	0	1	1	1
PRX2_Q2	790	790	3324	3715	978	0.522875471604839	0.0106911023184	1.60256711645822e-06	-16.8416601004332	1	0.3284544212264	5.90813076934263e-05
PSF_Q5	526	465	815	714	978	0.997482654755355	0.999141075517538	0.995476688217954	9.69708858595772	1	1	1
RARB_01	0	0	0	0	978	1	1	1	0	1	1	1
RBPJK_01	655	604	1081	1033	978	0.992970562845481	0.933942239227956	0.856844860754727	4.62440353111672	1	1	1
RELA_03	939	909	4715	4820	978	0.998989883720146	0.758017982470435	0.142889655098911	-4.2100563340383	1	1	0.779798071544983
REST_04	106	108	110	116	978	0.471136475686638	0.424298701308027	0.369754856511967	-2.02289613733649	1	1	1
RFX2_02	2	0	2	0	978	1	0.921509515976452	1	0	1	1	1
RFX3BHLHA15_01	14	5	14	5	978	0.990676457863977	0.980985805784132	0.99039484998334	16.5416009055359	1	1	1
RFX3FIGLA_02	44	38	46	40	978	0.785078716455809	0.750308178691032	0.774730750202611	4.0076297760998	1	1	1
RFX3HES7_01	18	10	18	10	978	0.957545669824287	0.936070821710017	0.956421745812724	10.3931968078719	1	1	1
RFX3SREBF2_01	2	0	3	0	978	1	0.921509488844966	1	0	1	1	1
RFX3SRF_01	163	161	183	186	978	0.572377461082705	0.520048943745466	0.458544429071778	-0.667770929276937	1	1	1
RFX5_02	6	12	9	23	978	0.117852226532757	0.0774662181187622	0.010030349739145	-9.03427812738127	1	0.690834631488506	0.128994962924353
RFX_Q6	590	560	934	871	978	0.922796253888881	0.95989506965488	0.934110593680466	6.21696548273666	1	1	1
RLF_01	19	20	19	20	978	0.5	0.435833227059899	0.5	-0.742531144754019	1	1	1
ROAZ_01	1	5	1	9	978	0.109015161270851	0.0509282504488046	0.0107420445289679	-7.4166834488076	1	0.62746318583307	0.135007968739074
RORA2_01	285	305	361	414	978	0.174632883310912	0.122057341586442	0.0308300485729937	-9.05133656376558	1	0.803544165444076	0.284150281014425
RORA_05	0	0	0	0	978	1	1	1	0	1	1	1
RORA_06	0	0	0	0	978	1	1	1	0	1	1	1
RP58_01	52	34	54	37	978	0.982214096296029	0.975650743781407	0.970715895740512	9.24621097894663	1	1	1
RREB1_01	865	845	3883	4036	978	0.923981477128288	0.756600224277549	0.0435158893422156	-3.65137181684095	1	1	0.365445391302726
RREB1_04	0	0	0	0	978	1	1	1	0	1	1	1
RREB1_05	0	0	0	0	978	1	1	1	0	1	1	1
RREB_Q5	377	351	533	520	978	0.896702259870034	0.855460481169098	0.666951675735398	1.50885152492158	1	1	1
RUNX2_02	71	61	113	67	978	0.839267159418765	0.814883734982731	0.999785899907222	18.6221094841579	1	1	1
RUNX3_01	20	20	21	28	978	0.563336130417315	0.5	0.195798747117931	-2.35888561242594	1	1	0.94979567680891
RXRA_05	0	0	0	0	978	1	1	1	0	1	1	1
SALL1_01	207	192	237	235	978	0.81534422379498	0.769245876725187	0.554910361052965	0.621501694014866	1	1	1
SALL1_03	68	60	74	61	978	0.794665844036926	0.775939807216227	0.885955562278313	4.66013932012221	1	1	1
SALL3_01	348	356	459	482	978	0.370798175885137	0.282019904325159	0.236592814761493	-3.41415092565314	1	1	1
SALL3_02	0	0	0	0	978	1	1	1	0	1	1	1
SATB1_Q3	138	177	164	215	978	0.00965473296743599	0.00769944605324309	0.00505954745187772	-13.3805899444115	0.889844555165351	0.3284544212264	0.0756708948833196
SC1_01	0	3	0	3	978	0.124808184143223	0.0416059163381323	0.124999825711018	0	1	0.605475571973347	0.720051079356175
SCRT2_01	7	10	7	10	978	0.313766358612895	0.232587010944942	0.314528729331732	-3.33216473965855	1	1	1
SIP1_Q6	8	3	8	3	978	0.967655668099107	0.934699520802056	0.967285493253774	10.7242921664197	1	1	1
SIX1_Q3	356	367	482	478	978	0.319750016054411	0.401487482822574	0.564109503069057	0.529165017813954	1	1	1
SIX3_Q6	547	582	1209	1437	978	0.0598187626273486	0.00328227264233657	4.97496507239044e-06	-18.6286646076871	1	0.207219093240165	0.000157492534878834
SIX4_01	943	935	4311	4251	978	0.850844468530981	0.648826371994251	0.745549525356106	3.63849189806789	1	1	1
SMAD3_Q6	933	913	3813	3553	978	0.980568221611042	0.995944160730824	0.998842618949068	10.8765790166911	1	1	1
SMAD3_Q6_01	843	830	2240	2146	978	0.815890410590212	0.948385807112552	0.924492563105101	6.57087525425165	1	1	1
SMAD4_Q6	974	960	8416	8073	978	0.999598481817696	0.97936405757821	0.996420299354506	14.5607397948897	1	1	1
SMAD5_02	0	2	0	3	978	0.249872122762148	0.0787026795366652	0.124999825711018	0	1	0.690834631488506	0.720051079356175
SMAD5_Q5	957	930	9801	8879	978	0.999745653020381	0.99946872294327	0.99999999999416	23.1669560390418	1	1	1
SMAD7_01	24	35	24	37	978	0.0928732455685537	0.0721265137296654	0.0618630616112499	-6.19332168709306	1	0.690834631488506	0.460832048242869
SNAP190_01	2	2	2	2	978	0.687691963180785	0.500204114882176	0.687500174289104	0	1	1	1
SOX10_03	0	0	0	0	978	1	1	1	0	1	1	1
SOX10_05	0	0	0	0	978	1	1	1	0	1	1	1
SOX10_08	797	773	1902	1944	978	0.922269812200095	0.355213799235599	0.254081114035761	-3.32774100783589	1	1	1
SOX18_Q5_01	161	156	183	183	978	0.643594494896928	0.604325705261821	0.520840580675741	0.105426493816608	1	1	1
SOX5_01	652	674	1434	1600	978	0.154776362725239	0.0192367581039792	0.0013573723394567	-11.4856015715888	1	0.448691661170075	0.0258836863351571
SOX6TBX21_01	271	262	319	327	978	0.69420214522933	0.614515712150243	0.391496876882275	-1.57609228430757	1	1	1
SOX8_07	0	0	0	0	978	1	1	1	0	1	1	1
SOX9_05	0	0	0	0	978	1	1	1	0	1	1	1
SOX9_09	616	586	1209	1157	978	0.925099094301061	0.896968990918659	0.862189744290355	5.127702202421	1	1	1
SOX_Q6	947	915	5002	4978	978	0.999785309071346	0.636073021974159	0.599027551400887	1.76389681975418	1	1	1
SP1SP3_Q4	565	524	3496	3822	978	0.972054556587444	0.898864994360031	7.05550420990604e-05	-4.0681655525724	1	1	0.00169638862090349
SP2_04	954	936	8283	7707	978	0.991636705279566	0.999415140215003	0.999997681029008	19.5568727032395	1	1	1
SP2_06	0	0	0	0	978	1	1	1	0	1	1	1
SP3_Q3	920	894	5512	5099	978	0.990819436724272	0.9983847846221	0.999972047826289	18.2147062049865	1	1	1
SP5_Q2	82	65	97	78	978	0.938801689357518	0.926848723420637	0.934840436648288	7.37390661143471	1	1	1
SPDEF_06	0	0	0	0	978	1	1	1	0	1	1	1
SPDEF_07	7	3	7	3	978	0.945762066759955	0.897629020227481	0.945312908489802	8.86992182416067	1	1	1
SPI1_06	735	689	1648	1431	978	0.991557157683618	0.997015445438903	0.999958067139456	20.2008131351704	1	1	1
SREBP1_02	925	898	4630	4432	978	0.994170751171388	0.997530957802886	0.981911703858744	9.20782546494571	1	1	1
SREBP1_Q5	773	746	1712	1720	978	0.935764801001735	0.729981735825828	0.452407699341005	-1.04682668864044	1	1	1
SRF_01	51	42	57	48	978	0.856022239393116	0.828979175815559	0.835437347681233	5.64233354367432	1	1	1
STAF_05	0	0	0	0	978	1	1	1	0	1	1	1
STAT1_10	583	579	1152	1148	978	0.591035035656253	0.634143709440845	0.541538028490518	1.26262896804049	1	1	1
STAT3_01	545	534	1320	1282	978	0.707315355773411	0.731387483071609	0.777867650014624	1.04710202692563	1	1	1
STAT5A_02	962	936	7641	7291	978	0.999875039265788	0.959919091814083	0.998027688647694	18.0565159393224	1	1	1
STAT5A_Q6	107	105	153	147	978	0.586339713849529	0.575682648992745	0.656922656789406	0.4015583413376	1	1	1
T3RBETA_Q6_01	717	710	1543	1529	978	0.658067635655289	0.876465019643233	0.606735090665298	1.93651878615149	1	1	1
TAL1BETAITF2_01	816	788	2234	2213	978	0.956128804688353	0.787424971053786	0.629391115159341	2.54659336622221	1	1	1
TAL1GATA1_02	67	67	70	69	978	0.535641303566395	0.502481903095995	0.567315403331041	0.482027520395982	1	1	1
TAL1_01	694	682	1428	1332	978	0.740067650173206	0.72823209034887	0.967675902501552	5.61929636921238	1	1	1
TAXCREB_01	773	708	1978	1830	978	0.999753234652475	0.99881974924097	0.992174494544772	12.4847194530825	1	1	1
TAXCREB_02	973	959	8365	7963	978	0.999275678152105	0.997222616476497	0.999227275185297	16.8374230121895	1	1	1
TBX15_02	0	0	0	0	978	1	1	1	0	1	1	1
TBX18_01	0	0	0	0	978	1	1	1	0	1	1	1
TBX1_01	0	0	0	0	978	1	1	1	0	1	1	1
TBX1_04	0	0	0	0	978	1	1	1	0	1	1	1
TBX1_05	0	0	0	0	978	1	1	1	0	1	1	1
TBX20_05	144	138	166	155	978	0.673828576731899	0.674965026744248	0.748484407469797	2.89021977543618	1	1	1
TBX21_01	0	0	0	0	978	1	1	1	0	1	1	1
TBX5CSX_Q5	18	8	18	8	978	0.986041056999716	0.975810500220571	0.985520838919292	13.1821972039099	1	1	1
TBX5_04	0	2	0	4	978	0.249872122762148	0.0787026523773948	0.0624998257110582	0	1	0.690834631488506	0.460832048242869
TCF11MAFG_01	868	860	2616	2744	978	0.736970639750979	0.083745461806914	0.0412018163421334	-12.1021517789733	1	0.712480621218822	0.36166038789206
TEAD4ALX4_01	45	48	48	50	978	0.415922488420999	0.377261357654482	0.459802500003003	-1.18380799898036	1	1	1
TEAD4CEBPD_01	11	8	12	8	978	0.821543571240717	0.756019959145441	0.868413134524517	5.0166507217867	1	1	1
TEAD4CLOCK_01	201	209	245	241	978	0.348708216463591	0.368990599440927	0.589707737535854	1.27769247658439	1	1	1
TEAD4ELK3_01	0	1	0	2	978	0.5	0.158902794249874	0.249999883807345	0	1	0.828992879435664	1
TEAD4EOMES_01	156	164	170	192	978	0.334394976259597	0.303726529774362	0.134821943643739	-7.46438670362863	1	1	0.745565348349879
TEAD4ERG_02	4	4	4	4	978	0.636999127102536	0.500144479128278	0.636719004171964	0	1	1	1
TEAD4ESRRB_01	66	55	73	58	978	0.870018427604816	0.853153619849358	0.919065624871022	8.57460303082497	1	1	1
TEAD4ETV7_01	1	1	1	1	978	0.750127877237852	0.500288514255494	0.750000116192655	0	1	1	1
TEAD4FIGLA_01	26	17	27	18	978	0.93894333890431	0.917156407634222	0.932423814533796	7.61667165374816	1	1	1
TEAD4FOXI1_01	171	176	199	201	978	0.406437215274875	0.375771790483978	0.480063495752972	-0.519044074511412	1	1	1
TEAD4GATA3_01	36	47	37	50	978	0.13094179351726	0.107417392995995	0.0989850333777662	-7.37433060028675	1	0.749593252591278	0.651651469736961
TEAD4MAX_02	10	8	10	8	978	0.760688679449655	0.682146507117455	0.75965974445468	2.95853134540392	1	1	1
TEAD4ONECUT2_01	7	3	7	3	978	0.945762066759955	0.897629020227481	0.945312908489802	8.86992182416067	1	1	1
TEAD4RFX5_01	22	25	22	25	978	0.384062465462368	0.328996837591169	0.385432272583408	-3.13792104572339	1	1	1
TEAD4SOX15_01	205	219	238	288	978	0.237821572639815	0.193930501815413	0.0162594897804946	-11.7886642285995	1	0.9575318527136	0.187322871846115
TEAD4SOX6_01	19	16	20	17	978	0.752175178940365	0.695397015886748	0.74431393796449	3.05882649149929	1	1	1
TEF3_Q3	806	808	3138	3666	978	0.476269852119776	0.00194979292977145	7.65876498511666e-11	-23.2797433556876	1	0.156651517837843	1.05882425919238e-08
TEF_01	457	424	651	612	978	0.938856683917632	0.910361327092854	0.869892581532389	5.54546268610658	1	1	1
TEF_05	0	0	0	0	978	1	1	1	0	1	1	1
TEF_08	1	0	1	0	978	1	0.841592033407629	1	0	1	1	1
TFAP2B_04	149	129	271	228	978	0.913098795654762	0.909477818068001	0.975631669235856	6.54272850551602	1	1	1
TFAP2CDLX3_03	161	153	189	177	978	0.710301657391567	0.678719151632191	0.751587808462116	4.23151894456815	1	1	1
TFAP2CELK1_01	12	8	12	8	978	0.869645745000706	0.815683046154012	0.868413134524517	6.12429131415011	1	1	1
TFAP2CHOXB13_01	23	19	23	19	978	0.782099357740619	0.733669304400313	0.779602709004354	3.75636441842049	1	1	1
TFAP2CMAX_02	19	18	21	19	978	0.629784898630815	0.567096003174509	0.682087580281674	1.7428306946039	1	1	1
TFAP2CONECUT2_01	18	8	18	11	978	0.986041056999716	0.975602856933605	0.931978344009912	10.6468819881052	1	1	1
TFAP4MAX_02	3	2	3	2	978	0.812819938634641	0.672970147993195	0.81250029048184	3.08327803985214	1	1	1
TFCP2_03	25	18	29	24	978	0.891540390177394	0.857005072370678	0.794951536936314	6.19086586630021	1	1	1
TFE_Q6	464	420	717	674	978	0.979558898105098	0.951425960401086	0.881031078357269	4.68212898093291	1	1	1
TFIIIA_03	0	1	0	1	978	0.5	0.158902794249874	0.5	0	1	0.828992879435664	1
TFIIIA_04	0	0	0	0	978	1	1	1	0	1	1	1
TFIII_Q6	908	889	3952	3874	978	0.951145214653824	0.943683421286482	0.814509783034127	4.18348622738656	1	1	1
TFIII_Q6_01	943	927	4349	4289	978	0.969881175142109	0.548576292704642	0.744618268683595	2.75778658027042	1	1	1
THAP1_01	978	966	9090	8899	978	1	0.89745604097968	0.924719119184365	6.49599150675793	1	1	1
THRA_01	0	1	0	1	978	0.5	0.158902794249874	0.5	0	1	0.828992879435664	1
THRB_02	0	1	0	2	978	0.5	0.158902794249874	0.249999883807345	0	1	0.828992879435664	1
THRB_03	0	0	0	0	978	1	1	1	0	1	1	1
TITF1_Q3	897	876	4443	4668	978	0.956310025829588	0.0877385552916496	0.00934087501251741	-10.1443295443026	1	0.718961080847614	0.123509356267731
TP63_01	0	0	0	0	978	1	1	1	0	1	1	1
TRF1_01	0	0	0	0	978	1	1	1	0	1	1	1
TRPS1_Q3	19	29	20	31	978	0.0939488261401337	0.0722092269284002	0.0803873203920622	-7.41773370802511	1	0.690834631488506	0.569925489446287
TST1_01	894	848	5215	5638	978	0.99968206958803	0.110414058847886	2.43788641254203e-05	-20.2049540191202	1	0.749593252591278	0.000641976755302735
VDR_01	2	0	2	0	978	1	0.921509515976452	1	0	1	1	1
WT1_01	677	600	3604	3512	978	0.999895346995384	0.998129691736323	0.865267593936513	15.2801732011681	1	1	1
YY1_08	885	877	2726	2919	978	0.751961752798259	0.0156216854466423	0.00524825785345694	-10.2287007333306	1	0.392672365999692	0.0756708948833196
YY1_12	900	887	2780	3038	978	0.870090169970894	0.00465916333531503	0.000369863552517447	-15.1821266347302	1	0.257651732442921	0.00852227268925617
ZASC1_01	0	0	0	0	978	1	1	1	0	1	1	1
ZASC1_02	0	0	0	0	978	1	1	1	0	1	1	1
ZBP89_Q4_01	654	591	3541	3785	978	0.998693039393145	0.987507741338969	0.00222669912410998	0.758953239652927	1	1	0.0384801442385257
ZBTB11_02	1	0	1	0	978	1	0.841592033407629	1	0	1	1	1
ZBTB1_01	0	0	0	0	978	1	1	1	0	1	1	1
ZBTB26_01	0	0	0	0	978	1	1	1	0	1	1	1
ZBTB2_Q3	354	338	458	436	978	0.789270304802794	0.815805493002197	0.77916184124733	3.10548707489315	1	1	1
ZBTB2_Q3_01	833	817	2580	2518	978	0.85500263219377	0.84759811575461	0.811488149238293	4.47387162459674	1	1	1
ZBTB33_05	86	49	116	80	978	0.999674200769868	0.999436915507871	0.995972864053132	14.647366141173	1	1	1
ZBTB34_01	17	38	17	42	978	0.0028710424471409	0.00198293060554232	0.000773470704894587	-12.2255351147421	0.529228824422972	0.156651517837843	0.0152760464216681
ZBTB38_01	3	0	3	0	978	1	0.958499075139334	1	0	1	1	1
ZBTB38_02	28	34	30	35	978	0.259523312473177	0.221021809476097	0.310069728953844	-2.69977775091932	1	1	1
ZBTB40_01	246	266	304	330	978	0.164216132962732	0.156419573538329	0.160349843168407	-4.02546251884243	1	0.828992879435664	0.833486153819787
ZBTB40_02	26	26	33	27	978	0.555804600785531	0.503152509491623	0.816856349261663	3.220881266045	1	1	1
ZBTB41_01	0	1	0	1	978	0.5	0.158902794249874	0.5	0	1	0.828992879435664	1
ZBTB44_01	739	692	1408	1289	978	0.992863235177868	0.996319388448489	0.989623403084846	7.40255617237734	1	1	1
ZBTB46_01	1	4	1	4	978	0.18718006136536	0.0897076212992502	0.18749970951816	-4.82256308797385	1	0.718961080847614	0.938681071524408
ZBTB49_01	3	0	3	0	978	1	0.958499075139334	1	0	1	1	1
ZBTB49_02	0	0	0	0	978	1	1	1	0	1	1	1
ZBTB5_01	200	195	222	229	978	0.632279159351421	0.556032811634516	0.38877608923526	-1.09698900436011	1	1	1
ZEC_01	0	0	0	0	978	1	1	1	0	1	1	1
ZF5_B	940	926	13379	11751	978	0.947494881409369	0.999915490903128	1	44.695357048118	1	1	1
ZFP41_02	4	4	4	5	978	0.636999127102536	0.499566563089105	0.5	-1.55069932372538	1	1	1
ZFP64_03	19	9	20	9	978	0.982798866407465	0.97160658674417	0.987940695790413	9.9448188381464	1	1	1
ZFP64_04	0	0	0	0	978	1	1	1	0	1	1	1
ZFP64_05	0	0	0	0	978	1	1	1	0	1	1	1
ZFP64_06	0	0	0	0	978	1	1	1	0	1	1	1
ZFP91_01	0	1	0	1	978	0.5	0.158902794249874	0.5	0	1	0.828992879435664	1
ZFPM1_01	5	6	5	8	978	0.5	0.380746275753347	0.290526759607546	-3.57125806566815	1	1	1
ZFX_01	246	240	329	336	978	0.642907617733112	0.554597548213697	0.408005588434986	-0.858951289963474	1	1	1
ZFX_03	43	38	44	40	978	0.751924036059475	0.714538054555873	0.707180274361372	2.42736366861215	1	1	1
ZFX_04	0	0	0	0	978	1	1	1	0	1	1	1
ZGPAT_01	919	898	9876	8884	978	0.973739945613725	0.998684711612959	0.999999999999837	33.7845908353207	1	1	1
ZID_01	111	109	123	113	978	0.584972903815409	0.575709192269191	0.762989986955401	3.27560160076138	1	1	1
ZNF131_01	1	0	1	0	978	1	0.841592033407629	1	0	1	1	1
ZNF131_02	0	0	0	0	978	1	1	1	0	1	1	1
ZNF135_01	10	8	10	8	978	0.760688679449655	0.682146507117455	0.75965974445468	2.29200144513031	1	1	1
ZNF135_02	10	12	10	13	978	0.415429126744431	0.333349956148854	0.338818918166683	-2.80159693991742	1	1	1
ZNF135_03	79	79	81	83	978	0.533050577762383	0.497293172235384	0.468894107717974	-0.744957495279465	1	1	1
ZNF135_04	1	2	1	2	978	0.500000000000001	0.281951091532373	0.5	-2.45183330808792	1	1	1
ZNF143_03	2	2	2	2	978	0.687691963180785	0.500204114882176	0.687500174289104	0	1	1	1
ZNF236_01	0	0	0	0	978	1	1	1	0	1	1	1
ZNF236_02	7	4	7	4	978	0.887379129855549	0.817840335954009	0.886719349119212	4.89965954794996	1	1	1
ZNF236_04	0	0	0	0	978	1	1	1	0	1	1	1
ZNF236_05	2	1	2	1	978	0.875191815856777	0.718447755425357	0.875000174288982	3.46689717351654	1	1	1
ZNF236_06	6	8	6	9	978	0.394886921301546	0.295399480326433	0.303618745859371	-3.36703160945005	1	1	1
ZNF236_07	13	10	14	11	978	0.798967400866317	0.735214357491434	0.787823247223922	3.83107302403445	1	1	1
ZNF236_08	1	0	1	0	978	1	0.841592033407629	1	0	1	1	1
ZNF282_01	3	10	3	10	978	0.0456069838178019	0.025758244543803	0.0461420913414321	-8.89456737288499	1	0.473438951907482	0.380844425549432
ZNF282_02	0	1	0	1	978	0.5	0.158902794249874	0.5	0	1	0.828992879435664	1
ZNF295_01	949	939	13507	12526	978	0.912933998448295	0.999744994647634	0.999999999544013	33.7849810025858	1	1	1
ZNF312_01	0	2	0	2	978	0.249872122762148	0.0787026523773948	0.249999883807345	0	1	0.690834631488506	1
ZNF319_01	71	71	74	73	978	0.534702657637289	0.502558405501473	0.565477236147416	0.123558439748935	1	1	1
ZNF319_02	17	11	17	11	978	0.909114773752112	0.873272990829892	0.907534760434945	5.95488034987176	1	1	1
ZNF335_01	0	0	0	0	978	1	1	1	0	1	1	1
ZNF335_02	0	1	0	1	978	0.5	0.158902794249874	0.5	0	1	0.828992879435664	1
ZNF339_01	6	4	6	4	978	0.828755686516933	0.737038042136741	0.828125571886786	3.39200850458089	1	1	1
ZNF341_01	50	53	71	77	978	0.419831097671277	0.381916499649145	0.340603352012318	-2.28586707421037	1	1	1
ZNF362_01	4	1	4	1	978	0.968909723777309	0.910440594522327	0.968750145240717	9.79916879690536	1	1	1
ZNF366_02	0	1	0	1	978	0.5	0.158902794249874	0.5	0	1	0.828992879435664	1
ZNF367_01	248	262	283	307	978	0.251595443781013	0.205682822914537	0.171816644575974	-4.24246051371602	1	0.995056536615732	0.879764856023274
ZNF384_02	57	73	61	80	978	0.086558289243158	0.0717562985251479	0.0646225592520819	-6.76642000562072	1	0.690834631488506	0.470214148242122
ZNF410_01	0	0	0	0	978	1	1	1	0	1	1	1
ZNF436_01	27	21	28	21	978	0.846851756746217	0.810545433553293	0.873567843063202	5.03387094172378	1	1	1
ZNF436_02	7	3	7	3	978	0.945762066759955	0.897629020227481	0.945312908489802	7.57249417751227	1	1	1
ZNF438_01	28	35	28	36	978	0.221245929555845	0.184121252219636	0.190862845687646	-4.83156524918642	1	0.925627749795079	0.942385300582752
ZNF450_01	57	44	59	45	978	0.923867702810526	0.908445902636393	0.92952665717719	6.49628672484584	1	1	1
ZNF499_01	9	10	9	10	978	0.5	0.408951260102087	0.5	-1.09653803929249	1	1	1
ZNF507_01	45	47	48	50	978	0.457509214578355	0.417543570560203	0.459802500003003	-1.01373176051053	1	1	1
ZNF513_01	0	0	0	0	978	1	1	1	0	1	1	1
ZNF515_02	0	0	0	0	978	1	1	1	0	1	1	1
ZNF516_01	188	202	214	226	978	0.230971688129205	0.226887392122467	0.300005135029392	-2.51901836118063	1	1	1
ZNF521_01	15	7	15	7	978	0.974414053640945	0.956832878873128	0.97376120014314	9.9719073144529	1	1	1
ZNF521_02	0	0	0	0	978	1	1	1	0	1	1	1
ZNF521_03	1	2	1	11	978	0.500000000000001	0.281751685089454	0.00317376072457421	-10.0460195215394	1	1	0.0531845357784708
ZNF536_01	46	49	48	50	978	0.416753635766632	0.378371465857938	0.459802500003003	-0.872280817183484	1	1	1
ZNF536_03	0	0	0	0	978	1	1	1	0	1	1	1
ZNF592_02	960	935	4296	4058	978	0.999698910010841	0.969419863310977	0.9956050160542	12.4960203697917	1	1	1
ZNF651_01	1	0	1	0	978	1	0.841592033407629	1	0	1	1	1
ZNF652_03	0	0	0	0	978	1	1	1	0	1	1	1
ZNF672_02	11	7	11	7	978	0.882147773467243	0.828225754125371	0.88105872665701	4.47271056255328	1	1	1
ZNF672_03	26	41	34	43	978	0.0405301533537365	0.0327691361423222	0.18101159290589	-4.57602096080092	1	0.503370341297338	0.918343219054653
ZNF687_01	0	0	0	0	978	1	1	1	0	1	1	1
ZNF710_01	1	2	1	2	978	0.500000000000001	0.281951091532373	0.5	-2.64759981823572	1	1	1
ZNF710_02	0	0	0	0	978	1	1	1	0	1	1	1
ZNF711_02	2	2	2	2	978	0.687691963180785	0.500204114882176	0.687500174289104	0	1	1	1
ZNF76_01	1	1	1	1	978	0.750127877237852	0.500288514255494	0.750000116192655	0	1	1	1
ZNF770_01	16	16	17	52	978	0.570554329791626	0.498764307924628	1.46480097728977e-05	-15.1988749216624	1	1	0.0004263341791796
ZNF775_02	14	11	14	11	978	0.789327175772823	0.727052545076624	0.787823247223922	2.81285844861988	1	1	1
ZNF777_02	962	952	7311	6483	978	0.957489229785623	0.999997382189877	0.999999999999296	44.1186071462237	1	1	1
ZXDB_01	422	400	850	803	978	0.853964864245353	0.7939379990875	0.881215070591206	4.15382797896203	1	1	1
ZXDL_01	0	0	0	0	978	1	1	1	0	1	1	1
