transcription_factor	no_search_sites	no_background_sites	sum_search_sites	sum_background_sites	no_gene_sites	fisher_pval	wilcox_pval	fisher_pval2	zscore	fisher_adjusted	wilcox_adjusted	fisher2_adjusted
AEBP2_02	0	0	0	0	522	1	1	1	0	1	1	1
AFP1_Q6	39	23	40	23	522	0.987351517664608	0.982140793115128	0.988714350506225	11.1787381108631	1	1	1
AHRARNT_01	304	326	603	775	522	0.0919718786141803	0.0101780520217647	1.96612012324141e-06	-22.8501067413237	0.784073475255666	0.188557528363176	5.07421277790724e-05
AHRARNT_02	336	358	694	835	522	0.0842719564536254	0.00740875470301057	0.000168514562521851	-19.8696499270612	0.784073475255666	0.157780527636607	0.00274083979631128
AHR_01	403	423	957	1092	522	0.0739334690784777	0.0221108281069783	0.0015189982234549	-16.0905923795629	0.784073475255666	0.271717509847978	0.0190910458538764
AIOLOS_01	2	1	2	1	522	0.87535953978907	0.71870936448127	0.875000326541559	3.31979873766357	1	1	1
ALX4_01	0	0	0	0	522	1	1	1	0	1	1	1
AMYB_01	0	0	0	0	522	1	1	1	0	1	1	1
AP1FJ_Q2	447	451	1217	1307	522	0.394504198705996	0.111988505761642	0.0380653236979908	-7.72823600956951	1	0.647006923488215	0.300716057214127
AP2ALPHA_03	471	481	7767	8708	522	0.162909499465371	0.0129477498712708	8.00522378700457e-14	-21.4900204522425	1	0.2006380793454	1.47562958473784e-11
AP2_Q6	417	439	4246	4722	522	0.0452870989090797	0.0123595926842219	2.36827949814746e-07	-26.5284635898889	0.626094142418027	0.2006380793454	6.89293980250286e-06
AP4_01	0	0	0	0	522	1	1	1	0	1	1	1
APA1_02	1	0	1	0	522	1	0.841807847509034	1	0	1	1	1
AREB6_01	448	437	1131	1143	522	0.84934858534436	0.414481291609379	0.408698534819206	-1.50267293745684	1	0.992243092034575	1
ARNTLBHLHA15_01	1	0	1	0	522	1	0.841807847509034	1	0	1	1	1
ARNTL_01	1	2	2	4	522	0.5	0.282038123449229	0.343749591821985	0	1	0.831814203398429	1
AR_02	343	362	664	702	522	0.117075170586228	0.201596350808445	0.158245807095854	-8.65970216704449	0.895861950060654	0.7170269963866	0.770763066950874
AR_12	0	0	0	0	522	1	1	1	0	1	1	1
ATF3_05	3	3	3	3	522	0.656700721986083	0.500312757239033	0.656250408178015	0	1	1	1
ATF4TEF_01	10	8	10	8	522	0.761597929823905	0.682873444891447	0.75966055773071	2.39865922973501	1	1	1
BACH1_01	104	106	129	136	522	0.46923730067383	0.449458442462934	0.356243196615853	-3.24543207697602	1	1	1
BATF3_01	0	0	0	0	522	1	1	1	0	1	1	1
BATFJUN_01	21	24	25	29	522	0.380450790492509	0.33145294958066	0.341741074762051	-2.78956003625376	1	0.893003316986355	1
BATF_04	0	1	0	1	522	0.5	0.159119243389507	0.5	0	1	0.647006923488215	1
BCL11A_03	24	33	24	37	522	0.137850605887168	0.105634848192655	0.0618607382128072	-5.68681605787235	0.929651037263463	0.628129796242346	0.406192969953293
BCL6_02	448	445	1553	1504	522	0.637519146667031	0.757979284668253	0.817405524224149	5.93595665999508	1	1	1
BEN_02	508	511	3607	4015	522	0.343207161220254	0.00119383379597058	1.44511534724537e-06	-17.191427265145	1	0.054170928768846	3.99574393513345e-05
BMAL1_Q6	155	167	199	198	522	0.23053447673114	0.294754248031684	0.539976118051782	0.464083482103188	1	0.851835905083463	1
BRACH_01	0	0	0	0	522	1	1	1	0	1	1	1
BRN3B_01	2	2	2	2	522	0.68786005785793	0.500382679312548	0.687500326541986	0	1	1	1
BTEB3_Q5	479	497	5412	6101	522	0.0161607834526349	0.0037965071183088	5.73257890137082e-11	-33.5949614911177	0.364660555140216	0.0999746874487985	3.52235125828674e-09
CACCCBINDINGFACTOR_Q6	413	420	1712	1824	522	0.32192333868798	0.173291546293312	0.0307657501493793	-8.86380136334647	1	0.651906293198649	0.246571881631982
CARF_01	4	1	4	2	522	0.969049184766841	0.910144153405364	0.890625612265957	4.58390321672464	1	1	1
CDC5_01	101	86	113	101	522	0.901761397301101	0.8726006161434	0.812909656288489	4.11398232704786	1	1	1
CDPCR3_01	378	380	844	869	522	0.472341805314949	0.419829469344674	0.280860601601283	-5.07326697894784	1	1	1
CDP_01	462	448	2143	1874	522	0.917513248229755	0.99509515802714	0.999990183213443	18.0957204084628	1	1	1
CDP_Q6_01	426	398	1336	1237	522	0.986195782355373	0.979494104769403	0.975798940680471	8.87189604997619	1	1	1
CEBPGELF1_01	41	46	45	53	522	0.327214155592047	0.280535466380182	0.239836853274148	-4.0850251767058	1	0.831814203398429	0.954570575919569
CEBPG_Q6	443	444	2611	2336	522	0.5	0.977384089165865	0.999958143327377	20.1415657040091	1	1	1
CIZ_03	0	1	0	1	522	0.5	0.159119243389507	0.5	0	1	0.647006923488215	1
CLOCKFIGLA_01	59	64	69	83	522	0.350555497927904	0.298852860554162	0.14581124230179	-6.30467741981734	1	0.85629861081063	0.732710150953465
CLOCKNHLH1_01	17	21	18	23	522	0.31031115214765	0.253193268553534	0.266350946003457	-3.54869954511994	1	0.831814203398429	0.999780505259067
CMYB_01	0	0	0	0	522	1	1	1	0	1	1	1
CMYC_02	242	262	552	601	522	0.119636476415446	0.137532283070265	0.0786204372506274	-2.43383410353983	0.895861950060654	0.647006923488215	0.483078908884411
COE2_02	0	0	0	0	522	1	1	1	0	1	1	1
CP2_01	505	509	3370	3352	522	0.289554752427033	0.557308469046567	0.591894214578336	0.539445662037731	1	1	1
CPEB1_01	394	355	1246	982	522	0.997041332064659	0.999872200971878	0.999999990783254	21.5780451371472	1	1	1
CREB3L1_02	0	1	0	1	522	0.5	0.159119243389507	0.5	0	1	0.647006923488215	1
CREBP1_Q2	276	301	477	574	522	0.0675837870277281	0.0130223512829095	0.00151637214042899	-11.4150728122957	0.778621546381951	0.2006380793454	0.0190910458538764
CRX_02	239	227	340	355	522	0.790836417933394	0.716591845653609	0.297652140492724	-2.74647563291823	1	1	1
CTCF_04	366	403	1361	1694	522	0.00567405875071154	0.00137141591819863	8.69810784605566e-10	-29.5500201308434	0.242714974425131	0.054170928768846	4.00837803239065e-08
CTCF_06	476	504	2738	2817	522	0.000206916167414773	0.18593441010867	0.147072019449972	-4.52482895980419	0.0328011325388987	0.683116156432628	0.732710150953465
CTF1_01	392	402	1191	1277	522	0.256999764008393	0.16969383603361	0.0433619323055457	-7.02309862170859	1	0.651906293198649	0.326631430327071
CTIP2_01	1	1	1	1	522	0.750239693192713	0.500540670565326	0.750000217694373	0	1	1	1
CUX1HOXA13_01	1	2	1	2	522	0.5	0.282038123449229	0.5	-2.91689675243333	1	0.831814203398429	1
CUX1HOXB13_01	8	14	8	15	522	0.140558740224134	0.0976333010186251	0.105017517439738	-7.03471174262307	0.936493775228263	0.599902394036663	0.581577273239673
CUX1NHLH1_02	1	1	1	1	522	0.750239693192713	0.500540670565326	0.750000217694373	0	1	1	1
CUX1RFX5_01	12	12	13	13	522	0.581532276165468	0.500157749149636	0.577491385770994	0	1	1	1
CUX1SRF_01	0	1	0	1	522	0.5	0.159119243389507	0.5	0	1	0.647006923488215	1
CUX1_06	0	1	0	1	522	0.5	0.159119243389507	0.5	0	1	0.647006923488215	1
CUX2_02	0	0	0	0	522	1	1	1	0	1	1	1
DEAF1_02	9	20	9	33	522	0.0289337636983151	0.0186185935311388	0.00013573611673876	-19.57696565363	0.484859737126311	0.23944377262139	0.00230109085958515
DEC_Q1	420	426	1069	1114	522	0.34655511811135	0.289610240693567	0.172937388394073	-3.19305659442396	1	0.842918226860751	0.824434273982088
DLX3_01	357	324	1206	1046	522	0.986465041467981	0.989524062334748	0.999659756724857	17.0669825475609	1	1	1
DMRT2_01	22	19	25	19	522	0.737800826688245	0.689855448842246	0.854397019136604	5.30283863200491	1	1	1
DRRS_02	20	31	20	32	522	0.0752144730390368	0.0566200336195336	0.0631692503001504	-6.34711078634883	0.784073475255666	0.453710462486056	0.406192969953293
E2F1EOMES_02	12	22	12	26	522	0.0576839187858588	0.0396822338594987	0.0167747703576678	-12.4962718102685	0.724981979285907	0.398986824078233	0.162744701891058
E2F1HES7_02	9	11	9	12	522	0.411045713208149	0.324627281064967	0.331810440345935	-3.90607460927594	1	0.887401886660983	1
E2F1NHLH1_01	7	11	7	11	522	0.238402070176095	0.171022469147636	0.24033944226929	-6.06182978744866	1	0.651906293198649	0.954570575919569
E2F2_05	0	0	0	0	522	1	1	1	0	1	1	1
E2F3DRGX_01	16	7	19	7	522	0.983627248657703	0.97146398413745	0.995322735037484	14.4169796102744	1	1	1
E2F3FOXI1_01	18	23	19	26	522	0.262199173311755	0.21029933019966	0.185644310074076	-5.1644400153715	1	0.717873639508714	0.862700029167763
E2F3ONECUT2_01	0	1	0	1	522	0.5	0.159119243389507	0.5	0	1	0.647006923488215	1
E2F7_01	0	0	0	0	522	1	1	1	0	1	1	1
E2F_01	494	488	2410	2254	522	0.820280539399082	0.998397492725563	0.989381940417655	12.3769898973507	1	1	1
E4BP4_01	27	19	27	21	522	0.912937389288027	0.883071298729886	0.843841670203468	6.05360336852304	1	1	1
EGR3_05	0	0	0	0	522	1	1	1	0	1	1	1
EGR4_02	0	0	0	0	522	1	1	1	0	1	1	1
EGR_Q6	303	340	1529	1548	522	0.0109617615365747	0.00777755698947261	0.372619551651761	-17.1902410702841	0.336769673873655	0.157780527636607	1
ELK1FOXI1_01	1	2	1	2	522	0.5	0.282038123449229	0.5	-2.91689675243333	1	0.831814203398429	1
ELK1HOXA3_01	15	9	15	10	522	0.926568947764997	0.891198500545776	0.885241073116988	7.55141895984556	1	1	1
ELK1PAX9_01	0	0	0	0	522	1	1	1	0	1	1	1
ELK1SREBF2_02	2	1	2	1	522	0.87535953978907	0.71870936448127	0.875000326541559	3.87505398928574	1	1	1
ERBETA_Q5	393	410	871	938	522	0.119943161856857	0.084086365004577	0.0602014531714442	-8.61416587045616	0.895861950060654	0.574071109228779	0.404569409109841
ERFCLOCK_01	17	18	17	18	522	0.5	0.43190512378144	0.5	-1.05475339564879	1	1	1
ERFMAX_01	0	1	0	1	522	0.5	0.159119243389507	0.5	0	1	0.647006923488215	1
ERFONECUT2_01	1	5	1	5	522	0.108700216348215	0.0509054068512714	0.109374387734043	-7.84938375108128	0.883988524125928	0.453710462486056	0.581577273239673
ERFSREBF2_02	1	3	1	3	522	0.31213994214207	0.158538643895077	0.312499673458014	-4.69116701929998	1	0.647006923488215	1
ESRRG_02	0	0	0	0	522	1	1	1	0	1	1	1
ETS1_03	0	0	0	0	522	1	1	1	0	1	1	1
ETV2ONECUT2_01	0	1	0	1	522	0.5	0.159119243389507	0.5	0	1	0.647006923488215	1
ETV2RFX5_02	0	0	0	0	522	1	1	1	0	1	1	1
ETV2SPDEF_01	0	1	0	1	522	0.5	0.159119243389507	0.5	0	1	0.647006923488215	1
ETV2TBX21_03	1	2	1	2	522	0.5	0.282038123449229	0.5	-3.46502476651543	1	0.831814203398429	1
ETV2TCF3_01	34	44	35	44	522	0.144687596920996	0.121736119919867	0.184085558973318	-5.4493903084209	0.95252667972989	0.647006923488215	0.862700029167763
ETV5EOMES_01	70	96	82	116	522	0.0170657466659795	0.0131825044816542	0.0093894150626429	-16.2015258877127	0.364660555140216	0.2006380793454	0.0998528178777216
ETV5HES7_01	260	298	710	946	522	0.0108234762437982	0.00247334072565192	3.55213019273537e-09	-32.5093400253032	0.336769673873655	0.0683878710642757	1.30955199772177e-07
ETV6_01	2	3	2	3	522	0.5	0.32735982799067	0.5	-2.23748040647365	1	0.887401886660983	1
ETV7TBX21_01	2	7	2	7	522	0.0888986025079687	0.0472173705033662	0.0898428928272876	-8.70260738421176	0.784073475255666	0.435186764806025	0.522980207720948
EVI1_01	14	12	15	14	522	0.72392382569035	0.652213088826358	0.644466209273728	1.02548344169889	1	1	1
EVI1_03	36	22	38	26	522	0.979070544856224	0.96950865026402	0.948293859869903	7.41275384365819	1	1	1
EVI1_09	0	0	0	0	522	1	1	1	0	1	1	1
EVX2_03	453	438	2925	2511	522	0.919350831699966	0.994736451166033	0.999999991727488	21.9566282915482	1	1	1
EVX2_04	13	8	13	9	522	0.90762096553862	0.863597944015566	0.856862961238508	3.94472268704883	1	1	1
FKHL14_Q2	135	101	197	144	522	0.995242421787044	0.994086813091214	0.998305966152522	14.8920790156378	1	1	1
FLI1CEBPB_01	0	0	0	0	522	1	1	1	0	1	1	1
FOXC1_Q4	385	359	1262	1015	522	0.967644086777379	0.999679590970202	0.999999904213006	20.669365417616	1	1	1
FOXD2_04	0	0	0	0	522	1	1	1	0	1	1	1
FOXG1_01	0	0	0	0	522	1	1	1	0	1	1	1
FOXG1_02	1	0	1	0	522	1	0.841807847509034	1	0	1	1	1
FOXI1_03	0	0	0	0	522	1	1	1	0	1	1	1
FOXJ2_02	405	360	1835	1427	522	0.999364134200603	0.999950081781184	0.999999999999653	33.789529170365	1	1	1
FOXJ2_03	3	2	3	2	522	0.813100096429884	0.673259644819075	0.812500544236643	2.45150719245662	1	1	1
FOXL2_Q2	197	174	296	239	522	0.939686717497959	0.95587095531283	0.993967138428446	11.8678577255516	1	1	1
FOXL2_Q5	386	370	971	825	522	0.880451946566553	0.99511774201855	0.9997428287702	15.6338514318726	1	1	1
FOXM1_Q3	461	456	2824	2599	522	0.714944456319533	0.913590288110019	0.998953155178149	13.7281736969521	1	1	1
FOXN4_01	513	517	6144	7392	522	0.21038281255014	8.89209019072973e-09	1.93130301427028e-27	-62.6032501302434	1	4.91732587547354e-06	5.34005283445732e-25
FOXO1ETV7_01	4	5	4	5	522	0.5	0.369198055214237	0.5	-2.05017853254987	1	0.945059161312887	1
FOXO3_01	361	334	875	730	522	0.966931521170298	0.994283981902352	0.999868465177653	18.8223638355702	1	1	1
FOXO3_03	0	0	0	0	522	1	1	1	0	1	1	1
FOXO6_03	1	3	1	3	522	0.31213994214207	0.158538643895077	0.312499673458014	-4.24354019014837	1	0.647006923488215	1
FOXP1_01	4	1	4	1	522	0.969049184766841	0.910700177676656	0.968750272117611	12.9622034219786	1	1	1
FXR_Q3	289	286	497	486	522	0.598265609296595	0.576300448909302	0.649094432130694	2.04875929804599	1	1	1
GATA5_06	114	106	141	124	522	0.752666978464105	0.739865344244978	0.865622618618457	3.61352701821374	1	1	1
GATAD2A_01	499	506	3064	3219	522	0.163769537084069	0.1311456165787	0.0256926011673395	-6.51349244357642	1	0.647006923488215	0.21858474531598
GCM1CEBPB_01	0	0	0	0	522	1	1	1	0	1	1	1
GCM1ELF1_02	71	95	81	109	522	0.0256746890566042	0.0203740452889068	0.0249162779189312	-9.9938823794003	0.476522206277779	0.256064705562851	0.215292213893265
GCM1ELK3_01	1	3	1	3	522	0.31213994214207	0.158538643895077	0.312499673458014	-4.54684972583317	1	0.647006923488215	1
GCM1ETV4_01	13	23	15	27	522	0.0628950763733518	0.0448640491315083	0.0442118723474898	-8.87536446197488	0.740020792222629	0.42050540965634	0.326631430327071
GCM1ETV7_01	4	3	4	3	522	0.774226263475644	0.647946560806405	0.773438214311527	2.64661916497644	1	1	1
GCM1FOXI1_01	57	50	60	57	522	0.792799968097278	0.751165880869663	0.644155395480623	1.41524631606725	1	1	1
GCM1MAX_03	1	2	1	2	522	0.5	0.282038123449229	0.5	-3.24144750672171	1	0.831814203398429	1
GCM1NHLH1_01	101	106	122	128	522	0.37811849251547	0.348327540357058	0.375937972398734	-2.35694425864422	1	0.921651338839487	1
GCM1ONECUT2_01	0	2	0	2	522	0.249760306807287	0.0787489826715255	0.249999782305627	0	1	0.551242878700679	0.954570575919569
GCM1PITX1_02	139	154	171	205	522	0.167443834438873	0.128643668146565	0.0442990185796208	-9.55814729038828	1	0.647006923488215	0.326631430327071
GCM1SOX2_01	0	0	0	0	522	1	1	1	0	1	1	1
GCM1TBX21_02	15	13	16	13	522	0.716858286497396	0.651023124813541	0.770873702085924	4.2980860062474	1	1	1
GCM1_05	10	12	13	15	522	0.415006088013332	0.334379252659664	0.42527609865152	-3.25887608579502	1	0.893003316986355	1
GCM2E2F8_01	171	214	327	478	522	0.00350963782596936	0.00461754997102789	5.6772877458084e-08	-26.6056306095274	0.204510860035134	0.116068415180838	1.74418895746225e-06
GCM2HES7_01	185	221	308	414	522	0.013113006392105	0.00798888747527125	4.51256557829367e-05	-21.738649021916	0.34530916832543	0.157780527636607	0.000860499574067724
GCM2HOXA13_01	6	6	6	6	522	0.613446530622719	0.500221794730102	0.612793558059319	0	1	1	1
GCM2MAX_01	139	151	167	198	522	0.223619410893869	0.136066746290627	0.0580858592113104	-8.26038937115812	1	0.647006923488215	0.404569409109841
GCM2SOX15_01	56	57	63	62	522	0.5	0.473173505288352	0.570944143613528	0.0426432070175001	1	1	1
GCM2TBX21_02	1	3	1	3	522	0.31213994214207	0.158538643895077	0.312499673458014	-4.69116701929998	1	0.647006923488215	1
GCNF_01	2	8	2	8	522	0.0538448395582632	0.0283901868123015	0.0546867346682207	-8.79034355222445	0.692469680830688	0.334037729940484	0.392750185344494
GFI1B_01	367	365	832	791	522	0.580356388150129	0.908590537313619	0.851589684593087	4.78967633603653	1	1	1
GLI3_03	0	0	0	0	522	1	1	1	0	1	1	1
GLIS1_01	0	0	0	0	522	1	1	1	0	1	1	1
GMEB2_02	0	0	0	0	522	1	1	1	0	1	1	1
GMEB2_03	3	3	4	3	522	0.656700721986083	0.501251024147854	0.773438214311527	2.08317141292374	1	1	1
GRE_C	498	506	3407	3574	522	0.129415955216505	0.164927314988427	0.0231354390070314	-10.2697053679265	0.895861950060654	0.651659906716087	0.206694104681925
GRHL1_01	7	11	10	14	522	0.238402070176095	0.172421964542721	0.270625956975103	-4.86261571689318	1	0.651906293198649	0.999780505259067
GZF1_01	0	0	0	0	522	1	1	1	0	1	1	1
HELIOS_01	4	2	4	2	522	0.891299783651785	0.793676591392206	0.890625612265957	4.79701766515084	1	1	1
HES1_Q2	418	429	1118	1114	522	0.21449755215221	0.306189466919606	0.542182061422802	0.865172784754965	1	0.867347038881064	1
HES5_01	0	0	0	0	522	1	1	1	0	1	1	1
HESX1_02	1	0	2	0	522	1	0.841807847509034	1	0	1	1	1
HIC1_03	297	326	743	783	522	0.0386238411845943	0.0407695242155596	0.158891482156238	-6.80092910389702	0.61025669071659	0.402599051628651	0.770763066950874
HIC2_01	489	484	2318	2365	522	0.769509233973271	0.1690005964053	0.250294273975294	-2.87216589356177	1	0.651906293198649	0.954570575919569
HIC2_03	0	0	0	0	522	1	1	1	0	1	1	1
HIF1_Q5	288	346	529	789	522	0.000149301973615831	2.57373330942672e-07	4.00283456685186e-13	-27.8506781492283	0.0328011325388987	7.11637260056488e-05	4.42713503093815e-11
HINFP_02	0	0	0	0	522	1	1	1	0	1	1	1
HINFP_03	0	0	0	0	522	1	1	1	0	1	1	1
HMX1_01	0	0	0	0	522	1	1	1	0	1	1	1
HNF1B_01	406	389	1472	1362	522	0.904457475556735	0.932636004565713	0.981594964493909	10.4632667214688	1	1	1
HNF1_C	203	170	318	261	522	0.985983106950005	0.979560803767485	0.992082134551706	11.8240583490158	1	1	1
HNF3B_01	369	318	1231	923	522	0.99965911019648	0.999994882490225	0.999999999987669	34.7785235121183	1	1	1
HNF4A_09	418	421	1074	1072	522	0.438103691749794	0.401614011995632	0.525840556268895	0.145596382557099	1	0.988650266512477	1
HNF4GAMMA_01	0	0	0	0	522	1	1	1	0	1	1	1
HNF6_Q6	134	129	166	167	522	0.665562666866793	0.596350292256275	0.5	-0.198907020750099	1	1	1
HOX13_01	351	342	783	774	522	0.743794811982308	0.680486129095829	0.6000930412125	2.96218286670669	1	1	1
HOXB13EOMES_01	446	435	1591	1405	522	0.846890569556614	0.987892358911882	0.999689068722811	18.3351160772355	1	1	1
HOXB13TBX3_01	64	71	72	77	522	0.290051738821944	0.273494898374641	0.371626459156024	-1.96721733606158	1	0.831814203398429	1
HOXB2ELK1_02	0	3	0	3	522	0.12464046021093	0.0415827947201148	0.124999673458441	0	0.895861950060654	0.403426061056553	0.652120937948281
HOXB2ESRRB_01	0	0	0	0	522	1	1	1	0	1	1	1
HOXB2PITX1_01	107	77	135	97	522	0.994168822306214	0.993672364271537	0.994854482236011	13.0032536736725	1	1	1
HOXB2RFX5_01	85	81	94	91	522	0.663869921777877	0.624926396517252	0.615616282236761	1.3608360310494	1	1	1
HOXB2_03	0	0	0	0	522	1	1	1	0	1	1	1
HOXC10TBX21_01	19	14	20	15	522	0.85578938490814	0.811294016866034	0.844751374574379	4.61972544030284	1	1	1
HOXD10_Q2	189	148	353	259	522	0.99730335884469	0.99699374368795	0.999940559115645	14.4822705780074	1	1	1
HOXD12EOMES_01	2	1	2	1	522	0.87535953978907	0.71870936448127	0.875000326541559	5.29245078748065	1	1	1
HOXD12ETV4_01	0	0	0	0	522	1	1	1	0	1	1	1
HOXD12TBX21_01	3	1	3	1	522	0.93785936709945	0.841924900591959	0.937500326541417	7.87510972016135	1	1	1
HOXD13_01	328	278	734	568	522	0.999315531980857	0.999951093985522	0.999998231596621	23.8235696111944	1	1	1
HOXD13_04	15	9	16	10	522	0.926568947764997	0.89185871635776	0.915683640356667	5.95051817983987	1	1	1
HOXD9_Q2	305	277	600	506	522	0.964648112099081	0.992530019601926	0.997878444904841	12.2811584536969	1	1	1
HSF2_02	128	131	164	169	522	0.443030732245171	0.412179046340931	0.413255694007753	-1.06024297281768	1	0.992243092034575	1
HSF2_Q6	59	65	71	73	522	0.316282338920892	0.302082741209482	0.466810395857149	-1.6469132997317	1	0.861091525200225	1
HSFY1_01	55	51	82	65	522	0.695710776356791	0.67919256814245	0.931323696324076	5.51363258804914	1	1	1
IK1_01	497	511	3388	3643	522	0.0130683629418636	0.121405421232668	0.00118765430807675	-11.8109290376543	0.34530916832543	0.647006923488215	0.0156374483896772
IK3_01	494	506	3029	3094	522	0.0445696664599794	0.250531050401311	0.206084937533798	-3.53712366147333	0.626094142418027	0.829602819592364	0.919072342388631
IRF4_05	0	0	0	0	522	1	1	1	0	1	1	1
IRF4_09	275	285	433	557	522	0.288239090831945	0.186529004740193	4.50885481733523e-05	-11.7647442320471	1	0.683116156432628	0.000860499574067724
IRF4_Q5	142	95	195	110	522	0.999811236150632	0.999917437459742	0.999999642442379	26.4397763494331	1	1	1
IRF7_04	4	1	4	1	522	0.969049184766841	0.910700177676656	0.968750272117611	11.875165451037	1	1	1
IRF7_Q3	266	295	462	599	522	0.0410789800979092	0.107798991232854	1.44105523869586e-05	-12.8009157292745	0.619829184906312	0.634179171827319	0.000318761418799525
ISL2_03	491	506	3828	3884	522	0.0178044032346941	0.373140912796343	0.264869378564821	-1.7489796222503	0.364660555140216	0.945059161312887	0.999780505259067
ISRE_01	101	89	127	101	522	0.851477806568865	0.86525809865472	0.963251865339074	9.46564684310566	1	1	1
KAISO_01	157	170	198	191	522	0.211648789552598	0.31803207364678	0.657486121576019	1.50970861852521	1	0.887401886660983	1
KAISO_Q2	479	491	7897	8709	522	0.0921605350662176	0.00746226543221574	1.14393753063943e-10	-32.5417205014702	0.784073475255666	0.157780527636607	6.32597454443604e-09
KLF13_01	4	13	5	18	522	0.0236195638257298	0.013864462501401	0.00531063503856628	-12.6656875224878	0.466486385558163	0.20176441482302	0.058735623526543
KLF8_01	4	9	4	9	522	0.131910051338871	0.0816190906123069	0.133421483526584	-5.05591217635836	0.900571091239453	0.564191963857571	0.679322163238263
KLF9_01	92	109	122	165	522	0.104538823090522	0.100607047469523	0.00650998054763899	-11.5704355815752	0.862835360732216	0.611381288468637	0.0705886126047914
LBX2_03	492	484	4382	3914	522	0.870571889590639	0.981649090165769	0.999999882451939	21.7648134895787	1	1	1
LEF1_05	334	324	717	656	522	0.759657717691812	0.867660172445184	0.952975660230618	8.9377101626483	1	1	1
LHX2_03	15	6	23	12	522	0.987434808541751	0.975330886174693	0.979521726848083	16.7494482629285	1	1	1
LHX3_01	310	265	1255	1090	522	0.997907267387434	0.990333572872057	0.999701290487201	18.6550687685285	1	1	1
LHX6_06	3	2	4	3	522	0.813100096429884	0.672949520815632	0.773438214311527	2.6473948542069	1	1	1
LHX6_07	1	2	2	2	522	0.5	0.282786745459141	0.687500326541986	-2.45185520894574	1	0.831814203398429	1
LRF_Q6	371	412	1569	1729	522	0.00209947444622835	0.030524895390469	0.00277604611713991	-14.3920735950237	0.16585848125204	0.34449524797815	0.0326628404846462
LYF1_01	471	478	1482	1527	522	0.25933961849427	0.386395611856593	0.210938475953002	-3.6493279028739	1	0.962507988093225	0.925785533349289
MAFA_Q4_01	434	442	1025	1129	522	0.277782784717043	0.0334279132741707	0.0131513543481034	-10.0296620969612	1	0.362534779536698	0.133060673801597
MAFB_Q4	491	496	2085	2121	522	0.293091237247244	0.554677860857768	0.294371027903335	-2.65221994985396	1	1	1
MAFF_01	1	4	1	5	522	0.186899903570116	0.0894388884762048	0.109374387734043	-5.67957835349425	1	0.595900064184834	0.581577273239673
MAFF_04	0	0	0	0	522	1	1	1	0	1	1	1
MAX_11	19	40	20	43	522	0.00344260308415862	0.00245740334669307	0.00257559621686235	-8.48722392514872	0.204510860035134	0.0683878710642757	0.0309631458244539
MEF2_01	0	0	0	0	522	1	1	1	0	1	1	1
MEF2_04	246	214	428	344	522	0.980193984670677	0.989007004701003	0.998904412913294	19.6603047546124	1	1	1
MEIS1AHOXA9_01	491	496	3134	3008	522	0.293091237247244	0.814797907749057	0.947906561092452	8.28010372180569	1	1	1
MEIS1DLX3_01	30	43	30	43	522	0.0724294201770003	0.057431704112159	0.079849206331327	-7.17257834318163	0.784073475255666	0.453710462486056	0.485237484628833
MEIS1DRGX_01	424	422	1217	1194	522	0.593584735689403	0.751916657188939	0.687678325239658	3.06384082916063	1	1	1
MEIS1EOMES_01	487	495	2195	2428	522	0.179719460600918	0.0254720743587255	0.000313478174587001	-14.5502156767793	1	0.306218633051635	0.00495295515847461
MEIS1SOX2_01	6	10	6	10	522	0.225477369416293	0.157018598052709	0.227247549460351	-5.0998833140828	1	0.647006923488215	0.947426140437852
MEIS1_02	110	106	132	115	522	0.648743950155645	0.680761457947069	0.874010241725298	6.31845343861886	1	1	1
MEIS1_06	2	1	2	1	522	0.87535953978907	0.71870936448127	0.875000326541559	3.16589944291906	1	1	1
MEIS2ONECUT2_01	6	1	6	1	522	0.992344043867788	0.971020494931883	0.99218764286131	20.4945637030325	1	1	1
MEIS2_05	0	0	0	0	522	1	1	1	0	1	1	1
MEOX2_03	4	4	4	4	522	0.637245352694175	0.500271117038804	0.636719226208306	0	1	1	1
MGADLX2_01	19	21	19	21	522	0.4360787496145	0.373725438474958	0.437313564463388	-1.48068918339893	1	0.945059161312887	1
MIBP1_Q6	316	335	654	627	522	0.125098155598453	0.275606988170606	0.783108690569916	3.18935060791583	0.895861950060654	0.831814203398429	1
MIZF_03	0	0	0	0	522	1	1	1	0	1	1	1
MRF2_01	45	36	50	42	522	0.876409406495072	0.846278504283669	0.825939029579961	3.96051800847544	1	1	1
MSX1_01	406	432	1131	1207	522	0.0258511142646173	0.0872525548137701	0.0602406851623044	-5.1693868997355	0.476522206277779	0.588422717219693	0.404569409109841
MSX1_Q5	93	70	119	84	522	0.97975677292001	0.973911752647416	0.994338560792107	16.0573215908364	1	1	1
MSX2_03	6	1	6	1	522	0.992344043867788	0.971020494931883	0.99218764286131	20.4945637030325	1	1	1
MSX2_Q3	467	457	2053	1860	522	0.857114955398215	0.99829453187059	0.999055618027002	12.102059413567	1	1	1
MTF1_01	497	494	2207	2352	522	0.713410154409529	0.0291758590153688	0.0162959880147604	-13.6140624162563	1	0.336130209072894	0.160922881645759
MTF1_07	0	1	0	1	522	0.5	0.159119243389507	0.5	0	1	0.647006923488215	1
MYBL1ELF1_01	0	0	0	0	522	1	1	1	0	1	1	1
MYBL1FIGLA_01	24	20	24	20	522	0.779228986973996	0.731100973712426	0.774313942292333	3.87435049511719	1	1	1
MYBL1HOXA13_01	1	1	1	1	522	0.750239693192713	0.500540670565326	0.750000217694373	0	1	1	1
MYBL1ONECUT2_01	28	38	29	43	522	0.126112408090729	0.0975689910570848	0.0624531921408901	-8.01294365629148	0.895861950060654	0.599902394036663	0.406192969953293
MYBL2_02	14	8	15	8	522	0.935152225974479	0.90250892850198	0.953431804483012	7.60018854677758	1	1	1
MYBL2_03	0	0	0	0	522	1	1	1	0	1	1	1
MYBL2_05	4	4	4	6	522	0.637245352694175	0.498102198268083	0.376952589264955	0	1	1	1
MYOD_01	0	0	0	0	522	1	1	1	0	1	1	1
MYOGNF1_01	508	512	4112	4465	522	0.268241160494878	0.00733444067578812	6.79349695466367e-05	-24.988297603959	1	0.157780527636607	0.00121187219868678
NERF_Q2	499	497	2533	2491	522	0.671022571012697	0.653101060647705	0.728400512636844	3.91971338510605	1	1	1
NFAT5_02	8	5	8	5	522	0.868089948661129	0.798819737179898	0.866578516473416	4.77560759105297	1	1	1
NFATC1_01	2	3	2	3	522	0.5	0.32735982799067	0.5	-2.58296630311527	1	0.887401886660983	1
NFATC1_02	1	2	2	4	522	0.5	0.282038123449229	0.343749591821985	-2.74030924366228	1	0.831814203398429	1
NFATC1_03	0	1	0	2	522	0.5	0.159119243389507	0.249999782305627	0	1	0.647006923488215	0.954570575919569
NFIA_03	42	44	42	46	522	0.455222840137526	0.404041519406546	0.374659843642058	-1.79452417864853	1	0.988650266512477	1
NFKB_C	305	310	590	589	522	0.40067593805532	0.423694188097439	0.523234316696462	0.274416539877069	1	1	1
NFY_C	364	335	671	649	522	0.975842398624239	0.844807996913969	0.73676192953075	3.61376036443283	1	1	1
NKX22_01	322	296	691	603	522	0.95548628367554	0.960399731221854	0.993363221381508	10.5619153383942	1	1	1
NKX23_04	5	6	5	6	522	0.5	0.381178596903839	0.5	-1.78033076710068	1	0.953808887275217	1
NKX25_03	493	503	2970	2894	522	0.0915042038506195	0.811800120426174	0.843297814687575	6.09846295523672	0.784073475255666	1	1
NKX31_06	263	263	372	397	522	0.524676896856882	0.288924749678531	0.193319557875235	-3.49973414793272	1	0.842918226860751	0.883518309958716
NKX61_01	188	153	285	216	522	0.991275317403395	0.99358561154452	0.999133822083561	16.178701294523	1	1	1
NKX62_Q2	358	298	1114	896	522	0.999954320984923	0.999703170019973	0.999999505258753	20.7943584733855	1	1	1
NOR1_02	1	0	1	0	522	1	0.841807847509034	1	0	1	1	1
NR2E1_02	63	62	68	66	522	0.575567563765284	0.538010198195775	0.602191486678644	1.0481485585418	1	1	1
NR2F1_05	418	408	870	966	522	0.798848160976785	0.0703960853162701	0.0132338825661625	-10.389816116932	1	0.533274454519142	0.133060673801597
NR4A2_02	0	0	0	0	522	1	1	1	0	1	1	1
NR4A2_03	0	0	0	0	522	1	1	1	0	1	1	1
NR4A2_04	12	21	12	21	522	0.0780273716119194	0.0558091229262494	0.0813748073540517	-6.24623562259718	0.784073475255666	0.453710462486056	0.489133352899897
NRF1_02	4	21	7	52	522	0.000397208776467911	0.000280524881938242	6.78906583414977e-10	-14.342898033734	0.043931290677351	0.019391282463981	3.41304855116802e-08
NRSF_01	4	0	4	0	522	1	0.977456493757602	1	0	1	1	1
OCT1_01	265	253	482	431	522	0.789497911555754	0.893063938717736	0.957459954145284	9.85000592262381	1	1	1
OCT1_06	466	465	3303	2980	522	0.578915996237605	0.952488236182568	0.999979307927116	17.7787006057448	1	1	1
OLF1_01	253	252	445	401	522	0.549284066603197	0.625794565519848	0.939178556251759	6.40077314271771	1	1	1
OSR2_05	0	0	0	0	522	1	1	1	0	1	1	1
OTX2_Q3	113	112	139	134	522	0.559816409837116	0.548699780303227	0.641728524606776	1.21117716014769	1	1	1
P73_Q6	212	224	304	326	522	0.245007981626797	0.201433954321672	0.201336692115877	-6.09401958458024	1	0.7170269963866	0.912616317541637
PAX1_B	0	0	0	0	522	1	1	1	0	1	1	1
PAX2_01	408	427	1149	1167	522	0.0818777458917073	0.413259054918115	0.361821739447192	-3.1869952061242	0.784073475255666	0.992243092034575	1
PAX2_Q2	441	442	1200	1260	522	0.5	0.201561337988789	0.116856686171147	-3.97438544327292	1	0.7170269963866	0.615445213834705
PAX3_01	515	513	3925	4448	522	0.774522630583707	3.33093183775895e-05	5.10025935738887e-09	-28.366140643009	1	0.00460501326570175	1.76277714039753e-07
PAX5_01	513	515	4980	5591	522	0.401048884613462	0.000637079715780364	1.24541805290003e-09	-42.1038690092217	1	0.039145009202949	5.29781679425937e-08
PAX5_Q6	487	489	2265	2329	522	0.450148630813234	0.0726155794839554	0.175835439297569	-6.614900731289	1	0.542654262900369	0.831085452406459
PAX9_01	0	0	0	0	522	1	1	1	0	1	1	1
PBX1_02	215	219	331	325	522	0.425291206880142	0.531760967750776	0.607707909663919	1.44461331170102	1	1	1
PBX1_05	485	494	2151	2303	522	0.152747301662623	0.0336584631508618	0.0116907234008796	-11.3577189445994	0.993755974346244	0.362534779536698	0.121980566805404
PBX4_01	0	0	0	0	522	1	1	1	0	1	1	1
PIT1_Q6	428	404	1842	1651	522	0.972865340108733	0.983469854138281	0.999431708845919	18.5025354846151	1	1	1
PITX1EOMES_01	82	80	89	86	522	0.601158489090833	0.587048853253463	0.618774073725901	1.24037655410133	1	1	1
PITX1FIGLA_01	58	51	64	55	522	0.790890679775664	0.764948677628299	0.820333336404268	4.87503351056312	1	1	1
PITX1HES7_01	5	3	5	3	522	0.856414809944526	0.761201018274419	0.855469607173459	4.24349732262244	1	1	1
PITX1TBX21_01	0	1	0	1	522	0.5	0.159119243389507	0.5	0	1	0.647006923488215	1
PLAG1_02	322	361	2835	2980	522	0.00667807958763291	0.0909035074010291	0.0291629174461487	-14.2450539830629	0.2637841437115	0.598448090390108	0.237163137466474
PLAG1_04	4	7	5	8	522	0.273326371115534	0.182316448136083	0.290526249318408	-3.57138567884337	1	0.681222944724687	1
PLAG1_06	0	0	0	0	522	1	1	1	0	1	1	1
PLAG1_08	0	0	0	0	522	1	1	1	0	1	1	1
PLAGL2_02	0	0	0	0	522	1	1	1	0	1	1	1
PLAGL2_03	81	128	91	156	522	0.000179298325541574	8.3218867628989e-05	2.11444445831432e-05	-12.3323583360012	0.0328011325388987	0.00767000563313849	0.000449726071326085
PLAGL2_05	0	1	0	1	522	0.5	0.159119243389507	0.5	0	1	0.647006923488215	1
PLZFB_Q3	388	382	1188	1097	522	0.688762508877884	0.883039671912091	0.972993121792584	7.88711452165716	1	1	1
POU2F1DLX2_01	0	2	0	2	522	0.249760306807287	0.0787489826715255	0.249999782305627	0	1	0.551242878700679	0.954570575919569
POU2F1EOMES_01	365	365	735	794	522	0.526899459430728	0.207458082137172	0.0688554918354515	-7.16529656710916	1	0.7170269963866	0.432694170284144
POU2F1ETV4_01	0	0	0	0	522	1	1	1	0	1	1	1
POU2F1FOXO6_01	9	13	10	14	522	0.259488256217413	0.195048670229208	0.270625956975103	-5.78384307496812	1	0.709617859452316	0.999780505259067
POU2F1HOXB13_01	33	25	35	29	522	0.888147250695563	0.855261929945323	0.809140257050633	4.29282292566859	1	1	1
POU2F1SOX2_01	45	22	50	23	522	0.998890649873887	0.998242484175636	0.999543031468691	21.7840932547014	1	1	1
POU2F1TBX21_01	11	8	14	9	522	0.822589025394369	0.758177187485712	0.894982482560262	4.82268525092171	1	1	1
POU3F1_Q6	401	399	1442	1294	522	0.58681285121597	0.950569581066864	0.997831810551923	17.7410141282497	1	1	1
POU3F2_01	410	392	2396	1949	522	0.918307787879318	0.995942611970688	0.999999999995295	26.2793889419403	1	1	1
POU4F2_01	0	1	0	1	522	0.5	0.159119243389507	0.5	0	1	0.647006923488215	1
POU4F2_02	18	20	22	21	522	0.434504912435717	0.378130015043552	0.619606365897625	0.618385802669462	1	0.950481355995836	1
POU5F1_01	495	495	4149	3876	522	0.555491908003302	0.961538548666447	0.998928435809307	13.0646351509718	1	1	1
POU6F2_01	0	0	0	0	522	1	1	1	0	1	1	1
PPARG_02	500	511	6386	6117	522	0.0376994680684938	0.974421940909951	0.992408704950829	12.4016752244949	0.61025669071659	1	1
PRDM10_01	0	0	0	0	522	1	1	1	0	1	1	1
PRDM12_01	7	3	7	3	522	0.946155160441737	0.898137899187243	0.945313265331779	7.57259564052243	1	1	1
PRDM14_01	3	4	3	4	522	0.5	0.35259266759937	0.5	-1.73375666005299	1	0.92849402467834	1
PRDM14_02	112	111	122	137	522	0.560009167773114	0.483726880431015	0.192164885893131	-4.52737195549261	1	1	0.883518309958716
PRDM15_01	29	30	29	31	522	0.5	0.443876095925655	0.448709573603499	-1.107835206784	1	1	1
PRDM15_02	0	0	0	0	522	1	1	1	0	1	1	1
PRDM15_03	4	0	4	0	522	1	0.977456493757602	1	0	1	1	1
PRDM15_04	2	1	2	1	522	0.87535953978907	0.71870936448127	0.875000326541559	3.16589944291906	1	1	1
PRDM16_05	368	365	758	720	522	0.606672836188001	0.806286158848438	0.844970325451626	3.23771150296061	1	1	1
PRDM1_03	351	349	663	662	522	0.578286293059211	0.435625481619676	0.521919816496398	-0.10357666403331	1	1	1
PRDM4_01	0	0	0	0	522	1	1	1	0	1	1	1
PRDM5_02	1	0	1	0	522	1	0.841807847509034	1	0	1	1	1
PRDM5_03	4	5	4	5	522	0.5	0.369198055214237	0.5	-1.55073395431155	1	0.945059161312887	1
PREP1_Q3	378	348	763	664	522	0.981492317958177	0.98564199234261	0.995972835833622	12.7686260906616	1	1	1
PROX1_01	2	4	2	5	522	0.343299278013918	0.20632394765121	0.226561785688473	-4.51735543212496	1	0.7170269963866	0.947426140437852
PRRX2_05	0	0	0	0	522	1	1	1	0	1	1	1
PRX2_Q2	426	404	2340	1989	522	0.961155519424301	0.998348132195668	0.999999959051404	20.7931093275938	1	1	1
PSF_Q5	229	255	315	404	522	0.0603604127718934	0.0134242476234716	0.000507006497209955	-11.8160771721905	0.740020792222629	0.2006380793454	0.00737827876202909
RARB_01	0	0	0	0	522	1	1	1	0	1	1	1
RBPJK_01	291	303	487	496	522	0.245908389878861	0.335885515249841	0.399265231204065	-1.26296212165213	1	0.893003316986355	1
RELA_03	475	483	2696	2696	522	0.215428499918492	0.164772213069019	0.505445489744018	-0.299910053691326	1	0.651659906716087	1
REST_04	59	59	66	66	522	0.538911722971066	0.50395455203581	0.534659759233773	0	1	1	1
RFX2_02	0	1	0	1	522	0.5	0.159119243389507	0.5	0	1	0.647006923488215	1
RFX3BHLHA15_01	5	4	5	4	522	0.747041634849515	0.631285567057691	0.746094607174951	2.0010373971208	1	1	1
RFX3FIGLA_02	25	21	26	22	522	0.774403554298648	0.726421555496584	0.764565152954401	3.59424979979714	1	1	1
RFX3HES7_01	2	3	2	3	522	0.5	0.32735982799067	0.5	-2.4505989796189	1	0.887401886660983	1
RFX3SREBF2_01	0	1	0	2	522	0.5	0.159119243389507	0.249999782305627	0	1	0.647006923488215	0.954570575919569
RFX3SRF_01	84	90	107	107	522	0.339030433583164	0.295754961620298	0.52724183109865	0.427481040378919	1	0.851835905083463	1
RFX5_02	3	6	4	18	522	0.252958365150486	0.155725898927782	0.00217157715755752	-7.39025941033719	1	0.647006923488215	0.0266862704028735
RFX_Q6	271	283	415	439	522	0.247576491169709	0.211607763060123	0.215550994936755	-3.29491025914748	1	0.717908545842013	0.938580316535632
RLF_01	5	12	5	12	522	0.0700981816485894	0.0435908883384054	0.0717300874192624	-6.43641264723357	0.784073475255666	0.415616573295486	0.44569368924553
ROAZ_01	3	5	4	13	522	0.362754647305825	0.237538471009439	0.024520051826477	-5.5039315453644	1	0.796113784655877	0.215231566032409
RORA2_01	173	162	227	205	522	0.786852042113967	0.776051013013426	0.865819229653397	5.30925966034153	1	1	1
RORA_05	0	0	0	0	522	1	1	1	0	1	1	1
RORA_06	0	0	0	0	522	1	1	1	0	1	1	1
RP58_01	24	25	24	26	522	0.5	0.439316112926746	0.443861191548415	-1.33078435364542	1	1	1
RREB1_01	436	453	1777	2190	522	0.0817802595449374	0.0572262048884824	2.71916078495768e-11	-26.4974143893484	0.784073475255666	0.453710462486056	1.879619892602e-09
RREB1_04	0	0	0	0	522	1	1	1	0	1	1	1
RREB1_05	0	0	0	0	522	1	1	1	0	1	1	1
RREB_Q5	180	181	259	289	522	0.5	0.40661739327415	0.107632989988511	-5.47997787367352	1	0.99057012546522	0.581577273239673
RUNX2_02	22	20	24	20	522	0.681468725500198	0.625964617006681	0.774313942292333	3.66178575948795	1	1	1
RUNX3_01	6	6	7	6	522	0.613446530622719	0.501552551346217	0.709473750681592	1.52855399974236	1	1	1
RXRA_05	0	0	0	0	522	1	1	1	0	1	1	1
SALL1_01	103	96	111	118	522	0.735733798424588	0.639215224647378	0.34590195031581	-1.91008250363812	1	1	1
SALL1_03	26	36	28	40	522	0.119189383627147	0.095026066957359	0.0908985562952275	-5.19825419363406	0.895861950060654	0.599902394036663	0.523613558658967
SALL3_01	216	194	319	260	522	0.927547465170963	0.950267118831684	0.993720273352392	11.4890289965692	1	1	1
SALL3_02	0	0	0	0	522	1	1	1	0	1	1	1
SATB1_Q3	100	89	123	102	522	0.832605126414647	0.840270832530525	0.928871126008985	7.79237875273433	1	1	1
SC1_01	5	1	5	1	522	0.984599064989853	0.949258421429302	0.984375204087941	13.1158691206647	1	1	1
SCRT2_01	2	5	2	5	522	0.225773736524356	0.127885638601765	0.226561785688473	-4.71237594995775	1	0.647006923488215	0.947426140437852
SIP1_Q6	1	0	1	0	522	1	0.841807847509034	1	0	1	1	1
SIX1_Q3	189	180	247	244	522	0.741305941545444	0.66230991751467	0.571630321484656	0.619402804179313	1	1	1
SIX3_Q6	335	298	870	746	522	0.991986305065032	0.985104539445641	0.999074250807305	15.1030043029348	1	1	1
SIX4_01	492	495	2299	2280	522	0.392769067952871	0.864538588628297	0.616440500449378	0.69725004549493	1	1	1
SMAD3_Q6	476	475	1897	1978	522	0.585949398735523	0.163809315135736	0.0989874313823011	-6.0000901815497	1	0.651659906716087	0.558571934228699
SMAD3_Q6_01	420	428	1042	1090	522	0.289559744121665	0.135007648877989	0.15413812309247	-5.82354407443592	1	0.647006923488215	0.76105698276907
SMAD4_Q6	505	509	4205	4401	522	0.289554752427033	0.0555079704388383	0.0174293463629884	-13.0683637698197	1	0.453710462486056	0.163363195571738
SMAD5_02	1	3	1	3	522	0.31213994214207	0.158538643895077	0.312499673458014	-3.91685981406333	1	0.647006923488215	1
SMAD5_Q5	495	501	4293	4671	522	0.230164419459363	0.00630132031871178	3.19290053537632e-05	-13.6467096188146	1	0.151505658097722	0.000653953331875225
SMAD7_01	11	14	12	16	522	0.343207161220254	0.27102394703808	0.285791725726439	-2.69986900516292	1	0.831814203398429	1
SNAP190_01	2	2	2	2	522	0.68786005785793	0.500382679312548	0.687500326541986	0	1	1	1
SOX10_03	0	0	0	0	522	1	1	1	0	1	1	1
SOX10_05	0	0	0	0	522	1	1	1	0	1	1	1
SOX10_08	398	397	995	1007	522	0.557729404552466	0.55908099599421	0.402821933913708	-1.14238055854875	1	1	1
SOX18_Q5_01	75	74	85	113	522	0.570202031437357	0.537608998184547	0.0273565157192481	-8.35628556192917	1	1	0.229214442314306
SOX5_01	351	350	932	848	522	0.552417493185126	0.912132894944696	0.978128493351681	7.46282441860678	1	1	1
SOX6TBX21_01	143	144	177	191	522	0.5	0.467493283272541	0.248981939489093	-3.81675906887238	1	1	0.954570575919569
SOX8_07	0	0	0	0	522	1	1	1	0	1	1	1
SOX9_05	0	0	0	0	522	1	1	1	0	1	1	1
SOX9_09	331	322	655	608	522	0.738721654192559	0.795295172112926	0.911725400610846	5.58312004655783	1	1	1
SOX_Q6	484	486	2641	2590	522	0.452050565691909	0.747337930537279	0.764424624222926	4.54354354239844	1	1	1
SP1SP3_Q4	253	288	1877	1870	522	0.017579477240732	0.0550424945373819	0.552073832882537	-12.4250769849133	0.364660555140216	0.453710462486056	1
SP2_04	485	497	3599	4244	522	0.0746155719040218	0.000867893350473506	1.43018138833115e-13	-28.8526229310018	0.784073475255666	0.0460700713507265	1.97722576936781e-11
SP2_06	0	0	0	0	522	1	1	1	0	1	1	1
SP3_Q3	453	484	2488	2771	522	0.00104234888735845	0.0163175967970064	4.84068025820897e-05	-17.6735887289664	0.096069822451537	0.214848357827251	0.00089229872759652
SP5_Q2	25	33	28	38	522	0.172167776576373	0.138596959118316	0.133898943567759	-5.64517151189421	1	0.647006923488215	0.679322163238263
SPDEF_06	0	0	0	0	522	1	1	1	0	1	1	1
SPDEF_07	2	2	2	2	522	0.68786005785793	0.500382679312548	0.687500326541986	0	1	1	1
SPI1_06	381	378	786	777	522	0.609433972008458	0.626589335953012	0.599905087938884	2.19720154685628	1	1	1
SREBP1_02	468	489	2059	2279	522	0.0123221772736066	0.0564375059896952	0.000431123203291841	-14.1233684464336	0.34530916832543	0.453710462486056	0.00644354409244293
SREBP1_Q5	382	390	853	879	522	0.310825670741939	0.270940206146358	0.273871130749017	-3.58164022457402	1	0.831814203398429	1
SRF_01	32	41	40	48	522	0.165820613226864	0.144273349485081	0.227861983143281	-6.78359716685271	1	0.647006923488215	0.947426140437852
STAF_05	0	0	0	0	522	1	1	1	0	1	1	1
STAT1_10	306	312	633	641	522	0.376442828725298	0.454659844261317	0.422221851766917	-0.305456636031026	1	1	1
STAT3_01	288	288	704	672	522	0.524809022563949	0.625066667838514	0.813305340611366	4.48976772691753	1	1	1
STAT5A_02	491	506	3959	4027	522	0.0178044032346941	0.335325810029208	0.225918425425891	-3.94072370207199	0.364660555140216	0.893003316986355	0.947426140437852
STAT5A_Q6	63	56	85	80	522	0.781989519401376	0.743857616642285	0.679730905376248	2.40016391564176	1	1	1
T3RBETA_Q6_01	358	394	715	824	522	0.00786396722656765	0.0128309716040644	0.00292728463108518	-14.771805437158	0.289918258419461	0.2006380793454	0.0337247583539605
TAL1BETAITF2_01	409	416	1116	1132	522	0.324193710464667	0.410757593881661	0.375747774104026	-2.02304722932665	1	0.992243092034575	1
TAL1GATA1_02	27	28	28	29	522	0.5	0.445146053347396	0.5	-0.788498930648407	1	1	1
TAL1_01	356	357	704	722	522	0.5	0.546673231732687	0.32619592808081	-2.48406340549195	1	1	1
TAXCREB_01	375	390	876	1023	522	0.16375702720837	0.0143351261303065	0.000397355298912258	-16.9921229371275	1	0.203264737181013	0.00610381889717996
TAXCREB_02	503	513	3597	4175	522	0.0414713921185055	8.88060130511754e-06	2.51257021355436e-11	-34.5732342179013	0.619829184906312	0.00163699084057667	1.879619892602e-09
TBX15_02	0	0	0	0	522	1	1	1	0	1	1	1
TBX18_01	0	0	0	0	522	1	1	1	0	1	1	1
TBX1_01	0	0	0	0	522	1	1	1	0	1	1	1
TBX1_04	0	0	0	0	522	1	1	1	0	1	1	1
TBX1_05	0	0	0	0	522	1	1	1	0	1	1	1
TBX20_05	72	73	77	88	522	0.5	0.449457366859132	0.218167611871457	-4.40645703776203	1	1	0.942552260663403
TBX21_01	0	0	0	0	522	1	1	1	0	1	1	1
TBX5CSX_Q5	4	5	4	5	522	0.5	0.369198055214237	0.5	-1.73318713208682	1	0.945059161312887	1
TBX5_04	0	1	0	2	522	0.5	0.159119243389507	0.249999782305627	0	1	0.647006923488215	0.954570575919569
TCF11MAFG_01	453	460	1466	1447	522	0.287610289039245	0.580722422960903	0.644689724608982	1.9128193220242	1	1	1
TEAD4ALX4_01	20	29	20	29	522	0.120742182840274	0.0940734227536234	0.126429791156955	-6.91626204883031	0.895861950060654	0.599902394036663	0.65341751878314
TEAD4CEBPD_01	7	7	8	8	522	0.605445382765304	0.500205538991454	0.59819099163872	-0.814714768254949	1	1	1
TEAD4CLOCK_01	114	112	132	121	522	0.589164032117373	0.591320090472721	0.774697938379867	3.40895753080393	1	1	1
TEAD4ELK3_01	1	1	1	1	522	0.750239693192713	0.500540670565326	0.750000217694373	0	1	1	1
TEAD4EOMES_01	76	83	92	89	522	0.302695110768037	0.313176821086285	0.616848909293288	0.474960146101704	1	0.879120721120385	1
TEAD4ERG_02	0	2	0	2	522	0.249760306807287	0.0787489826715255	0.249999782305627	0	1	0.551242878700679	0.954570575919569
TEAD4ESRRB_01	33	44	33	45	522	0.118101031476659	0.095249901824441	0.106333635540423	-7.82035965216094	0.895861950060654	0.599902394036663	0.581577273239673
TEAD4ETV7_01	0	0	0	0	522	1	1	1	0	1	1	1
TEAD4FIGLA_01	6	3	6	3	522	0.911101397492031	0.842430761554739	0.910157107172712	6.16514329512122	1	1	1
TEAD4FOXI1_01	81	103	88	114	522	0.0439347058787209	0.0340900696851868	0.0391469029794169	-8.80431857953027	0.626094142418027	0.362534779536698	0.302311756975533
TEAD4GATA3_01	19	24	19	24	522	0.266892292910863	0.218276656242973	0.271188202149837	-4.10937273752945	1	0.736018237209537	0.999780505259067
TEAD4MAX_02	4	10	4	10	522	0.0883140728881657	0.0533570361953055	0.0897813848105687	-8.08838038921581	0.784073475255666	0.453710462486056	0.522980207720948
TEAD4ONECUT2_01	2	4	2	4	522	0.343299278013918	0.206770890270381	0.343749591821985	-3.93773880749894	1	0.7170269963866	1
TEAD4RFX5_01	6	17	6	17	522	0.0163727513422971	0.0102291606706967	0.0173439417310534	-13.8916642542614	0.364660555140216	0.188557528363176	0.163363195571738
TEAD4SOX15_01	111	119	131	168	522	0.300613426213822	0.256406697688711	0.0185733569121198	-11.4759160471191	1	0.831814203398429	0.171184439540038
TEAD4SOX6_01	15	8	15	8	522	0.955223287072402	0.929980551986957	0.953431804483012	10.4596449698009	1	1	1
TEF3_Q3	450	410	2441	1883	522	0.999582400958302	0.999998780108327	1	34.8219456107029	1	1	1
TEF_01	215	238	302	337	522	0.0847325918305696	0.0548868173693406	0.0892262050052844	-6.2362095790689	0.784073475255666	0.453710462486056	0.522980207720948
TEF_05	0	0	0	0	522	1	1	1	0	1	1	1
TEF_08	0	0	0	0	522	1	1	1	0	1	1	1
TFAP2B_04	64	65	104	112	522	0.5	0.443211666007743	0.316969080769608	-0.822802645741534	1	1	1
TFAP2CDLX3_03	65	77	71	82	522	0.160331924507535	0.144981350377765	0.209444743923137	-5.7560426479835	1	0.647006923488215	0.925785533349289
TFAP2CELK1_01	1	15	1	16	522	0.000237259548201799	0.000211407599761808	0.000137316452741971	-16.317883575189	0.0328011325388987	0.0167012003811828	0.00230109085958515
TFAP2CHOXB13_01	16	15	16	15	522	0.64200410312705	0.572441912893963	0.639951762103634	1.03349959236128	1	1	1
TFAP2CMAX_02	6	10	6	11	522	0.225477369416293	0.156325682998084	0.166151145249348	-6.94278705993719	1	0.647006923488215	0.798970289764255
TFAP2CONECUT2_01	7	3	7	3	522	0.946155160441737	0.898137899187243	0.945313265331779	10.771124508625	1	1	1
TFAP4MAX_02	4	1	4	1	522	0.969049184766841	0.910700177676656	0.968750272117611	13.304836178977	1	1	1
TFCP2_03	21	13	22	15	522	0.942316081214141	0.916945158192607	0.906132780281301	9.63338095691057	1	1	1
TFE_Q6	228	230	320	363	522	0.475136605170341	0.204356019723573	0.0539313973432147	-3.57709515024338	1	0.7170269963866	0.392421878036813
TFIIIA_03	0	1	0	1	522	0.5	0.159119243389507	0.5	0	1	0.647006923488215	1
TFIIIA_04	0	0	0	0	522	1	1	1	0	1	1	1
TFIII_Q6	445	471	1863	2145	522	0.00902650163770566	0.00243967085042501	4.33255218392731e-06	-19.6736896668995	0.311978462853202	0.0683878710642757	9.98292232379917e-05
TFIII_Q6_01	491	498	2230	2314	522	0.203029026854807	0.16910124448268	0.108649730355222	-5.44273011328541	1	0.651906293198649	0.581577273239673
THAP1_01	501	515	4498	4945	522	0.005705776975636	0.00224437239872053	2.01867416119275e-06	-27.1842726165018	0.242714974425131	0.0683878710642757	5.07421277790724e-05
THRA_01	0	2	0	2	522	0.249760306807287	0.0787489826715255	0.249999782305627	0	1	0.551242878700679	0.954570575919569
THRB_02	0	0	0	0	522	1	1	1	0	1	1	1
THRB_03	0	0	0	0	522	1	1	1	0	1	1	1
TITF1_Q3	476	484	2692	2419	522	0.212952283962854	0.995879033132586	0.99993899409982	17.1185586369679	1	1	1
TP63_01	0	0	0	0	522	1	1	1	0	1	1	1
TRF1_01	1	0	1	0	522	1	0.841807847509034	1	0	1	1	1
TRPS1_Q3	14	12	14	14	522	0.72392382569035	0.652497097948755	0.57472390134848	0	1	1	1
TST1_01	473	456	3492	3070	522	0.962592112552732	0.992241560076272	0.999999919077246	22.9952335583325	1	1	1
VDR_01	0	1	0	1	522	0.5	0.159119243389507	0.5	0	1	0.647006923488215	1
WT1_01	304	335	1651	1810	522	0.0283304966455628	0.0394616093198704	0.00357099187065906	-17.1582046048384	0.484859737126311	0.398986824078233	0.0403011939688665
YY1_08	479	469	1610	1606	522	0.880695932703804	0.653115998706967	0.53517677050413	0.568236112183118	1	1	1
YY1_12	474	475	1604	1706	522	0.5	0.257573289491577	0.0393606627526915	-7.8242265628266	1	0.831814203398429	0.302311756975533
ZASC1_01	0	0	0	0	522	1	1	1	0	1	1	1
ZASC1_02	0	0	0	0	522	1	1	1	0	1	1	1
ZBP89_Q4_01	298	312	1737	1927	522	0.207153093590755	0.0667128199981466	0.000880054867369267	-20.5394542296785	1	0.512391520263543	0.0118700083330538
ZBTB11_02	0	0	0	0	522	1	1	1	0	1	1	1
ZBTB1_01	0	0	0	0	522	1	1	1	0	1	1	1
ZBTB26_01	0	0	0	0	522	1	1	1	0	1	1	1
ZBTB2_Q3	179	182	244	234	522	0.448232962469878	0.523969268238819	0.692576674298414	2.31709813228253	1	1	1
ZBTB2_Q3_01	418	436	1351	1368	522	0.0862892510917059	0.0148517523915652	0.379346407374542	-4.99825510027871	0.784073475255666	0.205325476813389	1
ZBTB33_05	16	22	20	25	522	0.204491744513235	0.164977191573693	0.275738242249656	-5.10891747168351	1	0.651659906716087	1
ZBTB34_01	11	21	12	22	522	0.0523641602661032	0.0366622521119015	0.0607219908790538	-6.77700701934224	0.690592084256721	0.382532555054369	0.404569409109841
ZBTB38_01	1	3	1	3	522	0.31213994214207	0.158538643895077	0.312499673458014	-4.54684972583317	1	0.647006923488215	1
ZBTB38_02	23	16	23	16	522	0.904462379471073	0.873315394831884	0.900208389440129	5.49522310587216	1	1	1
ZBTB40_01	143	138	191	174	522	0.662255158085981	0.685233395990417	0.826977378248876	3.69250928911223	1	1	1
ZBTB40_02	27	13	32	14	522	0.992701077722792	0.987985824876712	0.997733463981569	14.3052760721319	1	1	1
ZBTB41_01	0	0	0	0	522	1	1	1	0	1	1	1
ZBTB44_01	353	378	633	752	522	0.0524500317157004	0.00132832733566418	0.000750839312533594	-9.71333086948442	0.690592084256721	0.054170928768846	0.0103865258814832
ZBTB46_01	1	2	1	2	522	0.5	0.282038123449229	0.5	-2.3479122668783	1	0.831814203398429	1
ZBTB49_01	0	0	0	0	522	1	1	1	0	1	1	1
ZBTB49_02	1	0	1	0	522	1	0.841807847509034	1	0	1	1	1
ZBTB5_01	120	96	140	110	522	0.972018071070651	0.969882408505436	0.97515901322523	8.60308222522255	1	1	1
ZEC_01	0	0	0	0	522	1	1	1	0	1	1	1
ZF5_B	476	490	4881	6294	522	0.062748022993675	7.74662997895209e-05	1.75705266778713e-41	-49.1991964916816	0.740020792222629	0.00767000563313849	9.71650125286283e-39
ZFP41_02	0	1	0	1	522	0.5	0.159119243389507	0.5	0	1	0.647006923488215	1
ZFP64_03	4	7	10	7	522	0.273326371115534	0.184010049226339	0.833848854750652	-1.19695316323855	1	0.682936625652117	1
ZFP64_04	0	0	0	0	522	1	1	1	0	1	1	1
ZFP64_05	0	0	0	0	522	1	1	1	0	1	1	1
ZFP64_06	0	0	0	0	522	1	1	1	0	1	1	1
ZFP91_01	0	0	0	0	522	1	1	1	0	1	1	1
ZFPM1_01	2	3	2	3	522	0.5	0.32735982799067	0.5	-2.00195057163237	1	0.887401886660983	1
ZFX_01	94	130	131	216	522	0.00411607501453494	0.00181545182917281	2.92929375930937e-06	-22.972874563985	0.206926316639802	0.0652036424461043	7.04304108216557e-05
ZFX_03	41	23	44	24	522	0.993165408665611	0.990046236115374	0.99483228729049	13.0814784987294	1	1	1
ZFX_04	0	0	0	0	522	1	1	1	0	1	1	1
ZGPAT_01	479	478	4273	4806	522	0.588536657000801	0.0134095686592811	1.0289269204012e-08	-25.9266039257065	1	0.2006380793454	3.34703874695214e-07
ZID_01	57	70	63	83	522	0.127908114882525	0.09726679603482	0.0577582931635043	-7.59924745019067	0.895861950060654	0.599902394036663	0.404569409109841
ZNF131_01	1	0	1	0	522	1	0.841807847509034	1	0	1	1	1
ZNF131_02	0	0	0	0	522	1	1	1	0	1	1	1
ZNF135_01	3	5	3	5	522	0.362754647305825	0.239220561336674	0.363280773791693	-3.03404469321826	1	0.796921508549282	1
ZNF135_02	10	18	10	18	522	0.0894924990675835	0.0628293515989242	0.0924639890895926	-6.29050579596886	0.784073475255666	0.489361006115565	0.52714006151077
ZNF135_03	34	36	36	39	522	0.450810394043757	0.402599144333556	0.408773986042277	-1.61799977925325	1	0.988650266512477	1
ZNF135_04	1	2	1	2	522	0.5	0.282038123449229	0.5	-2.45185520894574	1	0.831814203398429	1
ZNF143_03	0	0	0	0	522	1	1	1	0	1	1	1
ZNF236_01	0	0	0	0	522	1	1	1	0	1	1	1
ZNF236_02	4	5	4	5	522	0.5	0.369198055214237	0.5	-1.55073395431155	1	0.945059161312887	1
ZNF236_04	0	0	0	0	522	1	1	1	0	1	1	1
ZNF236_05	1	0	1	0	522	1	0.841807847509034	1	0	1	1	1
ZNF236_06	2	3	2	3	522	0.5	0.32735982799067	0.5	-2.00195057163237	1	0.887401886660983	1
ZNF236_07	4	5	4	5	522	0.5	0.369198055214237	0.5	-1.48498889658829	1	0.945059161312887	1
ZNF236_08	1	0	1	0	522	1	0.841807847509034	1	0	1	1	1
ZNF282_01	2	0	2	0	522	1	0.921648439157141	1	0	1	1	1
ZNF282_02	0	0	0	0	522	1	1	1	0	1	1	1
ZNF295_01	485	505	5918	6658	522	0.00369820723390838	0.00188654300024895	1.70085851655015e-11	-38.279332293253	0.204510860035134	0.0652036424461043	1.56762459942038e-09
ZNF312_01	0	1	0	1	522	0.5	0.159119243389507	0.5	0	1	0.647006923488215	1
ZNF319_01	33	40	42	42	522	0.233364228783321	0.209608257645293	0.54340040618272	0	1	0.717873639508714	1
ZNF319_02	7	11	7	11	522	0.238402070176095	0.171022469147636	0.24033944226929	-4.04588085804345	1	0.651906293198649	0.954570575919569
ZNF335_01	0	0	0	0	522	1	1	1	0	1	1	1
ZNF335_02	0	0	0	0	522	1	1	1	0	1	1	1
ZNF339_01	3	2	3	3	522	0.813100096429884	0.672329959896978	0.656250408178015	0.808245677262407	1	1	1
ZNF341_01	22	23	24	29	522	0.5	0.437058509510869	0.291561707565263	-3.10826696324581	1	1	1
ZNF362_01	2	2	2	2	522	0.68786005785793	0.500382679312548	0.687500326541986	0	1	1	1
ZNF366_02	0	0	0	0	522	1	1	1	0	1	1	1
ZNF367_01	137	120	156	139	522	0.902059039267489	0.880149797376067	0.852718258171815	4.55185690548744	1	1	1
ZNF384_02	47	38	52	43	522	0.87117194254964	0.845485410280941	0.847567423488802	4.55502076713035	1	1	1
ZNF410_01	0	0	0	0	522	1	1	1	0	1	1	1
ZNF436_01	10	13	10	19	522	0.337095002025553	0.259808194886762	0.0680205047633219	-6.88381183049192	1	0.831814203398429	0.432360219932379
ZNF436_02	2	4	2	4	522	0.343299278013918	0.206770890270381	0.343749591821985	-3.39213259575584	1	0.7170269963866	1
ZNF438_01	12	20	12	22	522	0.10409955843735	0.0744290015688891	0.0607219908790538	-7.71854925114343	0.862835360732216	0.548789838234609	0.404569409109841
ZNF450_01	20	22	20	23	522	0.437538471469669	0.374263935492807	0.380393634102375	-2.10659110197125	1	0.945059161312887	1
ZNF499_01	3	2	3	2	522	0.813100096429884	0.673259644819075	0.812500544236643	2.23865040816785	1	1	1
ZNF507_01	23	27	23	30	522	0.332053216088518	0.27695153145879	0.205045933922974	-3.86539583249035	1	0.831814203398429	0.919072342388631
ZNF513_01	0	0	0	0	522	1	1	1	0	1	1	1
ZNF515_02	0	0	0	0	522	1	1	1	0	1	1	1
ZNF516_01	100	105	117	116	522	0.377686086642966	0.370742641064439	0.552108913371003	0.0774434927795944	1	0.945059161312887	1
ZNF521_01	3	11	3	11	522	0.0278688379011069	0.0157371048577733	0.02868577862281	-8.04630238060326	0.484859737126311	0.212258999667039	0.236764710125581
ZNF521_02	0	0	0	0	522	1	1	1	0	1	1	1
ZNF521_03	0	0	0	0	522	1	1	1	0	1	1	1
ZNF536_01	36	29	36	31	522	0.847252698337377	0.81021968904606	0.768097734212993	2.66479279469665	1	1	1
ZNF536_03	0	0	0	0	522	1	1	1	0	1	1	1
ZNF592_02	490	490	2113	2139	522	0.551268912429154	0.402420614890768	0.350453031811389	-2.63731300663322	1	0.988650266512477	1
ZNF651_01	1	0	1	0	522	1	0.841807847509034	1	0	1	1	1
ZNF652_03	0	0	0	0	522	1	1	1	0	1	1	1
ZNF672_02	6	3	6	3	522	0.911101397492031	0.842430761554739	0.910157107172712	5.10004728631915	1	1	1
ZNF672_03	22	31	24	41	522	0.129600282106424	0.103097898293684	0.0231736609227474	-8.8324995585916	0.895861950060654	0.619708019091383	0.206694104681925
ZNF687_01	0	0	0	0	522	1	1	1	0	1	1	1
ZNF710_01	1	2	1	2	522	0.5	0.282038123449229	0.5	-2.64762776785315	1	0.831814203398429	1
ZNF710_02	0	0	0	0	522	1	1	1	0	1	1	1
ZNF711_02	3	1	3	1	522	0.93785936709945	0.841924900591959	0.937500326541417	6.16649513396699	1	1	1
ZNF76_01	0	0	0	0	522	1	1	1	0	1	1	1
ZNF770_01	11	14	11	14	522	0.343207161220254	0.272045919260891	0.345017363416225	-2.57803478105989	1	0.831814203398429	1
ZNF775_02	14	7	15	7	522	0.962309275103443	0.938917180026387	0.973761720160184	9.50264668971739	1	1	1
ZNF777_02	494	495	3055	3535	522	0.5	0.000916402865927652	1.60893916263418e-09	-31.9388431388864	1	0.0460700713507265	6.355309692405e-08
ZXDB_01	210	218	366	458	522	0.329802867903899	0.307414140362909	0.000751285778045803	-10.5649059126824	1	0.867347038881064	0.0103865258814832
ZXDL_01	0	0	0	0	522	1	1	1	0	1	1	1
