transcription_factor	no_search_sites	no_background_sites	sum_search_sites	sum_background_sites	no_gene_sites	fisher_pval	wilcox_pval	fisher_pval2	zscore	fisher_adjusted	wilcox_adjusted	fisher2_adjusted
AEBP2_02	0	0	0	0	901	1	1	1	0	1	1	1
AFP1_Q6	59	51	63	55	901	0.812038996588407	0.783323364815046	0.796264225563251	3.1775724763194	1	1	1
AHRARNT_01	533	567	1019	1364	901	0.0554370496350135	3.37976358389853e-05	8.13631284621294e-13	-35.4917849299808	0.374045237176649	0.00133500661563992	4.09034636723251e-11
AHRARNT_02	568	613	1119	1460	901	0.014571023554625	1.58849266074997e-05	9.80248628768146e-12	-37.6248496356465	0.190358910186857	0.000798578583086122	3.87198208363418e-10
AHR_01	689	741	1649	2019	901	0.0014810134425141	9.41361811008772e-06	5.19224133274743e-10	-32.3627278059034	0.0682500361425248	0.000578414534986501	1.51121550368912e-08
AIOLOS_01	6	4	6	4	901	0.82880973539763	0.737088005687603	0.828125620761323	3.39201497196647	1	1	1
ALX4_01	0	0	0	0	901	1	1	1	0	1	1	1
AMYB_01	1	0	1	0	901	1	0.841613154998138	1	0	1	1	1
AP1FJ_Q2	758	771	2097	2165	901	0.215236692012216	0.143698502260776	0.152118088435912	-3.9927977755328	0.820868211605208	0.556315562082882	0.647086945423533
AP2ALPHA_03	816	843	13673	15872	901	0.0115832848704904	3.20261491692056e-05	2.57184069350788e-38	-38.2008708211894	0.173123149550844	0.00133500661563992	3.55556975877464e-36
AP2_Q6	724	766	7882	8414	901	0.00530547811735341	0.00483668698746729	1.47576809324151e-05	-24.4630758325399	0.131899836971024	0.0524448608641061	0.000214763093569093
AP4_01	0	0	0	0	901	1	1	1	0	1	1	1
APA1_02	2	0	2	0	901	1	0.921523110018076	1	0	1	1	1
AREB6_01	747	750	1873	1937	901	0.450015679514633	0.257814689139127	0.153476569132525	-4.90401813767716	1	0.774845234206181	0.647882005574705
ARNTLBHLHA15_01	3	2	3	2	901	0.812847318780037	0.672998439658368	0.812500315306941	3.00115382550371	1	1	1
ARNTL_01	1	7	2	14	901	0.0348528532784423	0.0167907310446499	0.00209038297350413	-6.86657283606419	0.305930600999661	0.127786920562545	0.0169997321227615
AR_02	588	618	1124	1169	901	0.0732295720670776	0.174905267500613	0.178945937184607	-6.92644153881596	0.445010476407625	0.586197654108115	0.735860960508707
AR_12	0	0	0	0	901	1	1	1	0	1	1	1
ATF3_05	6	2	6	2	901	0.965147146721558	0.921811602154862	0.964844025893156	9.27433409592989	1	1	1
ATF4TEF_01	25	20	25	21	901	0.817392137604459	0.773555003016409	0.769307022408762	2.99259922276575	1	1	1
BACH1_01	184	150	227	190	901	0.983126063587208	0.977422620188201	0.968697148744766	10.7342458410541	1	1	1
BATF3_01	0	0	0	0	901	1	1	1	0	1	1	1
BATFJUN_01	27	23	28	26	901	0.763171902843165	0.713777397083344	0.65825743640373	2.41088565452746	1	1	1
BATF_04	0	0	0	0	901	1	1	1	0	1	1	1
BCL11A_03	42	39	43	40	901	0.675242673532358	0.633347244156217	0.669561516369359	1.22528241691846	1	1	1
BCL6_02	766	757	2630	2500	901	0.742520321811073	0.917336965655622	0.96648228615728	9.72623902616332	1	1	1
BEN_02	878	878	6411	6917	901	0.559263131873768	0.00204199741436577	5.67852493917738e-06	-16.334818694681	1	0.0266515036424659	8.97206940390026e-05
BMAL1_Q6	281	291	356	353	901	0.324391720669905	0.383097423870651	0.559709502759274	0.5959513773947	0.992214373130419	1	1
BRACH_01	0	0	0	0	901	1	1	1	0	1	1	1
BRN3B_01	7	6	7	6	901	0.710173430908873	0.609719328799676	0.709473290314472	1.15673500241323	1	1	1
BTEB3_Q5	837	844	9731	10504	901	0.286203709567208	0.00135923633424142	2.44009481994846e-08	-32.2989977685388	0.925559364857697	0.0203150727793379	4.99767568678332e-07
CACCCBINDINGFACTOR_Q6	676	722	2899	3227	901	0.00548588833695035	0.00207235923440513	1.42383885479976e-05	-25.7542011305187	0.131899836971024	0.0266515036424659	0.000212806185595749
CARF_01	9	2	9	2	901	0.994259319580765	0.982861543396185	0.994140733386187	16.3100358238767	1	1	1
CDC5_01	168	140	199	162	901	0.96528141606773	0.960883336714982	0.977334580368137	10.3000157986968	1	1	1
CDPCR3_01	636	648	1428	1514	901	0.283481994579335	0.285194030838459	0.058401827312427	-8.85427635878142	0.925559364857697	0.812949995121998	0.311965341677054
CDP_01	774	792	3722	3385	901	0.117575779215673	0.994406166887127	0.999970560773396	16.6518312023774	0.591713523432221	1	1
CDP_Q6_01	714	685	2313	2206	901	0.955099709277481	0.952459626749091	0.946133003249388	7.84136177568195	1	1	1
CEBPGELF1_01	56	67	60	74	901	0.17514257757234	0.15047344648436	0.13066708040621	-5.95355122049233	0.768681312678603	0.556315562082882	0.595019343690806
CEBPG_Q6	761	759	4654	4138	901	0.577097927682055	0.993894205060621	0.999999983763269	26.0996967416774	1	1	1
CIZ_03	0	1	0	1	901	0.5	0.158923960927542	0.5	0	1	0.556315562082882	1
CLOCKFIGLA_01	89	112	100	147	901	0.0497570744282084	0.0337454381071749	0.00166958251882904	-15.4660594696415	0.348299520997459	0.207346969702975	0.0137802855658576
CLOCKNHLH1_01	17	46	18	50	901	0.000132256340571168	0.000100090146542528	6.54025107564645e-05	-20.5307642719381	0.0243792521119519	0.00307499172433434	0.000753491426006768
CMYB_01	0	0	0	0	901	1	1	1	0	1	1	1
CMYC_02	446	500	950	1207	901	0.00619581663088437	0.000545995594638719	1.68193164983804e-08	-17.6985872779872	0.135115973512324	0.0111827986605634	3.72043280944174e-07
COE2_02	0	1	0	1	901	0.5	0.158923960927542	0.5	0	1	0.556315562082882	1
CP2_01	867	877	5702	5749	901	0.114694768709606	0.500163171918231	0.333192908979954	-1.97742400793406	0.587279695337152	1	0.990621928311368
CPEB1_01	675	613	2175	1790	901	0.99949851396187	0.999997437553552	0.999999999589823	24.224935565834	1	1	1
CREB3L1_02	0	0	0	0	901	1	1	1	0	1	1	1
CREBP1_Q2	489	500	866	998	901	0.31796801592923	0.0735421764836523	0.00119563387732234	-11.5899103257385	0.982325769881923	0.387322129480569	0.0103310239712383
CRX_02	438	438	632	694	901	0.518795287441108	0.410987023810295	0.0468771607833174	-8.79205757250673	1	1	0.256664058546282
CTCF_04	663	708	2509	2881	901	0.00752463375504629	0.000474742060591938	2.07272766504855e-07	-27.3080714259177	0.143486981604848	0.0100973984425901	3.9524772371443e-06
CTCF_06	831	856	4586	4922	901	0.0101835146808498	0.00357349149278668	0.000286401870352787	-15.0874348799196	0.156430100514165	0.0420455488406603	0.00281321316602963
CTF1_01	656	695	1958	2218	901	0.0193541313290912	0.0050439004768147	2.99304774047117e-05	-15.0735929517003	0.222975721353905	0.0536399416092025	0.000394084619162038
CTIP2_01	1	4	1	5	901	0.187152681219963	0.0896145647047217	0.109374645279781	-6.00054527521754	0.774107958265102	0.419973341370433	0.517553025470937
CUX1HOXA13_01	8	5	8	5	901	0.867451651248605	0.798181975092243	0.86657794101689	5.31087579378542	1	1	1
CUX1HOXB13_01	16	15	16	15	901	0.641129308226382	0.571942248801849	0.639950993154293	0.966776412030026	1	1	1
CUX1NHLH1_02	1	3	1	3	901	0.312291608731978	0.158587871842275	0.312499810815835	-5.5981370421483	0.978871647782687	0.556315562082882	0.976341216842695
CUX1RFX5_01	18	25	19	26	901	0.177273014620364	0.140344001451512	0.185646290133735	-6.207141156032	0.771905331378436	0.556315562082882	0.754870576793792
CUX1SRF_01	1	0	1	0	901	1	0.841613154998138	1	0	1	1	1
CUX1_06	2	4	2	5	901	0.343489293498468	0.206654199978577	0.226562086159326	-4.06263117387504	1	0.657603395292076	0.8336020294553
CUX2_02	0	1	0	1	901	0.5	0.158923960927542	0.5	0	1	0.556315562082882	1
DEAF1_02	33	42	39	44	901	0.172717322888115	0.148718927063859	0.330438483630641	-3.36298010679546	0.764101436457022	0.556315562082882	0.990621928311368
DEC_Q1	689	716	1694	1899	901	0.069699419638644	0.00674829629199371	0.000328123315370297	-13.8323682423159	0.433076169215395	0.0650369325052487	0.00307546090508092
DLX3_01	619	580	2045	1718	901	0.97710752554796	0.999251649030957	0.999999957295817	29.7122924582621	1	1	1
DMRT2_01	35	43	40	45	901	0.20895919144523	0.182202391853487	0.332319357507345	-3.48230797374641	0.808072957127359	0.603340854460948	0.990621928311368
DRRS_02	41	58	41	60	901	0.0488300427059141	0.0386750628297583	0.0363748648144831	-7.38219629969666	0.348299520997459	0.229971072525337	0.207374229303187
E2F1EOMES_02	15	30	16	30	901	0.0167167378413419	0.01195149532408	0.0270366298246955	-13.1575411280295	0.205430133916935	0.101679644834096	0.162513655359311
E2F1HES7_02	14	24	14	27	901	0.0695357195799212	0.0498231640243631	0.0297906343002786	-11.21319029779	0.433076169215395	0.278305148540129	0.173412850190043
E2F1NHLH1_01	17	13	18	13	901	0.821232319217776	0.770078394736017	0.859481132162911	6.40783797783255	1	1	1
E2F2_05	0	0	0	0	901	1	1	1	0	1	1	1
E2F3DRGX_01	22	21	22	21	901	0.621022459537448	0.561384247272174	0.619605445861679	0.690929803492791	1	1	1
E2F3FOXI1_01	34	55	35	62	901	0.0145792483042846	0.0106065722987648	0.00397896866076422	-12.8527565409528	0.190358910186857	0.0961546636265071	0.0301850167370406
E2F3ONECUT2_01	0	0	0	0	901	1	1	1	0	1	1	1
E2F7_01	0	1	0	1	901	0.5	0.158923960927542	0.5	0	1	0.556315562082882	1
E2F_01	845	849	3952	3957	901	0.383024424483598	0.956034712175647	0.482026779679272	2.31552912997784	1	1	1
E4BP4_01	30	19	32	19	901	0.959402157920044	0.945094289240914	0.975564497787352	8.33603827536785	1	1	1
EGR3_05	2	0	2	0	901	1	0.921523110018076	1	0	1	1	1
EGR4_02	0	0	0	0	901	1	1	1	0	1	1	1
EGR_Q6	525	608	2699	2884	901	3.14361649292393e-05	8.50414347052818e-05	0.00682765000009548	-21.9176744114291	0.0173841992058693	0.00276634784658946	0.0477935500006684
ELK1FOXI1_01	2	2	2	2	901	0.687708391268022	0.500221573220234	0.687500189184165	0	1	1	1
ELK1HOXA3_01	20	27	20	27	901	0.187682973910727	0.150524671134769	0.190843864216949	-6.48280306420352	0.774107958265102	0.556315562082882	0.762053211097019
ELK1PAX9_01	0	0	0	0	901	1	1	1	0	1	1	1
ELK1SREBF2_02	4	5	4	5	901	0.5	0.369300954298486	0.5	-1.84483053889388	1	0.978064666009729	1
ERBETA_Q5	639	686	1359	1684	901	0.00699636509149618	0.00028274580648682	2.0098574734194e-09	-29.0896189798195	0.143295922059162	0.0064678021649278	5.05205083091331e-08
ERFCLOCK_01	21	15	21	15	901	0.880887211555652	0.843763753972908	0.87850966897025	6.72412662555121	1	1	1
ERFMAX_01	0	2	0	2	901	0.249861188228762	0.0787071853295696	0.249999873877319	0	0.863582731815658	0.388616885580645	0.858695218969921
ERFONECUT2_01	3	3	3	3	901	0.656510706501532	0.500181014483315	0.656250236480385	0	1	1	1
ERFSREBF2_02	2	4	2	6	901	0.343489293498468	0.206395336176619	0.144530753391317	-6.58332252890455	1	0.657603395292076	0.629334697837783
ESRRG_02	0	0	0	0	901	1	1	1	0	1	1	1
ETS1_03	0	0	0	0	901	1	1	1	0	1	1	1
ETV2ONECUT2_01	1	2	1	2	901	0.5	0.281959607011762	0.5	-2.91686256171425	1	0.81210240977867	1
ETV2RFX5_02	0	0	0	0	901	1	1	1	0	1	1	1
ETV2SPDEF_01	0	0	0	0	901	1	1	1	0	1	1	1
ETV2TBX21_03	1	2	1	2	901	0.5	0.281959607011762	0.5	-3.46496638052889	1	0.81210240977867	1
ETV2TCF3_01	53	85	56	85	901	0.00292958119189811	0.00248796728951556	0.00902603169002956	-12.8755248001739	0.108003893274644	0.0305743535800468	0.0616221669702018
ETV5EOMES_01	130	165	143	190	901	0.0151460977363865	0.0111494279729197	0.00579486750920417	-17.8376874107527	0.190358910186857	0.0981653785799591	0.04161768483883
ETV5HES7_01	483	544	1328	1688	901	0.00214553669101746	0.000115702307037007	2.88545256449743e-11	-37.362511075941	0.0912678300102041	0.00319916878957324	1.06377017877805e-09
ETV6_01	4	7	4	9	901	0.273785688246519	0.181568925388726	0.13342205898311	-6.28103845686158	0.917596882426214	0.603340854460948	0.595019343690806
ETV7TBX21_01	11	16	12	16	901	0.219293687317641	0.167119499420739	0.285792722019966	-4.6106345406039	0.83061239100449	0.574019150184276	0.931116837822687
EVI1_01	29	15	51	19	901	0.989490649753123	0.983205478764785	0.999970760767108	21.0535852041923	1	1	1
EVI1_03	61	41	70	43	901	0.984080635527612	0.980862378246198	0.995926055927641	12.516916835962	1	1	1
EVI1_09	0	0	0	0	901	1	1	1	0	1	1	1
EVX2_03	773	758	4946	4313	901	0.854166748287393	0.998057458555706	0.99999999998036	26.110367522974	1	1	1
EVX2_04	16	13	17	13	901	0.7727125873139	0.713749935832957	0.819204524710026	3.28216989805885	1	1	1
FKHL14_Q2	229	203	338	309	901	0.931893969125232	0.925098077473125	0.880934936533347	6.33827309643177	1	1	1
FLI1CEBPB_01	0	0	0	0	901	1	1	1	0	1	1	1
FOXC1_Q4	674	610	2152	1837	901	0.999645938671326	0.999963857349375	0.999999729035571	21.0973425837578	1	1	1
FOXD2_04	1	0	1	0	901	1	0.841613154998138	1	0	1	1	1
FOXG1_01	0	0	0	0	901	1	1	1	0	1	1	1
FOXG1_02	0	0	0	0	901	1	1	1	0	1	1	1
FOXI1_03	0	0	0	0	901	1	1	1	0	1	1	1
FOXJ2_02	682	614	3015	2383	901	0.999853250411438	0.999999824286031	1	43.8950352321695	1	1	1
FOXJ2_03	7	5	7	5	901	0.806960028041015	0.718854821360086	0.806153075362113	3.16298945409776	1	1	1
FOXL2_Q2	324	276	487	391	901	0.992860611573589	0.993907248027166	0.999476064977394	14.6539853281655	1	1	1
FOXL2_Q5	666	624	1607	1394	901	0.987674831413612	0.999212059424142	0.99995403229355	17.8894916935223	1	1	1
FOXM1_Q3	778	808	4626	4435	901	0.0176262010752088	0.698053650435534	0.97839718160354	9.16322130271922	0.207389131799797	1	1
FOXN4_01	878	888	10841	12821	901	0.0643108187716629	8.73247692125811e-12	1.17147234252687e-38	-76.3058564788366	0.413533520706158	4.82905973745574e-09	2.15941401805786e-36
FOXO1ETV7_01	6	6	6	6	901	0.613170308950932	0.500128210910762	0.61279331016933	0	1	1	1
FOXO3_01	612	545	1455	1245	901	0.999586530480054	0.999481034134702	0.99997602592336	21.8995552776717	1	1	1
FOXO3_03	0	0	0	0	901	1	1	1	0	1	1	1
FOXO6_03	6	4	6	4	901	0.82880973539763	0.737088005687603	0.828125620761323	3.53630652186549	1	1	1
FOXP1_01	3	2	4	2	901	0.812847318780037	0.673356843183572	0.890625354720219	4.6233991365868	1	1	1
FXR_Q3	481	475	855	789	901	0.62945199813046	0.839386500436893	0.950861407194301	9.11278118575688	1	1	1
GATA5_06	189	183	229	218	901	0.65812999951763	0.627459876637607	0.714837354836173	1.73125432777064	1	1	1
GATAD2A_01	861	867	5121	5605	901	0.276542978447516	0.000783282106789142	1.45484111389532e-06	-14.8552709341678	0.921254620972749	0.0139727420985289	2.43796101813368e-05
GCM1CEBPB_01	0	1	0	1	901	0.5	0.158923960927542	0.5	0	1	0.556315562082882	1
GCM1ELF1_02	113	143	122	187	901	0.0251059072064844	0.0168687978319454	0.000129425904798676	-17.5589094800611	0.254521230316521	0.127786920562545	0.00137639471833977
GCM1ELK3_01	4	2	4	2	901	0.891015624919289	0.793345980430571	0.890625354720219	5.38601999862377	1	1	1
GCM1ETV4_01	29	40	30	44	901	0.109673884488698	0.0868958161402761	0.0650852567767455	-7.91967216995746	0.581156851577062	0.410712703637373	0.333260620347595
GCM1ETV7_01	8	10	8	10	901	0.406798179110871	0.317970194569162	0.407264288413262	-3.00052242813735	1	0.883605616064052	1
GCM1FOXI1_01	93	113	102	133	901	0.0797034212129736	0.0635048087971554	0.0250521372126653	-9.71236941560841	0.468893531178451	0.347704547176504	0.155661032343864
GCM1MAX_03	0	4	0	4	901	0.0622918402135309	0.0226901379073366	0.0624998108160261	0	0.405263383977442	0.157809696795799	0.323013040946378
GCM1NHLH1_01	169	163	199	209	901	0.664688079684017	0.608353859630238	0.327965133892788	-2.69207809884551	1	1	0.990621928311368
GCM1ONECUT2_01	0	2	0	2	901	0.249861188228762	0.0787071853295696	0.249999873877319	0	0.863582731815658	0.388616885580645	0.858695218969921
GCM1PITX1_02	266	252	326	356	901	0.782522232648937	0.737910098441124	0.133350921384116	-6.51882321649847	1	1	0.595019343690806
GCM1SOX2_01	0	1	0	1	901	0.5	0.158923960927542	0.5	0	1	0.556315562082882	1
GCM1TBX21_02	20	25	20	27	901	0.273200674148343	0.223282640066648	0.190843864216949	-7.02110116883968	0.917596882426214	0.689806145010372	0.762053211097019
GCM1_05	27	27	37	38	901	0.554866530208723	0.498409993254936	0.5	0.720658051668518	1	1	1
GCM2E2F8_01	311	341	602	831	901	0.0775462642291442	0.0730511272370136	7.81977166580654e-10	-29.4149839769996	0.466120479551269	0.387322129480569	2.16216686559551e-08
GCM2HES7_01	300	378	523	743	901	8.94277032805078e-05	1.06328676500429e-05	3.37034082387403e-10	-34.8379327102661	0.0243792521119519	0.000587997581047371	1.03544359755685e-08
GCM2HOXA13_01	7	17	7	17	901	0.0310828115458335	0.019979444064847	0.0319565321591424	-9.10835601032588	0.291335504827897	0.147315100904805	0.184082940458393
GCM2MAX_01	216	259	249	323	901	0.0123338514615349	0.00537078079850955	0.00111989984188238	-15.5788710113122	0.174887688672533	0.0560385241806751	0.00998878407356381
GCM2SOX15_01	94	67	102	72	901	0.989742363912828	0.987537542319829	0.99074740666529	15.4937555098942	1	1	1
GCM2TBX21_02	2	3	2	3	901	0.5	0.327360223652099	0.5	-2.38162753350837	1	0.900647779500551	1
GCNF_01	8	13	10	13	901	0.190246150432754	0.137720881351746	0.338818847742595	-4.94469636264305	0.774107958265102	0.556315562082882	1
GFI1B_01	646	628	1416	1438	901	0.837293439532757	0.689190275374496	0.347025366929286	-2.01239755961677	1	1	1
GLI3_03	0	0	0	0	901	1	1	1	0	1	1	1
GLIS1_01	0	0	0	0	901	1	1	1	0	1	1	1
GMEB2_02	1	0	1	0	901	1	0.841613154998138	1	0	1	1	1
GMEB2_03	5	5	6	6	901	0.623389624592808	0.500140369270765	0.61279331016933	0.50630973466527	1	1	1
GRE_C	853	868	5892	6048	901	0.0554642123842409	0.155517480931242	0.0773967321550214	-8.29966545589628	0.374045237176649	0.556315562082882	0.392664154878228
GRHL1_01	8	18	9	26	901	0.0367135607448942	0.023587119666698	0.00299384465375861	-9.45892761660891	0.317228110811351	0.161033051551654	0.0239941462830219
GZF1_01	0	0	0	0	901	1	1	1	0	1	1	1
HELIOS_01	4	5	4	5	901	0.5	0.369300954298486	0.5	-1.61379191021741	1	0.978064666009729	1
HES1_Q2	722	766	1797	2102	901	0.00375400747519691	5.70804503200484e-05	5.42169265498662e-07	-24.3649218324964	0.11193222797167	0.00197284306418667	9.99398679402534e-06
HES5_01	2	0	4	0	901	1	0.921523110018076	1	0	1	1	1
HESX1_02	3	2	4	4	901	0.812847318780037	0.67263961681783	0.636719025893991	1.09871993159905	1	1	1
HIC1_03	511	567	1220	1388	901	0.00410108487228016	0.000685882219305126	0.000531536289836477	-19.4247350287524	0.113394996718546	0.0130353043782425	0.00481868144720609
HIC2_01	818	840	3834	4206	901	0.0338871971123313	0.00145065184433121	1.68663674802865e-05	-16.4013771879094	0.302277325299554	0.0205694992285939	0.000239156441451242
HIC2_03	0	0	0	0	901	1	1	1	0	1	1	1
HIF1_Q5	542	577	1002	1330	901	0.0493587884208725	0.000112206529947126	5.7487125763592e-12	-22.92237903982	0.348299520997459	0.00319916878957324	2.44541388825126e-10
HINFP_02	0	0	0	0	901	1	1	1	0	1	1	1
HINFP_03	0	0	0	0	901	1	1	1	0	1	1	1
HMX1_01	1	1	1	1	901	0.750138811771238	0.500313177704302	0.750000126122681	0	1	1	1
HNF1B_01	686	681	2487	2249	901	0.629398101062911	0.97989507020085	0.999747160846016	20.5981796144891	1	1	1
HNF1_C	326	287	512	430	901	0.976666537345359	0.983633200350127	0.996599588166571	11.881877093312	1	1	1
HNF3B_01	636	568	2093	1680	901	0.999724422369507	0.999999649338033	0.99999999999276	33.106101939629	1	1	1
HNF4A_09	709	725	1740	1790	901	0.190377364057964	0.217080119450735	0.204557136317657	-3.0862084690563	0.774107958265102	0.678222068114444	0.791049625060589
HNF4GAMMA_01	0	0	0	0	901	1	1	1	0	1	1	1
HNF6_Q6	254	210	323	276	901	0.992358762316699	0.988469128225209	0.975136285628123	9.73571531901603	1	1	1
HOX13_01	611	606	1376	1275	901	0.61861298101229	0.854491992615191	0.97629156810763	14.7404797183296	1	1	1
HOXB13EOMES_01	742	757	2659	2571	901	0.188945689004675	0.804469861036043	0.891081468824763	6.20646695599439	0.774107958265102	1	1
HOXB13TBX3_01	131	125	143	144	901	0.681624576172039	0.636148551434624	0.5	0.032490704777063	1	1	1
HOXB2ELK1_02	1	5	1	5	901	0.108984375080711	0.0510443429929757	0.109374645279781	-6.75328013453317	0.581156851577062	0.282275216751156	0.517553025470937
HOXB2ESRRB_01	0	0	0	0	901	1	1	1	0	1	1	1
HOXB2PITX1_01	163	155	187	199	901	0.710920957278221	0.661933700610765	0.287788704808274	-3.36760878181505	1	1	0.931116837822687
HOXB2RFX5_01	134	131	156	151	901	0.60488096027742	0.571402394863556	0.633968335823853	1.68155380506199	1	1	1
HOXB2_03	1	1	1	1	901	0.750138811771238	0.500313177704302	0.750000126122681	0	1	1	1
HOXC10TBX21_01	24	18	24	19	901	0.862863450430977	0.82447411562266	0.819813790445976	4.10454821731241	1	1	1
HOXD10_Q2	303	268	619	473	901	0.96585519015491	0.976743485002596	0.999995826150043	17.4699332804228	1	1	1
HOXD12EOMES_01	2	1	2	1	901	0.875208217656857	0.718473338273723	0.875000189184022	5.2923945675284	1	1	1
HOXD12ETV4_01	0	0	0	0	901	1	1	1	0	1	1	1
HOXD12TBX21_01	7	1	7	1	901	0.996154227248713	0.983242043795569	0.996093805178464	23.8751927176928	1	1	1
HOXD13_01	548	486	1229	1028	901	0.998660210395856	0.999793715718458	0.999989642219984	24.0626446406744	1	1	1
HOXD13_04	22	29	22	29	901	0.197129818292946	0.160127319757007	0.20052795330929	-4.14050835752931	0.782202410733596	0.556315562082882	0.785886405721338
HOXD9_Q2	513	466	993	917	901	0.988410068398622	0.976780700573563	0.961039802808288	7.58216595632138	1	1	1
HSF2_02	237	223	309	287	901	0.791143902991737	0.793351607382802	0.826965958009219	4.85635015551586	1	1	1
HSF2_Q6	106	91	124	121	901	0.886490193568206	0.854271898535383	0.600825613147427	1.217413634925	1	1	1
HSFY1_01	111	86	162	118	901	0.975276000064744	0.974625503240473	0.996475150140233	10.9095557761497	1	1	1
IK1_01	860	879	5582	6231	901	0.0101395112709958	0.00142837997848547	1.10657392691574e-09	-26.8469628027529	0.156430100514165	0.0205694992285939	2.91397800754479e-08
IK3_01	855	873	4986	5353	901	0.0214543930838133	0.00640094387088287	0.000153531399857886	-17.5555882273926	0.23538662659762	0.0632093207249684	0.00154368843857111
IRF4_05	0	0	0	0	901	1	1	1	0	1	1	1
IRF4_09	487	465	801	841	901	0.861122763203074	0.880972408567522	0.167812666984981	0.0140351057858742	1	1	0.69774740483229
IRF4_Q5	232	176	312	217	901	0.999341336337568	0.999661607539788	0.999985766582161	20.9709581132515	1	1	1
IRF7_04	8	7	8	9	901	0.697147729873646	0.601485469711028	0.5	-1.37509989999922	1	1	1
IRF7_Q3	479	472	802	903	901	0.647091820633794	0.567534018148887	0.00768765389406344	-7.56601432170727	1	1	0.0531409075427135
ISL2_03	847	866	6879	6627	901	0.0249005015467367	0.932532437187458	0.985537180757956	8.30211020944977	0.254521230316521	1	1
ISRE_01	184	135	223	157	901	0.999001363150042	0.998983146987499	0.99971510230183	19.5632951283658	1	1	1
KAISO_01	265	277	323	339	901	0.286031323174613	0.272269433448699	0.279933066249075	-2.60366012624332	0.925559364857697	0.800877642006013	0.921446343069872
KAISO_Q2	827	842	14235	15104	901	0.103511949794182	0.00100980431056923	1.64684986424027e-07	-31.0066537999358	0.566753546892898	0.0169218722346904	3.25252848187454e-06
KLF13_01	8	20	11	26	901	0.0171460636900115	0.0111833975597422	0.0100363547812601	-12.1556064932486	0.206125504795138	0.0981653785799591	0.0660726689766288
KLF8_01	11	14	11	15	901	0.343976790108052	0.27216753671218	0.278597240140004	-3.14163379732563	1	0.800877642006013	0.921446343069872
KLF9_01	133	183	171	246	901	0.00118295292695651	0.000890701383132051	0.000140038386444375	-16.5769984083179	0.0594702698733591	0.0153924332772508	0.00146115523969319
LBX2_03	819	836	7424	6675	901	0.0841626400713041	0.997302827632303	0.999999999885413	29.1206150575684	0.484811874577408	1	1
LEF1_05	563	554	1179	1129	901	0.686258721873875	0.623729172095113	0.855928083323655	5.28956724238321	1	1	1
LHX2_03	22	18	38	34	901	0.787813920082335	0.734950369648481	0.722004742204896	3.40338007955871	1	1	1
LHX3_01	543	478	2262	1786	901	0.999152004490245	0.999821295378202	0.999999999999971	33.7040490949169	1	1	1
LHX6_06	5	2	9	2	901	0.937864380335932	0.872766539275334	0.994140733386187	8.12467423521212	1	1	1
LHX6_07	1	1	2	1	901	0.750138811771238	0.500626355119054	0.875000189184022	0	1	1	1
LRF_Q6	641	704	2782	3118	901	0.000388795366867096	0.00129178760887275	6.24244673637118e-06	-21.1675050556627	0.0293712938164877	0.0203150727793379	9.58909179225906e-05
LYF1_01	788	802	2414	2700	901	0.170935663414086	0.0490168451686646	3.28353478274812e-05	-16.2205640356569	0.762317918290238	0.276595054880322	0.000412680621559025
MAFA_Q4_01	738	741	1835	1967	901	0.451127350930978	0.0467454593892172	0.0167206107801458	-9.90957793971827	1	0.266497309713785	0.106281583464605
MAFB_Q4	842	855	3558	3840	901	0.113688314720172	0.0101580313825695	0.000531179268942643	-14.5575322181273	0.587279695337152	0.0936231892426819	0.00481868144720609
MAFF_01	3	1	4	1	901	0.937708159786469	0.841814740837533	0.968750157653232	7.34973606298017	1	1	1
MAFF_04	1	0	1	0	901	1	0.841613154998138	1	0	1	1	1
MAX_11	53	66	55	71	901	0.127463753607346	0.106288769448363	0.0906050929285431	-4.67644541367909	0.614513562236449	0.481784340204466	0.451392940445805
MEF2_01	0	0	0	0	901	1	1	1	0	1	1	1
MEF2_04	414	359	701	556	901	0.996164864442336	0.999053111995953	0.999981356038933	25.6998976021541	1	1	1
MEIS1AHOXA9_01	845	831	5244	4929	901	0.917180240390068	0.982880643345699	0.999159036765935	14.9861280991113	1	1	1
MEIS1DLX3_01	65	55	68	57	901	0.85069158352381	0.828510562570341	0.858464978510992	5.23682633881659	1	1	1
MEIS1DRGX_01	711	740	2201	2092	901	0.0478592430189523	0.814692797931412	0.953592468297066	7.53309025161057	0.348299520997459	1	1
MEIS1EOMES_01	829	856	3623	4231	901	0.00631729376694931	2.15564064577664e-05	3.29671445205137e-12	-29.3389934859889	0.135115973512324	0.000993391064262069	1.519235909987e-10
MEIS1SOX2_01	26	17	26	17	901	0.939122454623965	0.917575614140383	0.936857316061585	8.70215975273102	1	1	1
MEIS1_02	164	167	189	194	901	0.451587894397746	0.421095888780943	0.419033188526089	-1.25485002077063	1	1	1
MEIS1_06	2	8	2	8	901	0.0541994919836512	0.0286003947861622	0.0546870565999494	-7.08923855369986	0.374045237176649	0.181793313985606	0.296489630389922
MEIS2ONECUT2_01	3	4	3	4	901	0.5	0.352650132096833	0.5	-2.12225952517667	1	0.960667601229303	1
MEIS2_05	0	0	0	0	901	1	1	1	0	1	1	1
MEOX2_03	5	4	7	4	901	0.746641691075701	0.631538037864111	0.886719400321058	5.33912945458123	1	1	1
MGADLX2_01	32	22	32	22	901	0.936088077096549	0.916430798644524	0.933165527164278	7.03978611122019	1	1	1
MIBP1_Q6	534	560	1078	1097	901	0.113932523647848	0.365643077592387	0.349689137483768	-2.26295019238105	0.587279695337152	0.978064666009729	1
MIZF_03	0	0	0	0	901	1	1	1	0	1	1	1
MRF2_01	77	64	81	66	901	0.890341101511632	0.874901658871673	0.906625487592348	6.6429965783521	1	1	1
MSX1_01	716	721	2087	2032	901	0.407328002153909	0.618520173351031	0.808793106064303	3.30553953157626	1	1	1
MSX1_Q5	137	128	168	158	901	0.746994099188337	0.725436118168493	0.728799142810377	1.97223665799962	1	1	1
MSX2_03	8	6	8	7	901	0.78894441214107	0.703459682403039	0.696381308742916	1.51264333340593	1	1	1
MSX2_Q3	791	788	3386	3242	901	0.612589223875099	0.970762500391922	0.962795191759323	6.01836488965201	1	1	1
MTF1_01	836	846	3633	4133	901	0.197596618607319	6.99332066218628e-07	6.91708298456931e-09	-31.1359399602633	0.782202410733596	5.52472332312716e-05	1.63740656293374e-07
MTF1_07	0	0	0	0	901	1	1	1	0	1	1	1
MYBL1ELF1_01	2	0	2	0	901	1	0.921523110018076	1	0	1	1	1
MYBL1FIGLA_01	32	39	33	40	901	0.233877369039117	0.198697041405887	0.241390234130201	-4.84441173495722	0.850460440622466	0.650174342588495	0.858695218969921
MYBL1HOXA13_01	4	0	4	0	901	1	0.977369635654034	1	0	1	1	1
MYBL1ONECUT2_01	66	62	69	65	901	0.676638712946533	0.642651783456218	0.667030233805912	1.74115757855182	1	1	1
MYBL2_02	14	13	18	13	901	0.650535618097775	0.581313436933485	0.859481132162911	1.96170572152006	1	1	1
MYBL2_03	2	1	3	2	901	0.875208217656857	0.718256845553836	0.812500315306941	2.95983594309656	1	1	1
MYBL2_05	6	3	8	6	901	0.910703276230733	0.841255110482522	0.788025734553159	3.67494590037271	1	1	1
MYOD_01	0	0	0	0	901	1	1	1	0	1	1	1
MYOGNF1_01	869	879	7052	7740	901	0.106663206561895	5.33775952681841e-05	7.10628526408858e-09	-38.6280981895533	0.578281894399296	0.00196785401222039	1.63740656293374e-07
NERF_Q2	843	866	4268	4253	901	0.00935717428271798	0.639173937774371	0.568950367299498	0.00982079739446793	0.152191687598325	1	1
NFAT5_02	12	6	12	6	901	0.952699492273207	0.922370477753175	0.951874529543617	8.7754923392907	1	1	1
NFATC1_01	3	3	3	3	901	0.656510706501532	0.500181014483315	0.656250236480385	0	1	1	1
NFATC1_02	2	6	4	9	901	0.143983918820944	0.0786494673133757	0.13342205898311	-6.16491665660535	0.674772094135442	0.388616885580645	0.595019343690806
NFATC1_03	0	1	0	2	901	0.5	0.158923960927542	0.249999873877319	0	1	0.556315562082882	0.858695218969921
NFIA_03	78	71	79	72	901	0.753047570076036	0.725075149605256	0.742426764917083	2.45603491234293	1	1	1
NFKB_C	516	528	960	1084	901	0.299829502716444	0.136080431636557	0.00323740098019507	-10.158595996153	0.952906408058583	0.556315562082882	0.0255754677435411
NFY_C	609	629	1122	1268	901	0.167215980110871	0.0214513958571853	0.0014958841930392	-13.8248109515766	0.762317918290238	0.156087130381888	0.0125336963447072
NKX22_01	539	475	1219	996	901	0.998992792277753	0.999578188263989	0.999999060632844	21.6963245556097	1	1	1
NKX23_04	6	8	6	8	901	0.394854544067389	0.295922455296261	0.395263302003778	-3.04188765757404	1	0.834924070300166	1
NKX25_03	832	854	5081	4889	901	0.0217083507350428	0.931500955220626	0.973677720747796	10.1977328598741	0.23538662659762	1	1
NKX31_06	458	445	705	669	901	0.745239668803372	0.793618341756275	0.840987511730687	3.91312613558182	1	1	1
NKX61_01	335	287	546	408	901	0.992423885665211	0.998314706925353	0.999996743302701	23.9746417797091	1	1	1
NKX62_Q2	590	533	1823	1539	901	0.99760403487696	0.999631269029403	0.999999572236668	19.1177829790739	1	1	1
NOR1_02	2	0	2	0	901	1	0.921523110018076	1	0	1	1	1
NR2E1_02	111	74	121	81	901	0.998450178808792	0.997924107536295	0.998096577937294	16.0558996879522	1	1	1
NR2F1_05	711	696	1546	1743	901	0.818865249492547	0.0974990887997751	0.000311512892010526	-16.0768220845279	1	0.449451367062898	0.00297011429796243
NR4A2_02	0	0	0	0	901	1	1	1	0	1	1	1
NR4A2_03	0	0	0	0	901	1	1	1	0	1	1	1
NR4A2_04	23	47	23	49	901	0.00235643329250866	0.0016885312918096	0.00147112548027265	-11.6713066405624	0.0930791150540919	0.023003012218286	0.0125158829321657
NRF1_02	9	24	20	55	901	0.0063526497492232	0.00420467498602843	3.24644740004569e-05	-12.1401467929435	0.135115973512324	0.0474527605566065	0.000412680621559025
NRSF_01	3	1	3	1	901	0.937708159786469	0.841680685933882	0.937500189183974	8.83255763039672	1	1	1
OCT1_01	448	416	802	703	901	0.940168155583507	0.982182918304886	0.995052570670382	17.1503412544432	1	1	1
OCT1_06	800	812	5554	5118	901	0.19943081149533	0.978000509918386	0.999988931437251	19.8945496057845	0.782202410733596	1	1
OLF1_01	430	455	742	755	901	0.129041106090072	0.261794354758807	0.37818521540887	-4.99670265816402	0.615170100584568	0.782351140918645	1
OSR2_05	0	0	0	0	901	1	1	1	0	1	1	1
OTX2_Q3	199	205	237	249	901	0.38882156375187	0.369648309576914	0.308901376253946	-2.81519766524623	1	0.978064666009729	0.976341216842695
P73_Q6	380	401	551	598	901	0.170865366316834	0.124149261628968	0.0873060454879838	-8.97284914273644	0.762317918290238	0.556315562082882	0.438911301407773
PAX1_B	0	0	0	0	901	1	1	1	0	1	1	1
PAX2_01	717	727	1907	1881	901	0.297602353816191	0.603919192319728	0.669706567804156	3.35948388345866	0.951295385319964	1	1
PAX2_Q2	734	767	1963	2207	901	0.0215803451490287	0.00130648258255112	8.22838604925863e-05	-14.8114352737746	0.23538662659762	0.0203150727793379	0.000917477052838309
PAX3_01	878	883	6733	7697	901	0.263973343684859	4.0830408007686e-07	4.17648927566824e-16	-37.4262276322156	0.901094191714363	3.7632026047084e-05	2.30959856944454e-14
PAX5_01	873	879	8402	9892	901	0.236828097156835	5.58641974154785e-10	9.17239951605236e-29	-71.4583250258126	0.850460440622466	1.54464505853798e-07	1.01446738647539e-26
PAX5_Q6	835	852	3817	3894	901	0.0613703623714917	0.0254874353143409	0.192924863568865	-6.89303232807228	0.404021552278987	0.165442763901149	0.762053211097019
PAX9_01	0	0	0	0	901	1	1	1	0	1	1	1
PBX1_02	383	366	583	588	901	0.805209419898947	0.742895419396607	0.453462730455196	1.02241538896202	1	1	1
PBX1_05	833	853	3613	3948	901	0.0338900437044708	0.00281859740760972	5.92909330584768e-05	-19.3341811545005	0.302277325299554	0.0338844427480039	0.000698786828230454
PBX4_01	0	1	0	1	901	0.5	0.158923960927542	0.5	0	1	0.556315562082882	1
PIT1_Q6	722	689	3191	2869	901	0.974043959573636	0.981003168808423	0.999983841965961	22.7865393296617	1	1	1
PITX1EOMES_01	125	126	135	148	901	0.5	0.439554584308519	0.23783852114261	-4.15391127810174	1	1	0.858695218969921
PITX1FIGLA_01	85	105	92	111	901	0.0724271341917384	0.0650356817092777	0.103164569405854	-6.6874158281369	0.445010476407625	0.352595411619908	0.504867317534841
PITX1HES7_01	6	8	6	8	901	0.394854544067389	0.295922455296261	0.395263302003778	-2.69314904530903	1	0.834924070300166	1
PITX1TBX21_01	2	3	2	3	901	0.5	0.327360223652099	0.5	-2.31065603402289	1	0.900647779500551	1
PLAG1_02	555	626	5020	5473	901	0.000257970442968628	0.0115422716985978	4.82409542083809e-06	-25.8708808106855	0.0293712938164877	0.0997324413956968	7.84624931683372e-05
PLAG1_04	8	13	9	24	901	0.190246150432754	0.136066545449399	0.00676511289889737	-10.1871777531034	0.774107958265102	0.556315562082882	0.0477935500006684
PLAG1_06	0	0	0	0	901	1	1	1	0	1	1	1
PLAG1_08	2	1	2	1	901	0.875208217656857	0.718473338273723	0.875000189184022	3.16588668687154	1	1	1
PLAGL2_02	0	0	0	0	901	1	1	1	0	1	1	1
PLAGL2_03	157	170	173	212	901	0.231650673769562	0.154818875407631	0.0263114014704803	-6.65281405667434	0.850420631496223	0.556315562082882	0.16166894459084
PLAGL2_05	0	1	0	1	901	0.5	0.158923960927542	0.5	0	1	0.556315562082882	1
PLZFB_Q3	659	669	1993	1863	901	0.315079843228424	0.866622937687673	0.982649276799477	8.79869794958378	0.978871647782687	1	1
POU2F1DLX2_01	0	1	0	1	901	0.5	0.158923960927542	0.5	0	1	0.556315562082882	1
POU2F1EOMES_01	624	618	1308	1281	901	0.639184486330591	0.697356783864936	0.709059034392943	1.36216144499438	1	1	1
POU2F1ETV4_01	0	1	0	1	901	0.5	0.158923960927542	0.5	0	1	0.556315562082882	1
POU2F1FOXO6_01	21	22	22	24	901	0.5	0.437401969500092	0.441497277233911	-2.22944758163056	1	1	1
POU2F1HOXB13_01	49	49	52	53	901	0.541335984533257	0.497793071425576	0.5	-0.549948961389383	1	1	1
POU2F1SOX2_01	56	45	60	47	901	0.890545426398418	0.871600717169606	0.912185693460079	6.96597121178756	1	1	1
POU2F1TBX21_01	17	12	29	17	901	0.869479161740865	0.82711075034145	0.972963370175304	10.5528498908055	1	1	1
POU3F1_Q6	687	678	2361	2195	901	0.708698401256977	0.857023816144205	0.993379522907629	15.1272909869807	1	1	1
POU3F2_01	680	655	4069	3423	901	0.918937016541316	0.998676142916195	0.999999999999966	29.6872299083487	1	1	1
POU4F2_01	3	2	3	2	901	0.812847318780037	0.672998439658368	0.812500315306941	2.64736576203541	1	1	1
POU4F2_02	35	36	36	38	901	0.5	0.450070346687289	0.453779446038743	-1.00053807377882	1	1	1
POU5F1_01	846	843	6875	6669	901	0.65116022032247	0.873215998675674	0.962853750527232	7.31123599128787	1	1	1
POU6F2_01	0	0	0	0	901	1	1	1	0	1	1	1
PPARG_02	861	880	10314	10385	901	0.00917366651098952	0.498734012594682	0.312383910581314	-2.05105964950811	0.152191687598325	1	0.976341216842695
PRDM10_01	0	0	0	0	901	1	1	1	0	1	1	1
PRDM12_01	12	10	12	11	901	0.739559869710467	0.665051636264369	0.661181152257405	0.954603728530614	1	1	1
PRDM14_01	3	10	3	10	901	0.0455611997588401	0.0257288927585873	0.0461420497400731	-7.38974516419357	0.344085319565694	0.165442763901149	0.255165535062604
PRDM14_02	177	170	200	202	901	0.68363169069481	0.615212985136123	0.480112920999185	-0.55689537684879	1	1	1
PRDM15_01	58	55	60	57	901	0.65116022032247	0.61442204735943	0.644152436575405	1.17030650082575	1	1	1
PRDM15_02	0	0	0	0	901	1	1	1	0	1	1	1
PRDM15_03	4	5	4	5	901	0.5	0.369300954298486	0.5	-1.55070271157307	1	0.978064666009729	1
PRDM15_04	3	3	3	3	901	0.656510706501532	0.500181014483315	0.656250236480385	0	1	1	1
PRDM16_05	612	627	1239	1214	901	0.238374987877906	0.37950739106563	0.7003023295973	1.14354436506274	0.850460440622466	0.999369463139493	1
PRDM1_03	615	585	1151	1168	901	0.939240815882992	0.781189642669431	0.369779482211795	-1.52485124626914	1	1	1
PRDM4_01	1	0	1	0	901	1	0.841613154998138	1	0	1	1	1
PRDM5_02	3	0	3	0	901	1	0.958510295226084	1	0	1	1	1
PRDM5_03	3	5	3	6	901	0.362976838291277	0.239078306231197	0.253905753390816	-4.12370225441374	1	0.726430238164022	0.866727664352601
PREP1_Q3	603	591	1180	1144	901	0.741398724564293	0.725186988338251	0.778741068702331	3.19325599813817	1	1	1
PROX1_01	5	7	5	8	901	0.386829691049068	0.280820412381144	0.290526709685528	-3.5712705496082	1	0.81210240977867	0.934077153814519
PRRX2_05	0	0	0	0	901	1	1	1	0	1	1	1
PRX2_Q2	743	717	4053	3338	901	0.947644483968524	0.999990405368222	1	33.7958393645081	1	1	1
PSF_Q5	384	451	563	692	901	0.000906695844520988	0.000292396119571781	0.000148895387695428	-12.9279052582011	0.0501402802020107	0.0064678021649278	0.00152479906288095
RARB_01	0	0	0	0	901	1	1	1	0	1	1	1
RBPJK_01	500	521	790	900	901	0.170865366316834	0.0332934488363954	0.00398464054575762	-11.5887692277251	0.762317918290238	0.2068682832194	0.0301850167370406
RELA_03	820	841	4492	4610	901	0.0395293719344278	0.0780717114778804	0.10950036886094	-5.86721576258062	0.327781837592144	0.388616885580645	0.517553025470937
REST_04	99	96	104	102	901	0.619143880285081	0.586226479793058	0.582756103256747	0.700743593766464	1	1	1
RFX2_02	1	0	1	0	901	1	0.841613154998138	1	0	1	1	1
RFX3BHLHA15_01	5	9	5	9	901	0.211055587858931	0.141719348241468	0.211974265446841	-5.53832427503008	0.810512083930477	0.556315562082882	0.808425991669676
RFX3FIGLA_02	36	28	36	30	901	0.874088554036039	0.843252578587792	0.805477730222512	5.05702425602972	1	1	1
RFX3HES7_01	7	20	7	20	901	0.00914199480265202	0.00586952872733452	0.00957824468697113	-12.014585101333	0.152191687598325	0.0590154433857453	0.0638164977336751
RFX3SREBF2_01	0	2	0	3	901	0.249861188228762	0.0787072173327889	0.124999810815978	0	0.863582731815658	0.388616885580645	0.5808814737919
RFX3SRF_01	135	138	152	154	901	0.447737582696517	0.433984971515898	0.477210853412212	-0.908058594557045	1	1	1
RFX5_02	5	8	9	19	901	0.289826569091127	0.203213578263915	0.0435781668057595	-8.63003325899776	0.93182612039182	0.657603395292076	0.2459053698325
RFX_Q6	481	519	702	850	901	0.0397131701965165	0.00135576774046747	9.36878249237148e-05	-14.3744798270169	0.327781837592144	0.0203150727793379	0.00101586994476106
RLF_01	18	15	18	15	901	0.75860815632373	0.700948398509529	0.756576706568825	2.40884720670323	1	1	1
ROAZ_01	3	3	4	6	901	0.656510706501532	0.499456957538082	0.376952814619025	-1.87216227628173	1	1	1
RORA2_01	288	257	364	327	901	0.949645208849227	0.949657075243805	0.925915617296983	7.01579366422155	1	1	1
RORA_05	0	0	0	0	901	1	1	1	0	1	1	1
RORA_06	0	0	0	0	901	1	1	1	0	1	1	1
RP58_01	42	42	45	43	901	0.544446828548532	0.50420416111782	0.625338196956616	0.988807034464948	1	1	1
RREB1_01	730	766	2996	4166	901	0.0139914288041243	0.00170546745198865	4.87684704358535e-44	-52.5762956378813	0.190358910186857	0.023003012218286	1.34844820755135e-41
RREB1_04	0	0	0	0	901	1	1	1	0	1	1	1
RREB1_05	0	0	0	0	901	1	1	1	0	1	1	1
RREB_Q5	300	318	427	479	901	0.199440397673485	0.160959294635192	0.0450338613437611	-7.73517769313052	0.782202410733596	0.556315562082882	0.251552781041413
RUNX2_02	39	58	40	86	901	0.0298788138783583	0.0228296125563542	2.55025581058983e-05	-20.1718188287332	0.284879035771244	0.157809696795799	0.000343973527623457
RUNX3_01	6	15	6	17	901	0.038315662358177	0.0239855203640088	0.0173443163918874	-10.3653455538431	0.325977865908798	0.161756009284108	0.108993260962656
RXRA_05	0	1	0	1	901	0.5	0.158923960927542	0.5	0	1	0.556315562082882	1
SALL1_01	199	170	236	221	901	0.960098756170179	0.947095629777217	0.772912941036177	3.40347912630282	1	1	1
SALL1_03	46	67	51	69	901	0.0257743018042047	0.0220357611043619	0.0601583038140564	-6.53521404521634	0.254521230316521	0.156332057206422	0.313844735935596
SALL3_01	366	330	526	450	901	0.96330543792747	0.96974818878572	0.993175810641112	11.2929815995408	1	1	1
SALL3_02	1	1	1	1	901	0.750138811771238	0.500313177704302	0.750000126122681	0	1	1	1
SATB1_Q3	178	177	224	218	901	0.547139878971	0.515879084395037	0.630409145983711	1.27304380619511	1	1	1
SC1_01	2	4	2	4	901	0.343489293498468	0.206913184052118	0.343749763519615	-3.39207792325888	1	0.657603395292076	1
SCRT2_01	6	5	6	5	901	0.726214311753481	0.618935982600421	0.725586506531787	1.48468855740002	1	1	1
SIP1_Q6	2	1	2	1	901	0.875208217656857	0.718473338273723	0.875000189184022	3.60805224909935	1	1	1
SIX1_Q3	343	309	461	416	901	0.956921630944029	0.963959876606159	0.93989132195062	6.94225018129915	1	1	1
SIX3_Q6	577	535	1545	1225	901	0.981431678752812	0.999691166140643	0.99999999950193	29.080027210103	1	1	1
SIX4_01	848	860	3641	3941	901	0.121870724902693	0.00552068715679645	0.000289969530675748	-18.9465916644664	0.596411600629993	0.0565359258834895	0.00281321316602963
SMAD3_Q6	822	847	3232	3440	901	0.0151285263784601	0.0129959008580618	0.00556396340402197	-11.4814586788722	0.190358910186857	0.105687252566297	0.0404851547687388
SMAD3_Q6_01	719	752	1813	1931	901	0.025727892329299	0.00891319031623373	0.0278066434029934	-10.1091672781895	0.254521230316521	0.0835422753369026	0.165344879589843
SMAD4_Q6	866	884	7276	7562	901	0.0079773422857091	0.0380151179385444	0.00942335967781183	-14.459395105109	0.147049009466571	0.228503915434946	0.0635502183149993
SMAD5_02	2	2	2	3	901	0.687708391268022	0.499778426882346	0.5	-2.00192637220956	1	1	1
SMAD5_Q5	850	851	7581	8181	901	0.5	0.0068212334273136	8.30755209370937e-07	-14.2053815649576	1	0.0650369325052487	1.43564884619415e-05
SMAD7_01	26	22	27	25	901	0.767579552004148	0.71772292513602	0.661097686527852	2.04351833708684	1	1	1
SNAP190_01	1	1	1	1	901	0.750138811771238	0.500313177704302	0.750000126122681	0	1	1	1
SOX10_03	0	0	0	0	901	1	1	1	0	1	1	1
SOX10_05	0	0	0	0	901	1	1	1	0	1	1	1
SOX10_08	686	712	1667	1728	901	0.0789304027033433	0.134400513067821	0.151356360201113	-4.5302759895751	0.468893531178451	0.556315562082882	0.647086945423533
SOX18_Q5_01	136	150	151	160	901	0.201006302455932	0.20356387925214	0.32506669470221	-2.26432846966753	0.782792149705142	0.657603395292076	0.990621928311368
SOX5_01	616	613	1615	1480	901	0.580169292254242	0.92366726693586	0.992794313789148	9.32995072714575	1	1	1
SOX6TBX21_01	254	244	306	302	901	0.718845409152634	0.687746865479257	0.580346965544225	1.78495593668685	1	1	1
SOX8_07	0	0	0	0	901	1	1	1	0	1	1	1
SOX9_05	0	0	0	0	901	1	1	1	0	1	1	1
SOX9_09	559	575	1067	1086	901	0.23221250516443	0.215328217961143	0.348961567129656	-2.07539360079386	0.850420631496223	0.676571048480181	1
SOX_Q6	827	848	4507	4453	901	0.0326447945029512	0.718256681423185	0.719837115419955	3.65937991033392	0.300876189335533	1	1
SP1SP3_Q4	444	502	3583	3399	901	0.00357631665914656	0.0414490493371442	0.98672374335737	-0.654522287505244	0.11193222797167	0.241277097720429	1
SP2_04	829	855	6230	7169	901	0.00847798698990175	0.000173604381120602	2.0738511789196e-16	-31.2754530697284	0.151236348561796	0.00457158203617586	1.27426633549171e-14
SP2_06	0	0	0	0	901	1	1	1	0	1	1	1
SP3_Q3	802	820	4329	4931	901	0.0907821386407075	0.00026643674841842	1.89670570040796e-10	-28.935617597402	0.5070961885688	0.00640606616849507	6.16987207250354e-09
SP5_Q2	53	53	54	60	901	0.539846811246424	0.485956022992174	0.319879859390564	-2.70289743310166	1	1	0.988232191301574
SPDEF_06	0	0	0	0	901	1	1	1	0	1	1	1
SPDEF_07	3	2	3	2	901	0.812847318780037	0.672998439658368	0.812500315306941	2.64736576203541	1	1	1
SPI1_06	637	612	1372	1361	901	0.907928548721557	0.81044219802051	0.590834988258942	1.09020708532543	1	1	1
SREBP1_02	799	841	3399	4355	901	0.000346985007162102	5.77733475307003e-08	7.16331645955478e-28	-45.3563133035788	0.0293712938164877	6.38973223689545e-06	6.60219000355632e-26
SREBP1_Q5	653	690	1387	1610	901	0.0257682639079205	0.0135672329291712	2.45376297056994e-05	-20.5534288326915	0.254521230316521	0.10873448999756	0.000339232730681295
SRF_01	49	53	59	67	901	0.379946700862636	0.338978578728743	0.266519852723136	-2.67848749603698	1	0.927995812064332	0.893245324581178
STAF_05	0	0	0	0	901	1	1	1	0	1	1	1
STAT1_10	571	540	1209	1106	901	0.939486714163889	0.960460876704011	0.984731797854739	10.5497137059082	1	1	1
STAT3_01	518	496	1333	1209	901	0.862641218561215	0.946141555131183	0.99345425426968	12.6563804935247	1	1	1
STAT5A_02	849	862	6745	6769	901	0.0982375380379473	0.425015915981259	0.421316511273023	-2.04063128637666	0.543253585349848	1	1
STAT5A_Q6	116	111	174	165	901	0.664897797808882	0.625237892100499	0.706461682963475	3.02645831710025	1	1	1
T3RBETA_Q6_01	622	646	1238	1440	901	0.117700700863552	0.0146215578909597	5.04463980578207e-05	-21.5312549541354	0.591713523432221	0.113982759392425	0.000619930180577219
TAL1BETAITF2_01	719	717	1934	1978	901	0.569710856658224	0.458723173992013	0.245674153749011	-3.46904720812087	1	1	0.858695218969921
TAL1GATA1_02	51	47	52	47	901	0.69815532103923	0.663096286127725	0.726648279365233	2.99060082470254	1	1	1
TAL1_01	616	591	1183	1143	901	0.903618046921303	0.78313488196199	0.802506535621184	2.57152493617548	1	1	1
TAXCREB_01	638	702	1555	1773	901	0.00033362216644387	0.000707159369524911	8.2954525573084e-05	-20.2087151124955	0.0293712938164877	0.0130353043782425	0.000917477052838309
TAXCREB_02	861	886	6337	7440	901	0.000424901176368719	3.15227856042324e-09	2.12170061037406e-21	-47.3532188567756	0.0293712938164877	5.81070014638017e-07	1.67614348219551e-19
TBX15_02	0	0	0	0	901	1	1	1	0	1	1	1
TBX18_01	0	0	0	0	901	1	1	1	0	1	1	1
TBX1_01	0	1	0	1	901	0.5	0.158923960927542	0.5	0	1	0.556315562082882	1
TBX1_04	0	0	0	0	901	1	1	1	0	1	1	1
TBX1_05	0	0	0	0	901	1	1	1	0	1	1	1
TBX20_05	105	118	116	136	901	0.195340394460826	0.168539623110391	0.115627319344114	-6.43453187034512	0.782202410733596	0.57532352827189	0.541880572858432
TBX21_01	0	1	0	1	901	0.5	0.158923960927542	0.5	0	1	0.556315562082882	1
TBX5CSX_Q5	8	10	8	11	901	0.406798179110871	0.317221056848828	0.323802147985198	-3.42501370200807	1	0.883605616064052	0.990621928311368
TBX5_04	1	1	2	2	901	0.750138811771238	0.500313177704302	0.687500189184165	0	1	1	1
TCF11MAFG_01	783	790	2462	2471	901	0.335682947526178	0.494823553832647	0.454601888114877	-1.40076246836132	1	1	1
TEAD4ALX4_01	42	44	47	46	901	0.456044409713115	0.419127283354693	0.582078837473477	0.590271710336674	1	1	1
TEAD4CEBPD_01	11	11	12	11	901	0.584611988865761	0.501139462464754	0.661181152257405	0.548506066443961	1	1	1
TEAD4CLOCK_01	174	175	198	208	901	0.5	0.458904504910022	0.327569469300764	-3.01144189188872	1	1	0.990621928311368
TEAD4ELK3_01	2	1	2	1	901	0.875208217656857	0.718473338273723	0.875000189184022	4.24423175911537	1	1	1
TEAD4EOMES_01	140	157	155	176	901	0.154837287782211	0.139802287212344	0.135786361030712	-6.47996043456524	0.71354183452969	0.556315562082882	0.600718861199869
TEAD4ERG_02	1	1	1	1	901	0.750138811771238	0.500313177704302	0.750000126122681	0	1	1	1
TEAD4ESRRB_01	71	72	74	75	901	0.5	0.46544272740001	0.5	-0.516939380094351	1	1	1
TEAD4ETV7_01	1	0	1	0	901	1	0.841613154998138	1	0	1	1	1
TEAD4FIGLA_01	22	14	22	15	901	0.935689181228337	0.910291261861664	0.90613128287526	6.92896238352731	1	1	1
TEAD4FOXI1_01	139	145	156	168	901	0.373272205274833	0.355082972430953	0.27057929853439	-3.50243816610474	1	0.962553351736848	0.901387663189866
TEAD4GATA3_01	36	33	36	34	901	0.688148062161824	0.641848328030811	0.63990099088105	1.35092215976723	1	1	1
TEAD4MAX_02	4	9	4	11	901	0.132548348751396	0.0817266360391347	0.0592339256348836	-8.99086167371837	0.626489203927537	0.3920860922162	0.311965341677054
TEAD4ONECUT2_01	0	8	0	8	901	0.00384577275128702	0.00230172905733569	0.00390619482153582	0	0.11193222797167	0.0289285492887872	0.0301850167370406
TEAD4RFX5_01	23	28	23	28	901	0.285156436643307	0.238880485141512	0.287922204824014	-4.92996797732087	0.925559364857697	0.726430238164022	0.931116837822687
TEAD4SOX15_01	198	161	239	195	901	0.987537615955704	0.984308576011848	0.984684401320278	11.4131565190663	1	1	1
TEAD4SOX6_01	20	12	21	12	901	0.946486293445757	0.923513699309522	0.959929594084932	10.9898807835743	1	1	1
TEF3_Q3	769	726	4053	3357	901	0.997114137908822	0.999999051701865	1	32.9647402155924	1	1	1
TEF_01	328	385	443	525	901	0.0034804581482335	0.00466629632067355	0.00458872229609268	-11.7838784546238	0.11193222797167	0.0516092373066495	0.0342913976991791
TEF_05	0	0	0	0	901	1	1	1	0	1	1	1
TEF_08	1	0	1	0	901	1	0.841613154998138	1	0	1	1	1
TFAP2B_04	117	152	211	268	901	0.0122368364932733	0.0128403091882446	0.0052111348006623	-10.7663118127002	0.174887688672533	0.105687252566297	0.0384234339302167
TFAP2CDLX3_03	144	125	155	141	901	0.906967351548308	0.884143121608853	0.808358276308532	5.75639413752082	1	1	1
TFAP2CELK1_01	3	10	3	11	901	0.0455611997588401	0.0256736867742112	0.0286860919236872	-10.5497579833493	0.344085319565694	0.165442763901149	0.168759668444671
TFAP2CHOXB13_01	21	30	22	30	901	0.127792151278828	0.1014695454016	0.1658716996126	-6.04587733859984	0.614513562236449	0.463740980223844	0.694901893073999
TFAP2CMAX_02	9	8	9	8	901	0.686299272437957	0.596342218710134	0.685471329604155	1.5817434025043	1	1	1
TFAP2CONECUT2_01	8	6	8	6	901	0.78894441214107	0.704283243234447	0.788025734553159	3.7864411749329	1	1	1
TFAP4MAX_02	5	7	5	9	901	0.386829691049068	0.280279257583445	0.211974265446841	-4.78333107977965	1	0.81210240977867	0.808425991669676
TFCP2_03	31	20	37	30	901	0.956337822172257	0.940693842420458	0.835788066765038	5.93921635685434	1	1	1
TFE_Q6	387	423	596	707	901	0.0486976387153377	0.0146343144970383	0.0011443681808847	-8.85415360102657	0.348299520997459	0.113982759392425	0.0100450095877657
TFIIIA_03	0	0	0	0	901	1	1	1	0	1	1	1
TFIIIA_04	0	0	0	0	901	1	1	1	0	1	1	1
TFIII_Q6	783	794	3291	3360	901	0.238065596052575	0.0121532334952129	0.201800849208734	-7.39092713606195	0.850460440622466	0.101829365497769	0.785886405721338
TFIII_Q6_01	833	852	3794	3890	901	0.0424429151185013	0.189079591578372	0.138770282041329	-4.16319829192909	0.340158435659873	0.622386988945473	0.609047348959166
THAP1_01	863	882	7618	8310	901	0.00735343004792443	0.000232138077109975	1.91923675608813e-08	-35.1642956760775	0.143486981604848	0.00583510712008255	4.08206894660284e-07
THRA_01	0	0	0	0	901	1	1	1	0	1	1	1
THRB_02	0	0	0	0	901	1	1	1	0	1	1	1
THRB_03	0	0	0	0	901	1	1	1	0	1	1	1
TITF1_Q3	817	812	4521	4126	901	0.684256815475575	0.991368133232416	0.99999016386819	18.3597201911505	1	1	1
TP63_01	0	0	0	0	901	1	1	1	0	1	1	1
TRF1_01	1	0	1	0	901	1	0.841613154998138	1	0	1	1	1
TRPS1_Q3	20	17	20	17	901	0.746524526121005	0.690893878085709	0.744314094255024	2.69036850127063	1	1	1
TST1_01	805	769	5822	5093	901	0.995682858966543	0.999786263131149	0.999999999998802	34.7401567030615	1	1	1
VDR_01	1	0	1	0	901	1	0.841613154998138	1	0	1	1	1
WT1_01	520	586	3187	3244	901	0.000826209833273924	0.0220504529151916	0.242137993871859	-12.8686329661866	0.0501402802020107	0.156332057206422	0.858695218969921
YY1_08	798	811	2709	2661	901	0.180341901354672	0.799572298756908	0.748433205056934	2.45372902544446	0.774107958265102	1	1
YY1_12	795	821	2721	2779	901	0.0263337994673177	0.307518398883874	0.220753282983333	-3.53167070438921	0.25548405448117	0.863236926816155	0.8336020294553
ZASC1_01	0	0	0	0	901	1	1	1	0	1	1	1
ZASC1_02	0	0	0	0	901	1	1	1	0	1	1	1
ZBP89_Q4_01	500	530	3411	3363	901	0.0837010417042903	0.0822459072279912	0.724534874173283	-6.36936297926976	0.484811874577408	0.3920860922162	1
ZBTB11_02	0	0	0	0	901	1	1	1	0	1	1	1
ZBTB1_01	0	0	0	0	901	1	1	1	0	1	1	1
ZBTB26_01	0	0	0	0	901	1	1	1	0	1	1	1
ZBTB2_Q3	275	303	367	399	901	0.0864818513909708	0.0820445457855503	0.131288095592924	-5.58287053300697	0.49303570947636	0.3920860922162	0.595019343690806
ZBTB2_Q3_01	722	730	2156	2134	901	0.338421562378659	0.0253243699754163	0.637404585984258	-3.66980151433742	1	0.165442763901149	1
ZBTB33_05	38	47	57	65	901	0.187065846357893	0.160688400984449	0.263201777381224	-4.62661846314907	0.774107958265102	0.556315562082882	0.887503554218395
ZBTB34_01	19	24	19	25	901	0.268729621565954	0.219282158696957	0.225687891101284	-3.82683865015117	0.911702335742164	0.681252998648411	0.8336020294553
ZBTB38_01	2	0	2	0	901	1	0.921523110018076	1	0	1	1	1
ZBTB38_02	32	27	32	28	901	0.7863527285036	0.744450382099412	0.740524175440047	2.36091002284288	1	1	1
ZBTB40_01	216	229	275	294	901	0.256078504870936	0.213985629092521	0.225226579487364	-3.06891415506465	0.879573994991475	0.676194587932366	0.8336020294553
ZBTB40_02	38	28	42	43	901	0.916352440274278	0.891299557109169	0.5	1.64877079958857	1	1	1
ZBTB41_01	0	1	0	1	901	0.5	0.158923960927542	0.5	0	1	0.556315562082882	1
ZBTB44_01	611	636	1069	1174	901	0.110346237641214	0.0186571429423819	0.0139928598229775	-6.87928964534571	0.581156851577062	0.139424324961314	0.0910358997894892
ZBTB46_01	2	5	2	5	901	0.226106263622319	0.128110846827315	0.226562086159326	-4.31346017158764	0.843556639029621	0.556315562082882	0.8336020294553
ZBTB49_01	0	2	0	2	901	0.249861188228762	0.0787071853295696	0.249999873877319	0	0.863582731815658	0.388616885580645	0.858695218969921
ZBTB49_02	1	0	1	0	901	1	0.841613154998138	1	0	1	1	1
ZBTB5_01	186	172	221	201	901	0.81207869664688	0.800802751459767	0.846699780128501	4.41455751006839	1	1	1
ZEC_01	0	0	0	0	901	1	1	1	0	1	1	1
ZF5_B	828	842	8784	11057	901	0.11987544386227	3.99152080901407e-06	1.58300174589135e-59	-59.7370653515786	0.591885004069958	0.000275913875923098	8.75399965477917e-57
ZFP41_02	1	3	1	3	901	0.312291608731978	0.158587871842275	0.312499810815835	-3.91681246736653	0.978871647782687	0.556315562082882	0.976341216842695
ZFP64_03	13	10	14	10	901	0.799088247442076	0.736292986582486	0.846273346901985	3.63678443802052	1	1	1
ZFP64_04	0	0	0	0	901	1	1	1	0	1	1	1
ZFP64_05	0	0	0	0	901	1	1	1	0	1	1	1
ZFP64_06	0	0	0	0	901	1	1	1	0	1	1	1
ZFP91_01	0	0	0	0	901	1	1	1	0	1	1	1
ZFPM1_01	5	2	5	2	901	0.937864380335932	0.872065054189943	0.937500331072038	6.92910018661428	1	1	1
ZFX_01	194	216	305	361	901	0.118987089243886	0.0810611296162495	0.0164824190263554	-10.3126280855553	0.591885004069958	0.3920860922162	0.105985787460169
ZFX_03	42	26	43	27	901	0.982565953385473	0.97588383992901	0.979306071357503	10.1850690540239	1	1	1
ZFX_04	0	0	0	0	901	1	1	1	0	1	1	1
ZGPAT_01	800	823	7796	8283	901	0.0414610059020561	0.00418084290426883	5.93905622546679e-05	-22.3139944844228	0.337175533291721	0.0474527605566065	0.000698786828230454
ZID_01	112	102	127	109	901	0.788411320593712	0.782338853260825	0.891974627168553	5.96252442645486	1	1	1
ZNF131_01	1	1	1	1	901	0.750138811771238	0.500313177704302	0.750000126122681	0	1	1	1
ZNF131_02	0	0	0	0	901	1	1	1	0	1	1	1
ZNF135_01	8	13	8	13	901	0.190246150432754	0.136330516462017	0.191653886249832	-4.64147801376199	0.774107958265102	0.556315562082882	0.762053211097019
ZNF135_02	12	17	12	17	901	0.2272874126861	0.174746873250094	0.229127501767099	-4.05894489168531	0.843556639029621	0.586197654108115	0.8336020294553
ZNF135_03	52	59	53	61	901	0.278390657907007	0.244962835762756	0.256121356720377	-3.4176617255999	0.921856489955538	0.740242886212044	0.868927056848887
ZNF135_04	3	1	3	1	901	0.937708159786469	0.841680685933882	0.937500189183974	6.48252988264173	1	1	1
ZNF143_03	0	0	0	0	901	1	1	1	0	1	1	1
ZNF236_01	0	0	0	0	901	1	1	1	0	1	1	1
ZNF236_02	7	7	7	12	901	0.605145455932612	0.499287402163474	0.179640559979522	-4.83097667146611	1	1	0.735860960508707
ZNF236_04	0	0	0	0	901	1	1	1	0	1	1	1
ZNF236_05	0	0	0	0	901	1	1	1	0	1	1	1
ZNF236_06	4	11	4	11	901	0.0584709240304902	0.0348257320084813	0.0592339256348836	-7.04588466296406	0.389571337215194	0.211633294513078	0.311965341677054
ZNF236_07	10	7	10	10	901	0.835005268871656	0.765164540174677	0.588098970452895	3.10170463177207	1	1	1
ZNF236_08	1	0	1	0	901	1	0.841613154998138	1	0	1	1	1
ZNF282_01	7	10	7	10	901	0.313700727562043	0.232514751494105	0.314528670395845	-3.83457119618699	0.978871647782687	0.714336986534666	0.977159296229789
ZNF282_02	0	0	0	0	901	1	1	1	0	1	1	1
ZNF295_01	838	856	10646	11580	901	0.0455813317010815	0.000643040641932489	1.54198502943307e-10	-40.6422231712913	0.344085319565694	0.0127000526781667	5.32948575797806e-09
ZNF312_01	0	1	0	1	901	0.5	0.158923960927542	0.5	0	1	0.556315562082882	1
ZNF319_01	62	47	65	47	901	0.94325359690449	0.932848753954699	0.963940822703282	8.68830646174465	1	1	1
ZNF319_02	7	15	8	15	901	0.0657130139508166	0.0434646011292187	0.105018480874511	-6.1895818540642	0.417693065687374	0.25037421275477	0.50943175371583
ZNF335_01	0	0	0	0	901	1	1	1	0	1	1	1
ZNF335_02	0	0	0	0	901	1	1	1	0	1	1	1
ZNF339_01	6	2	6	2	901	0.965147146721558	0.921811602154862	0.964844025893156	9.69601429635081	1	1	1
ZNF341_01	53	52	60	63	901	0.579646688675126	0.541804731818898	0.428489963447496	-1.27300490595002	1	1	1
ZNF362_01	3	2	3	2	901	0.812847318780037	0.672998439658368	0.812500315306941	2.23863236798308	1	1	1
ZNF366_02	0	2	0	2	901	0.249861188228762	0.0787071853295696	0.249999873877319	0	0.863582731815658	0.388616885580645	0.858695218969921
ZNF367_01	218	212	250	237	901	0.650559291840047	0.651295965154134	0.737094448808564	2.79019222448413	1	1	1
ZNF384_02	100	69	108	77	901	0.995226367410125	0.993602070299383	0.990804503162653	11.5328455045289	1	1	1
ZNF410_01	0	0	0	0	901	1	1	1	0	1	1	1
ZNF436_01	18	13	18	13	901	0.861574158009185	0.81747958608747	0.859481132162911	4.55784777927979	1	1	1
ZNF436_02	7	2	7	2	901	0.980702538290365	0.952614611622864	0.980468962831649	11.6195680052455	1	1	1
ZNF438_01	16	28	16	30	901	0.0460439668134924	0.0331577881467382	0.0270366298246955	-9.24306548857345	0.344085319565694	0.2068682832194	0.162513655359311
ZNF450_01	35	48	36	49	901	0.0885734400838341	0.0723116020429655	0.0963754443615388	-6.18266398471751	0.499807269044493	0.387322129480569	0.475853756535098
ZNF499_01	4	6	4	6	901	0.376610375407193	0.263141613401208	0.376952814619025	-2.76965076788983	1	0.782351140918645	1
ZNF507_01	38	37	41	38	901	0.593155317486961	0.550766000985077	0.673521055617725	1.43320318676426	1	1	1
ZNF513_01	0	0	0	0	901	1	1	1	0	1	1	1
ZNF515_02	0	0	0	0	901	1	1	1	0	1	1	1
ZNF516_01	183	157	211	178	901	0.948034695419283	0.94525895467894	0.957715241689852	7.56249095658235	1	1	1
ZNF521_01	5	10	5	10	901	0.149857799680649	0.097530133901533	0.150877981573346	-5.29201105306765	0.696398010280661	0.449451367062898	0.647086945423533
ZNF521_02	0	0	0	0	901	1	1	1	0	1	1	1
ZNF521_03	0	1	0	1	901	0.5	0.158923960927542	0.5	0	1	0.556315562082882	1
ZNF536_01	38	43	39	45	901	0.324757326467642	0.283546980712243	0.2928194118381	-2.70868026316788	0.992214373130419	0.812442903284302	0.936006559228147
ZNF536_03	0	0	0	0	901	1	1	1	0	1	1	1
ZNF592_02	838	841	3601	3552	901	0.425941994485105	0.604393595949848	0.723159581483324	1.54271447175549	1	1	1
ZNF651_01	1	0	1	0	901	1	0.841613154998138	1	0	1	1	1
ZNF652_03	0	0	0	0	901	1	1	1	0	1	1	1
ZNF672_02	13	11	14	11	901	0.730746055941773	0.660421960368306	0.787823363307414	2.66348324024822	1	1	1
ZNF672_03	47	40	52	41	901	0.810296470375161	0.783197080885895	0.893428872015961	5.67541483948538	1	1	1
ZNF687_01	0	0	0	0	901	1	1	1	0	1	1	1
ZNF710_01	3	3	3	3	901	0.656510706501532	0.500181014483315	0.656250236480385	0	1	1	1
ZNF710_02	0	0	0	0	901	1	1	1	0	1	1	1
ZNF711_02	5	3	5	4	901	0.856016081179056	0.760189273151723	0.746094246609184	3.32275005306947	1	1	1
ZNF76_01	0	0	0	0	901	1	1	1	0	1	1	1
ZNF770_01	12	17	12	17	901	0.2272874126861	0.174746873250094	0.229127501767099	-3.873505412842	0.843556639029621	0.586197654108115	0.8336020294553
ZNF775_02	17	10	19	10	901	0.940359230896842	0.913320368499011	0.969286768225144	8.95045155314128	1	1	1
ZNF777_02	834	861	5070	5991	901	0.00463332264139874	4.24590529853639e-08	8.38571187822642e-19	-49.4046452249844	0.122010829556833	5.86996407522656e-06	5.79662333582401e-17
ZXDB_01	335	371	620	802	901	0.045590106647969	0.0409773845798463	7.62930611142437e-07	-15.78757769541	0.344085319565694	0.24106908162399	1.36096976761861e-05
ZXDL_01	0	0	0	0	901	1	1	1	0	1	1	1
