transcription_factor	no_search_sites	no_background_sites	sum_search_sites	sum_background_sites	no_gene_sites	fisher_pval	wilcox_pval	fisher_pval2	zscore	fisher_adjusted	wilcox_adjusted	fisher2_adjusted
AEBP2_02	0	0	0	0	876	1	1	1	0	1	1	1
AFP1_Q6	50	51	52	54	876	0.5	0.459239826123901	0.461303243005423	-0.882852801949653	1	1	1
AHRARNT_01	503	535	1004	1276	876	0.0658619202827291	0.00072232999506497	6.51083106501378e-09	-29.7954345920013	0.534633009482839	0.0159338624290683	1.56543025171853e-07
AHRARNT_02	526	596	1045	1408	876	0.000293493338990098	4.3534212181901e-07	1.1745222552262e-13	-39.5902298005283	0.040575454115381	3.43920276237018e-05	4.65627830025255e-12
AHR_01	659	700	1594	1888	876	0.0109454961113922	5.72194778113453e-05	3.29202400322977e-07	-27.4559160237112	0.216173548199996	0.00243402855612876	6.27754921995193e-06
AIOLOS_01	2	2	2	2	876	0.687714347008766	0.500227902085444	0.687493189494721	0	1	1	1
ALX4_01	0	1	0	1	876	0.5	0.15893163388081	0.499995329963989	0	1	0.581413423876029	1
AMYB_01	0	0	0	0	876	1	1	1	0	1	1	1
AP1FJ_Q2	739	740	2043	2065	876	0.5	0.508041245528294	0.371233345718254	-1.581420191899	1	1	1
AP2ALPHA_03	802	812	12820	14391	876	0.212418212792098	0.0014952078155008	4.41883890807962e-22	-30.4206309615548	0.889903573288106	0.0275616640657315	4.88723583233606e-20
AP2_Q6	704	730	6929	7491	876	0.0605728805180461	0.00251537791096067	1.35923237012619e-06	-29.9744554531674	0.521880326254058	0.0375947022908446	2.42469516348316e-05
AP4_01	0	0	0	0	876	1	1	1	0	1	1	1
APA1_02	1	0	1	0	876	1	0.841620810695718	1	0	1	1	1
AREB6_01	736	724	1873	1924	876	0.797669856659513	0.408160063285838	0.208166916496245	-4.2149430309268	1	1	0.762359634585585
ARNTLBHLHA15_01	1	1	1	1	876	0.750142775556824	0.5003221179773	0.749995459665469	0	1	1	1
ARNTL_01	1	3	2	8	876	0.312285652991234	0.158447909694531	0.0546837604127919	-3.08347421659521	1	0.581413423876029	0.305455752608828
AR_02	555	587	1128	1122	876	0.0599979985605789	0.325090648093581	0.558517060533175	0.56349679567036	0.521880326254058	0.907955193917932	1
AR_12	0	0	0	0	876	1	1	1	0	1	1	1
ATF3_05	7	1	7	1	876	0.996155946755485	0.983247442894064	0.996093514870107	19.748859383003	1	1	1
ATF4TEF_01	6	16	6	19	876	0.0255100412748627	0.0159315080963856	0.00731540019185296	-10.3658773994867	0.381727779614118	0.163150444024097	0.0569776944520379
BACH1_01	195	174	236	216	876	0.901328546707491	0.89067503564199	0.838342652985397	4.84143506517366	1	1	1
BATF3_01	0	0	0	0	876	1	1	1	0	1	1	1
BATFJUN_01	38	32	42	37	876	0.80334177119728	0.77149192471437	0.750029520040677	2.29909865279352	1	1	1
BATF_04	0	0	0	0	876	1	1	1	0	1	1	1
BCL11A_03	36	50	37	66	876	0.0750911552465153	0.0599671159040673	0.00276652149181497	-9.47026051180409	0.561154173666527	0.352785266967545	0.0242839108725981
BCL6_02	761	759	2697	2511	876	0.583713194193046	0.994180062646825	0.995260829804696	14.9069989251416	1	1	1
BEN_02	855	857	5901	6382	876	0.43658679042243	0.00420765074333098	6.91838579321724e-06	-16.5417864861723	1	0.0517073524680452	0.000112525510107328
BMAL1_Q6	260	265	327	337	876	0.417384799415021	0.410079718857947	0.36334566394788	-1.57517961396421	1	1	1
BRACH_01	0	0	0	0	876	1	1	1	0	1	1	1
BRN3B_01	5	2	5	2	876	0.937874785223368	0.872078907723915	0.937497275763205	6.24603064769156	1	1	1
BTEB3_Q5	821	819	8599	9546	876	0.615168495626878	0.00208169190685534	8.38819820920843e-13	-37.1965254682249	1	0.0331719910614157	2.89917100605766e-11
CACCCBINDINGFACTOR_Q6	663	695	2687	3039	876	0.0379983098797538	0.00323332336453482	1.6795809791892e-06	-26.9731225730551	0.447336364390779	0.0425720909663751	2.90252587966133e-05
CARF_01	1	4	1	5	876	0.187142754985389	0.0896076626446587	0.10937025706018	-6.00063252461944	0.821348757991431	0.445154170138462	0.480013905986344
CDC5_01	147	151	176	174	876	0.424369060430877	0.42355066737847	0.563622121901835	0.560182461697134	1	1	1
CDPCR3_01	625	627	1395	1412	876	0.478906528808779	0.410006488279772	0.381058634812186	-2.2642330108728	1	1	1
CDP_01	743	750	3426	3193	876	0.343184645985113	0.979862494855453	0.998015769196936	12.9773037109944	1	1	1
CDP_Q6_01	703	678	2236	2102	876	0.935829761897519	0.973611676533142	0.979891580272219	9.89194940339928	1	1	1
CEBPGELF1_01	54	55	57	60	876	0.5	0.458247385478544	0.426662310077228	-1.61396354230073	1	1	1
CEBPG_Q6	747	737	4495	3960	876	0.767308170051934	0.999573403211399	0.999999997437309	27.933255021017	1	1	1
CIZ_03	1	0	1	0	876	1	0.841620810695718	1	0	1	1	1
CLOCKFIGLA_01	79	100	93	114	876	0.0572235793013462	0.0515297900814108	0.0821391696721119	-8.06254560051217	0.521880326254058	0.326823857357067	0.398447024812964
CLOCKNHLH1_01	25	40	26	43	876	0.0380195463406268	0.0286962171901546	0.0266377802552262	-11.8007266344799	0.447336364390779	0.229985624726891	0.175365386680239
CMYB_01	0	0	0	0	876	1	1	1	0	1	1	1
CMYC_02	424	497	878	1119	876	0.000283797312383253	0.000138363813030345	3.72296303753019e-08	-17.3532581001267	0.040575454115381	0.00542860047293104	7.91845599905459e-07
COE2_02	0	0	0	0	876	1	1	1	0	1	1	1
CP2_01	832	850	5590	5671	876	0.0186996740347041	0.298372483295748	0.224500153699532	-3.7000307157131	0.304144698270334	0.856747422825453	0.768261839454163
CPEB1_01	678	606	2232	1747	876	0.999960514670646	0.999999126351519	0.999999999999994	29.9240094178859	1	1	1
CREB3L1_02	0	0	0	0	876	1	1	1	0	1	1	1
CREBP1_Q2	476	485	810	889	876	0.350470379430117	0.180135392310871	0.0291261778394457	-6.78029958256347	1	0.629938934160554	0.189491486414276
CRX_02	398	404	564	578	876	0.405260038217219	0.486736773156111	0.350083381055736	-2.0323184528925	1	1	1
CTCF_04	624	671	2168	2581	876	0.00613630415215798	0.000170974607765472	1.04773419360081e-09	-34.540524264363	0.165887255370982	0.00556170341731211	2.89698504530625e-08
CTCF_06	800	834	4276	4671	876	0.000779776326145315	0.00288948160781722	1.47930289528706e-05	-17.709404063318	0.0562640133075563	0.0399369817769198	0.000233729857455355
CTF1_01	671	656	1956	2016	876	0.813738402192602	0.422245633791203	0.174197422262554	-3.52741013231319	1	1	0.665757667979641
CTIP2_01	1	2	1	3	876	0.5	0.281740062013029	0.312492800389976	-3.91688505757664	1	0.833825505793454	0.949497355031081
CUX1HOXA13_01	4	5	4	5	876	0.5	0.369296925167103	0.499988507309401	-1.8449825218209	1	0.974814078372723	1
CUX1HOXB13_01	17	17	18	17	876	0.568585446481148	0.501419277123532	0.632040795414129	0.907838575283873	1	1	1
CUX1NHLH1_02	0	1	0	1	876	0.5	0.15893163388081	0.499995329963989	0	1	0.581413423876029	1
CUX1RFX5_01	17	18	18	19	876	0.5	0.432385283507418	0.499977180859919	-1.10112146907572	1	1	1
CUX1SRF_01	1	0	1	0	876	1	0.841620810695718	1	0	1	1	1
CUX1_06	3	5	5	7	876	0.362968123362977	0.23956150379043	0.387194038176454	-1.8449825218209	1	0.748460517492135	1
CUX2_02	0	0	0	0	876	1	1	1	0	1	1	1
DEAF1_02	26	27	27	32	876	0.5	0.439712587544951	0.301433716641709	-3.88049649285565	1	1	0.936476659004861
DEC_Q1	685	702	1664	1823	876	0.173294028068078	0.0187461921162647	0.00369177845481188	-7.95259299729616	0.79199667373262	0.179595443585983	0.0295905477664626
DLX3_01	619	563	1966	1732	876	0.998182869118031	0.999053476596916	0.999945309265764	20.3849344848483	1	1	1
DMRT2_01	40	29	44	31	876	0.930009681641668	0.912423604871716	0.947323549427736	8.37202638054142	1	1	1
DRRS_02	31	49	31	52	876	0.0255405566830422	0.0191611775254484	0.0137624424433605	-8.72517652971814	0.381727779614118	0.179595443585983	0.0975721880920305
E2F1EOMES_02	14	33	14	34	876	0.0035707208710953	0.00247135498547599	0.00275676949066663	-15.8868684248094	0.116153449512688	0.0375947022908446	0.0242839108725981
E2F1HES7_02	10	24	12	24	876	0.0114803292793989	0.00788447619870904	0.0326173373956891	-10.9803148744741	0.218918003155433	0.0891790911232661	0.198213050327649
E2F1NHLH1_01	10	8	10	8	876	0.760809354006219	0.682242941480944	0.759647380045203	3.50024497066534	1	1	1
E2F2_05	0	0	0	0	876	1	1	1	0	1	1	1
E2F3DRGX_01	29	17	29	19	876	0.974522692416097	0.962685739292973	0.9442935009207	7.57475410350157	1	1	1
E2F3FOXI1_01	26	54	27	56	876	0.000915985169499307	0.000679831997006158	0.000965228861242188	-14.524154447931	0.0562640133075563	0.0156644622643502	0.00970493745939873
E2F3ONECUT2_01	0	0	0	0	876	1	1	1	0	1	1	1
E2F7_01	0	0	0	0	876	1	1	1	0	1	1	1
E2F_01	817	820	3948	3734	876	0.423549401765573	0.997071102761405	0.992999506917479	13.679127262343	1	1	1
E4BP4_01	27	24	28	28	876	0.714924135811132	0.661644653582088	0.553046463432091	0.680980204644465	1	1	1
EGR3_05	0	0	0	0	876	1	1	1	0	1	1	1
EGR4_02	0	0	0	0	876	1	1	1	0	1	1	1
EGR_Q6	506	570	2282	2499	876	0.000989191044045431	0.0019081190118844	0.000877352668784014	-21.9175453828249	0.0562640133075563	0.0319754488961234	0.00915426463844453
ELK1FOXI1_01	1	1	1	1	876	0.750142775556824	0.5003221179773	0.749995459665469	0	1	1	1
ELK1HOXA3_01	23	22	23	22	876	0.618501147719777	0.560072318978782	0.616981380917665	1.0000800810446	1	1	1
ELK1PAX9_01	0	0	0	0	876	1	1	1	0	1	1	1
ELK1SREBF2_02	1	4	1	4	876	0.187142754985389	0.0896902779472303	0.187493838201032	-6.06279416266432	0.821348757991431	0.445154170138462	0.697086314394015
ERBETA_Q5	639	663	1371	1679	876	0.104232954753466	0.00375387086756381	1.28567047375159e-08	-26.971521616724	0.65684801142095	0.0471793315855179	2.84390308793852e-07
ERFCLOCK_01	24	16	24	18	876	0.925431899648918	0.898071989454584	0.860010988791375	6.13806369577359	1	1	1
ERFMAX_01	1	1	1	1	876	0.750142775556824	0.5003221179773	0.749995459665469	0	1	1	1
ERFONECUT2_01	2	0	2	0	876	1	0.921528037414693	1	0	1	1	1
ERFSREBF2_02	1	1	1	1	876	0.750142775556824	0.5003221179773	0.749995459665469	0	1	1	1
ESRRG_02	0	0	0	0	876	1	1	1	0	1	1	1
ETS1_03	0	0	0	0	876	1	1	1	0	1	1	1
ETV2ONECUT2_01	0	3	0	3	876	0.124785836664763	0.0416028403713227	0.124996302922588	0	0.690065676756139	0.29237129615216	0.535836864466599
ETV2RFX5_02	0	0	0	0	876	1	1	1	0	1	1	1
ETV2SPDEF_01	0	2	0	2	876	0.249857224443175	0.0787088284092218	0.249995200262508	0	0.955275854234009	0.411989694175763	0.818031631628207
ETV2TBX21_03	3	2	3	2	876	0.812857245014611	0.673008696413278	0.81249448670894	3.31736551768697	1	1	1
ETV2TCF3_01	51	66	55	68	876	0.0900471427380183	0.0789708997877592	0.139568559201159	-6.47688282640917	0.614839849874726	0.411989694175763	0.581062455518052
ETV5EOMES_01	120	157	142	184	876	0.00914436997260389	0.00806320896232062	0.0114960602047596	-15.8891063672547	0.198093025616651	0.0891790911232661	0.0859097472058389
ETV5HES7_01	443	482	1177	1494	876	0.0344740789243892	0.00283401070489787	4.50455735274201e-10	-32.9504032180418	0.443352689422959	0.0399369817769198	1.31106327161386e-08
ETV6_01	2	12	2	13	876	0.00629951602674616	0.0036494530674999	0.00369212982981179	-11.4535287018321	0.165887255370982	0.0469336638680802	0.0295905477664626
ETV7TBX21_01	5	11	5	11	876	0.104007304048895	0.06601050432829	0.105048964084943	-8.32429297128761	0.65684801142095	0.374667574976129	0.464736617111789
EVI1_01	25	19	63	23	876	0.857468029467908	0.821526424417492	0.999996728068629	17.4477641402815	1	1	1
EVI1_03	63	43	84	47	876	0.982545697577398	0.978264693086691	0.999583987810222	15.5152624538852	1	1	1
EVI1_09	0	1	0	2	876	0.5	0.15893163388081	0.249995200262508	0	1	0.581413423876029	0.818031631628207
EVX2_03	753	731	4689	4201	876	0.936619888324222	0.999178954606222	0.99999989964726	21.1105927010266	1	1	1
EVX2_04	13	17	13	20	876	0.290690215781922	0.228318229604473	0.14808864285374	-4.29620671775565	1	0.738362461820314	0.602154555133222
FKHL14_Q2	248	207	344	304	876	0.988973775333941	0.986143633374133	0.946409645904055	9.82488611761078	1	1	1
FLI1CEBPB_01	0	0	0	0	876	1	1	1	0	1	1	1
FOXC1_Q4	660	586	2275	1766	876	0.999962335066761	0.999999626334213	1	32.5604618638509	1	1	1
FOXD2_04	0	0	0	0	876	1	1	1	0	1	1	1
FOXG1_01	0	0	0	0	876	1	1	1	0	1	1	1
FOXG1_02	0	0	0	0	876	1	1	1	0	1	1	1
FOXI1_03	0	0	0	0	876	1	1	1	0	1	1	1
FOXJ2_02	666	574	3057	2370	876	0.999999509240687	0.99999999625834	1	44.2492273780609	1	1	1
FOXJ2_03	9	7	10	7	876	0.773802729162088	0.693026420048186	0.833838422674796	3.40687657681423	1	1	1
FOXL2_Q2	332	281	484	386	876	0.995417349554599	0.997123226763162	0.999610586566711	16.525913777448	1	1	1
FOXL2_Q5	655	618	1584	1396	876	0.979200834064524	0.998915615850897	0.999735324080376	16.3040659295553	1	1	1
FOXM1_Q3	773	787	4642	4353	876	0.160051177386489	0.943598184602033	0.998908834355597	13.7965404505098	0.756481205937851	1	1
FOXN4_01	858	864	9996	11925	876	0.178709223292458	3.91253174624183e-13	1.51345325723877e-39	-74.2745259708131	0.810050823612537	2.16363005567173e-10	4.18469825626521e-37
FOXO1ETV7_01	6	4	6	4	876	0.828829332886985	0.737106123040441	0.828117976597969	4.41620925620529	1	1	1
FOXO3_01	618	549	1484	1303	876	0.999806681165744	0.999686918754904	0.999720344012872	17.4809264263402	1	1	1
FOXO3_03	0	0	0	0	876	1	1	1	0	1	1	1
FOXO6_03	5	5	5	5	876	0.623399445536129	0.500144385954386	0.623035701497632	0	1	1	1
FOXP1_01	5	3	5	3	876	0.856031732632414	0.760815683948365	0.855463131281158	4.96695582578665	1	1	1
FXR_Q3	486	444	832	742	876	0.980245987624517	0.977552131467184	0.989127626824216	13.0213353116634	1	1	1
GATA5_06	188	186	226	220	876	0.569417502813076	0.547719121883548	0.629770389876026	1.23057622609078	1	1	1
GATAD2A_01	832	843	5071	5421	876	0.121827333974541	0.0246789827460592	0.00031570757512766	-10.8303864696456	0.690065676756139	0.200698197920158	0.00363721435511658
GCM1CEBPB_01	1	1	1	1	876	0.750142775556824	0.5003221179773	0.749995459665469	0	1	1	1
GCM1ELF1_02	114	138	124	160	876	0.0586276432348261	0.0467588424265743	0.0187991833672388	-10.7693141462607	0.521880326254058	0.315337071486532	0.129949355026038
GCM1ELK3_01	2	4	2	4	876	0.343481836209062	0.206907603402752	0.343741000482738	-3.93776358745241	1	0.693453967768011	1
GCM1ETV4_01	26	36	28	57	876	0.122158037068586	0.0952683813567025	0.00109689677779249	-14.396299764973	0.690065676756139	0.462135218335583	0.0108318556807008
GCM1ETV7_01	5	12	5	16	876	0.0707595522979663	0.0439419150456915	0.0132999966216891	-12.9278846967455	0.543472672510769	0.3012312762315	0.0955181575557671
GCM1FOXI1_01	96	99	102	118	876	0.439642160087539	0.38096111976977	0.15588795251575	-5.16127904924115	1	0.985358854112467	0.620187321879208
GCM1MAX_03	1	1	1	1	876	0.750142775556824	0.5003221179773	0.749995459665469	0	1	1	1
GCM1NHLH1_01	138	177	166	200	876	0.00898912511287147	0.00939888493455758	0.0421685686755137	-11.3475710091936	0.198093025616651	0.0999535263232758	0.24040431420164
GCM1ONECUT2_01	0	4	0	4	876	0.0622858978892728	0.0226884236746962	0.0624974704334587	0	0.521880326254058	0.187264153613537	0.326048124053799
GCM1PITX1_02	243	236	305	325	876	0.665960512907551	0.602738460133766	0.224437027168532	-4.48473411641273	1	1	0.768261839454163
GCM1SOX2_01	0	0	0	0	876	1	1	1	0	1	1	1
GCM1TBX21_02	23	25	24	27	876	0.441915778851193	0.383629161018464	0.389856824429356	-3.02013735235745	1	0.986729888573073	1
GCM1_05	31	21	38	27	876	0.939650217255794	0.919418921325623	0.931977202900739	8.42433761862161	1	1	1
GCM2E2F8_01	281	333	511	640	876	0.00531386758826032	0.0050177905813057	7.90628251959736e-05	-22.066360864169	0.154661514542524	0.0603225693796098	0.00106638395935057
GCM2HES7_01	301	337	497	628	876	0.0411098670730943	0.00996935449056814	5.19411804806244e-05	-22.6770638948955	0.454675129828423	0.104019868552532	0.000755880863310139
GCM2HOXA13_01	4	10	4	10	876	0.0889089169356137	0.0537811410840743	0.0897762160053533	-7.14222664737038	0.614839849874726	0.326823857357067	0.413718728758003
GCM2MAX_01	225	232	277	300	876	0.372051035143018	0.292345917247089	0.179777859048889	-4.8612034044203	1	0.856733532925124	0.676307184041057
GCM2SOX15_01	97	77	106	87	876	0.95339164363249	0.941218362933354	0.925100144028405	8.6732735017466	1	1	1
GCM2TBX21_02	3	2	3	2	876	0.812857245014611	0.673008696413278	0.81249448670894	2.73995301075668	1	1	1
GCNF_01	11	10	11	10	876	0.669156092042531	0.586957511840163	0.668173258714262	1.26534847720671	1	1	1
GFI1B_01	612	617	1384	1328	876	0.417295707810131	0.679794038353988	0.86320373241445	4.58611290419811	1	1	1
GLI3_03	0	0	0	0	876	1	1	1	0	1	1	1
GLIS1_01	0	0	0	0	876	1	1	1	0	1	1	1
GMEB2_02	1	2	1	2	876	0.5	0.281962693640824	0.499992994942349	-2.64767406734088	1	0.833825505793454	1
GMEB2_03	3	4	4	4	876	0.5	0.353290333725737	0.636708818002975	0	1	0.953022217318696	1
GRE_C	824	844	5763	6060	876	0.0165262322508684	0.0520562208624721	0.00314966411653491	-14.8313992330734	0.276939588931219	0.326823857357067	0.0263903675218758
GRHL1_01	16	18	23	24	876	0.431414553518851	0.366878086852282	0.499974318268235	-1.91566629480764	1	0.974814078372723	1
GZF1_01	0	0	0	0	876	1	1	1	0	1	1	1
HELIOS_01	4	2	4	2	876	0.891026785626447	0.7933589608384	0.890620986631386	4.79684083401146	1	1	1
HES1_Q2	708	711	1782	1957	876	0.451543711372048	0.0172806123633404	0.00219028903640738	-13.973691999734	1	0.170646047087986	0.0201871639522214
HES5_01	1	0	1	0	876	1	0.841620810695718	1	0	1	1	1
HESX1_02	2	2	4	2	876	0.687714347008766	0.501139508195562	0.890620986631386	2.55117458457179	1	1	1
HIC1_03	483	545	1161	1346	876	0.00153412274992759	0.000406003603554796	0.000116960995149631	-20.3065083024533	0.061171716563212	0.0102054542166274	0.00150417279808711
HIC2_01	797	802	3727	4069	876	0.367545568167973	0.0208089535702213	5.41303303710687e-05	-15.125975305934	1	0.185602440715038	0.000767540325517974
HIC2_03	0	0	0	0	876	1	1	1	0	1	1	1
HIF1_Q5	478	546	889	1260	876	0.00057757584365036	3.72672651366708e-07	5.9262160571237e-16	-29.9027078261499	0.0562640133075563	3.43920276237018e-05	3.64133053287712e-14
HINFP_02	0	0	0	0	876	1	1	1	0	1	1	1
HINFP_03	0	0	0	0	876	1	1	1	0	1	1	1
HMX1_01	0	2	0	2	876	0.249857224443175	0.0787088284092218	0.249995200262508	0	0.955275854234009	0.411989694175763	0.818031631628207
HNF1B_01	680	638	2422	2170	876	0.991367402560642	0.990767491816411	0.99990733932412	20.2944750243488	1	1	1
HNF1_C	319	260	470	407	876	0.998852874836021	0.996322884243827	0.98469463557049	13.2634949052289	1	1	1
HNF3B_01	640	553	2168	1681	876	0.999996866808711	0.999999988962883	0.999999999999998	37.894004036709	1	1	1
HNF4A_09	705	691	1800	1725	876	0.813424788364402	0.832967036386889	0.899851789349472	4.67378473481707	1	1	1
HNF4GAMMA_01	0	0	0	0	876	1	1	1	0	1	1	1
HNF6_Q6	233	210	302	275	876	0.906464529072522	0.891764621431546	0.878125136656793	5.25783210127208	1	1	1
HOX13_01	597	586	1302	1233	876	0.72979083209151	0.894314762887014	0.917855303442963	12.0406000370206	1	1	1
HOXB13EOMES_01	735	701	2692	2434	876	0.985231039017188	0.998109308155649	0.999854046329967	19.9554857048226	1	1	1
HOXB13TBX3_01	110	105	118	117	876	0.668862073659018	0.630208448635313	0.551829320609667	0.178407027504867	1	1	1
HOXB2ELK1_02	0	1	0	1	876	0.5	0.15893163388081	0.499995329963989	0	1	0.581413423876029	1
HOXB2ESRRB_01	0	0	0	0	876	1	1	1	0	1	1	1
HOXB2PITX1_01	158	128	189	154	876	0.977526900509971	0.977477675537544	0.974120532307683	10.6780871746425	1	1	1
HOXB2RFX5_01	140	113	157	130	876	0.971565877525449	0.965293988087309	0.950894033010616	10.2442505266807	1	1	1
HOXB2_03	1	2	1	2	876	0.5	0.281962693640824	0.499992994942349	-2.34795735445485	1	0.833825505793454	1
HOXC10TBX21_01	28	25	30	25	876	0.711357364876385	0.665110548193136	0.79060623915936	3.57804954713857	1	1	1
HOXD10_Q2	324	274	609	489	876	0.994925356957617	0.996378634634601	0.999871795565322	17.2797277475811	1	1	1
HOXD12EOMES_01	2	1	2	1	876	0.875214163335237	0.718482612097482	0.87499669202703	5.29224675050945	1	1	1
HOXD12ETV4_01	0	0	0	0	876	1	1	1	0	1	1	1
HOXD12TBX21_01	4	7	4	7	876	0.273767683183764	0.182260812777014	0.27440294236066	-4.58324049348721	1	0.629938934160554	0.862186517758211
HOXD13_01	545	492	1265	1023	876	0.995677382421297	0.999800422066519	0.999999818447813	25.1313130265129	1	1	1
HOXD13_04	30	19	31	20	876	0.959462618522738	0.94427863310967	0.954038436860398	7.74328639517002	1	1	1
HOXD9_Q2	500	477	1001	923	876	0.875848774766209	0.941345636473753	0.964204468677487	7.62849954862032	1	1	1
HSF2_02	239	228	331	288	876	0.741622264251098	0.785219866816652	0.961558741788133	8.03589704673498	1	1	1
HSF2_Q6	100	87	118	98	876	0.860659011137911	0.849095334039947	0.923553192136118	7.17130904615066	1	1	1
HSFY1_01	83	98	114	139	876	0.135882849248708	0.107932036550244	0.0655537350949502	-5.21090600161408	0.72253091956284	0.493276167043677	0.332579958784472
IK1_01	834	847	5519	5923	876	0.0727458266886313	0.016616482404188	7.83812628483408e-05	-18.206716683181	0.551074550120727	0.167071177627563	0.00106638395935057
IK3_01	832	843	4952	5224	876	0.121827333974541	0.0530155130050022	0.00352297918536864	-12.892997884092	0.690065676756139	0.326823857357067	0.0290777237240128
IRF4_05	0	0	0	0	876	1	1	1	0	1	1	1
IRF4_09	485	468	793	786	876	0.806042390557174	0.681065554276486	0.579661091280137	0.633735240188663	1	1	1
IRF4_Q5	215	170	278	223	876	0.99604898985468	0.995474008636594	0.99386373569444	13.442818281644	1	1	1
IRF7_04	10	7	10	7	876	0.835038484407736	0.767681355670239	0.833838422674796	4.48834935875454	1	1	1
IRF7_Q3	484	466	785	792	876	0.818879717221738	0.601257528547946	0.439784714240754	-0.765557646921058	1	1	1
ISL2_03	821	848	6615	6560	876	0.00161573626060735	0.708560700921541	0.687394289327471	1.35151098699904	0.061171716563212	1	1
ISRE_01	160	151	196	192	876	0.734073946407573	0.71309522307172	0.600108052592343	2.33860930593023	1	1	1
KAISO_01	263	261	326	320	876	0.562190950164136	0.559865103422939	0.608413740377394	1.03507584675203	1	1	1
KAISO_Q2	810	828	12790	13981	876	0.0496277062858149	0.00074915085561623	1.17880463297533e-13	-37.7524337333132	0.50822447363066	0.0159338624290683	4.65627830025255e-12
KLF13_01	9	22	16	43	876	0.0140227232971862	0.00932739889842113	0.000292050696837781	-16.9512040012736	0.242330186979499	0.0999535263232758	0.0035109572902455
KLF8_01	8	12	8	12	876	0.25047920228559	0.184309531714552	0.251707749136165	-3.51257231656707	0.955275854234009	0.633063174149983	0.818790501601761
KLF9_01	126	156	150	219	876	0.0296261537281674	0.0204464997722381	0.000192770146348144	-16.0420365568021	0.420083666966066	0.185359252033568	0.002422770248421
LBX2_03	802	803	7396	6684	876	0.5	0.998160631479881	0.999999999185313	25.3564140041961	1	1	1
LEF1_05	566	561	1153	1143	876	0.617613919822883	0.528186994061435	0.590661408871711	1.46106102233762	1	1	1
LHX2_03	22	13	40	22	876	0.956829329357305	0.938231372636925	0.992432237454369	10.341056027733	1	1	1
LHX3_01	528	464	2132	1784	876	0.999140216011144	0.999750077368914	0.999999988362895	28.3821022830502	1	1	1
LHX6_06	1	3	2	5	876	0.312285652991234	0.158724289711363	0.226554412634548	-4.54686057066811	1	0.581413423876029	0.768261839454163
LHX6_07	3	1	6	2	876	0.937714102110727	0.841690280381416	0.964841990590554	6.48240840759901	1	1	1
LRF_Q6	636	677	2511	2950	876	0.0136843935388489	0.000197323043984832	1.43174451569386e-09	-28.3230603213412	0.242330186979499	0.00576929085645373	3.77026055799384e-08
LYF1_01	770	770	2451	2496	876	0.529189600891212	0.239080967934363	0.265318389569522	-2.62520845517759	1	0.748460517492135	0.848098667236679
MAFA_Q4_01	716	718	1788	1974	876	0.475292215056294	0.00797398367397102	0.00126271399747541	-12.9717101611296	1	0.0891790911232661	0.0120393248379983
MAFB_Q4	812	831	3350	3666	876	0.0372956790385747	0.00170273613576363	8.19812868864084e-05	-16.7316381260896	0.447336364390779	0.0295741853399619	0.00107942027733771
MAFF_01	2	0	2	0	876	1	0.921528037414693	1	0	1	1	1
MAFF_04	0	1	0	1	876	0.5	0.15893163388081	0.499995329963989	0	1	0.581413423876029	1
MAX_11	50	64	53	65	876	0.103892057847268	0.0901578066103213	0.155583807101439	-3.6722580505413	0.65684801142095	0.445154170138462	0.620187321879208
MEF2_01	0	0	0	0	876	1	1	1	0	1	1	1
MEF2_04	423	386	716	627	876	0.965715535037602	0.97951480421453	0.992997723675176	17.382075212503	1	1	1
MEIS1AHOXA9_01	818	812	5228	4873	876	0.744349530660381	0.990942317248721	0.999808021638696	17.5305907227257	1	1	1
MEIS1DLX3_01	56	61	59	63	876	0.351009314598906	0.319014092439742	0.392985867903106	-1.83579625913351	1	0.900075475097844	1
MEIS1DRGX_01	702	715	2021	2138	876	0.233011369856645	0.18010715302307	0.0358240664789275	-7.88959826553603	0.927016457055574	0.629938934160554	0.213018373794053
MEIS1EOMES_01	797	831	3427	3907	876	0.00100162176372984	0.000154934422709799	1.03134570892919e-08	-24.9872584917889	0.0562640133075563	0.00542860047293104	2.37639240432434e-07
MEIS1SOX2_01	11	13	11	13	876	0.418852308115331	0.340638315599616	0.419391304043745	-2.25396119336908	1	0.937179047395959	1
MEIS1_02	189	161	221	186	876	0.958485178970155	0.95393664725241	0.962889866892931	9.73463919613547	1	1	1
MEIS1_06	3	3	3	3	876	0.656518163790939	0.500186187822175	0.656241486864047	0	1	1	1
MEIS2ONECUT2_01	8	5	8	5	876	0.867476687094035	0.79820697229244	0.866570626678066	5.477512275722	1	1	1
MEIS2_05	0	0	0	0	876	1	1	1	0	1	1	1
MEOX2_03	6	3	6	3	876	0.910718909975299	0.841990827781987	0.91015216364282	6.16488444347694	1	1	1
MGADLX2_01	28	19	28	19	876	0.930769303366929	0.908330603164367	0.928061105164865	6.81379276949665	1	1	1
MIBP1_Q6	524	516	1044	978	876	0.669218985137404	0.676790405463387	0.931944392662312	7.30478251918846	1	1	1
MIZF_03	0	0	0	0	876	1	1	1	0	1	1	1
MRF2_01	70	64	74	68	876	0.735340047669585	0.706617355390666	0.721434353501574	2.4053309689298	1	1	1
MSX1_01	692	702	2053	1946	876	0.296947751281914	0.897229956579807	0.956283331720787	6.24382410388172	1	1	1
MSX1_Q5	130	101	154	131	876	0.98301689422521	0.976027851967998	0.92248811231515	6.58842829262426	1	1	1
MSX2_03	5	6	5	6	876	0.5	0.381314276274987	0.499987358033782	-1.733022403496	1	0.985358854112467	1
MSX2_Q3	782	771	3419	3113	876	0.816858879849063	0.999272506809829	0.999929062291059	15.73847959778	1	1	1
MTF1_01	805	837	3564	4202	876	0.00106836235940882	2.8079970618329e-07	2.11819930549068e-13	-39.5538590114602	0.0562640133075563	3.43920276237018e-05	7.80909477290897e-12
MTF1_07	0	2	0	2	876	0.249857224443175	0.0787088284092218	0.249995200262508	0	0.955275854234009	0.411989694175763	0.818031631628207
MYBL1ELF1_01	1	0	1	0	876	1	0.841620810695718	1	0	1	1	1
MYBL1FIGLA_01	38	31	38	32	876	0.837090621013321	0.803547310516579	0.798500711303463	4.60398196221871	1	1	1
MYBL1HOXA13_01	1	3	1	3	876	0.312285652991234	0.158585941703703	0.312492800389976	-5.09969381443796	1	0.581413423876029	0.949497355031081
MYBL1ONECUT2_01	64	61	65	65	876	0.64470850906309	0.601715277126699	0.534881103640177	0	1	1	1
MYBL2_02	13	14	14	15	876	0.5	0.423302994044496	0.499979760227728	-1.49154475082753	1	1	1
MYBL2_03	0	3	0	5	876	0.124785836664763	0.041602890667995	0.0312483784915653	0	0.690065676756139	0.29237129615216	0.196367651202677
MYBL2_05	8	3	12	4	876	0.967698784438156	0.934936154432822	0.98936384584714	10.7240953182734	1	1	1
MYOD_01	0	0	0	0	876	1	1	1	0	1	1	1
MYOGNF1_01	843	856	6824	7365	876	0.0466417603238068	0.00266242287892431	2.66004579978662e-06	-33.3061867923173	0.486658367152173	0.0387452592643459	4.45759190085455e-05
NERF_Q2	832	838	4124	4283	876	0.285973625654967	0.156666371684062	0.0420060967657884	-9.61046059405167	1	0.581413423876029	0.24040431420164
NFAT5_02	7	7	7	7	876	0.605157199072358	0.500122168747666	0.604723013021058	0	1	1	1
NFATC1_01	4	5	4	5	876	0.5	0.369296925167103	0.499988507309401	-2.00091981023138	1	0.974814078372723	1
NFATC1_02	3	6	6	9	876	0.253342622053358	0.15902443732106	0.303605832081371	-3.10988265309681	0.95957856161306	0.581413423876029	0.937955447715073
NFATC1_03	1	1	2	2	876	0.750142775556824	0.5003221179773	0.687493189494721	0	1	1	1
NFIA_03	68	83	70	88	876	0.116621364096483	0.0990851258614273	0.0879944720440406	-5.77703250056671	0.690065676756139	0.467446907941625	0.411304994132245
NFKB_C	510	528	959	1043	876	0.20425067677718	0.177942044384867	0.0316854601941985	-4.56548252359488	0.868850955829083	0.629938934160554	0.196540383560498
NFY_C	584	582	1047	1200	876	0.560367398690087	0.0489067429094599	0.000663677598662331	-14.6948389061712	1	0.323997838554712	0.00725310698309305
NKX22_01	535	484	1211	1076	876	0.994118056516515	0.989536251951787	0.997785148813039	12.1974299924268	1	1	1
NKX23_04	6	14	6	14	876	0.0566238699568911	0.0360581824657815	0.0576533760118843	-9.10404645403254	0.521880326254058	0.276946873660794	0.31882316934572
NKX25_03	816	835	4977	4830	876	0.0322787158776468	0.862380709898997	0.932855087938975	8.11836363566218	0.435369021471675	1	1
NKX31_06	438	438	667	657	876	0.519054041065779	0.614166057451795	0.618694518164778	1.09821256192198	1	1	1
NKX61_01	330	294	498	434	876	0.967571753891954	0.968267768633844	0.983416224788413	11.0313404808273	1	1	1
NKX62_Q2	581	502	1779	1529	876	0.999958802095279	0.999904360554855	0.999993766640081	17.4464158238284	1	1	1
NOR1_02	2	1	2	1	876	0.875214163335237	0.718482612097482	0.87499669202703	3.16579566374802	1	1	1
NR2E1_02	115	82	125	89	876	0.995004429577778	0.993586145463429	0.994371890484961	13.8468757367936	1	1	1
NR2F1_05	680	691	1492	1617	876	0.281264241947885	0.0441224834986464	0.0129926205095123	-10.1589247632742	1	0.3012312762315	0.0945384097600042
NR4A2_02	1	1	2	2	876	0.750142775556824	0.5003221179773	0.687493189494721	0	1	1	1
NR4A2_03	0	0	0	0	876	1	1	1	0	1	1	1
NR4A2_04	29	41	29	42	876	0.0896372750864259	0.071150189991437	0.0769412200492818	-6.369459622608	0.614839849874726	0.393460550652647	0.376535351214627
NRF1_02	5	27	12	72	876	4.93174282907122e-05	4.34639868035337e-05	6.95578321534203e-12	-16.9313214217783	0.0136362689223819	0.00200296539186284	2.26267536357891e-10
NRSF_01	3	7	3	7	876	0.171170667113015	0.102432458870422	0.17186669984637	-6.80414354181455	0.78881149094581	0.474503722474303	0.664631363741555
OCT1_01	431	410	798	750	876	0.853610749505396	0.866500409565303	0.893539723387215	8.11872242127897	1	1	1
OCT1_06	784	775	5612	5151	876	0.777256433815949	0.991515946672371	0.999996003960538	22.781020964636	1	1	1
OLF1_01	414	423	737	712	876	0.351001346715155	0.511701770495884	0.752667908964194	3.43429804786956	1	1	1
OSR2_05	0	0	0	0	876	1	1	1	0	1	1	1
OTX2_Q3	187	193	209	218	876	0.385980830476825	0.370182561407363	0.34926014189642	-1.99077499550366	1	0.974814078372723	1
P73_Q6	333	370	495	530	876	0.0396376434446175	0.0411233480483831	0.143987537954161	-7.2995735902856	0.454675129828423	0.29237129615216	0.592333500621632
PAX1_B	0	0	0	0	876	1	1	1	0	1	1	1
PAX2_01	682	700	1855	1903	876	0.159847475061772	0.231246729364226	0.22124233826545	-3.52954425831587	0.756481205937851	0.739187522187383	0.768261839454163
PAX2_Q2	703	720	1823	2081	876	0.163845432594177	0.000311603081133973	1.89979720790094e-05	-16.2514961742361	0.767851900208302	0.00861582519335435	0.000283942663775465
PAX3_01	855	859	6361	7281	876	0.311640336116647	3.563401057768e-08	1.39190381657806e-15	-38.5559774911461	1	9.85280392472851e-06	6.99748009606972e-14
PAX5_01	852	853	8095	9418	876	0.5	9.50728251356567e-08	5.01722444425857e-24	-64.9862131541343	1	1.75250907666727e-05	9.24841705891663e-22
PAX5_Q6	808	827	3797	3934	876	0.0422887351338112	0.0556117324282614	0.0604854407497294	-10.0568469609544	0.45854255939211	0.33427486992205	0.324742220724275
PAX9_01	0	1	0	1	876	0.5	0.15893163388081	0.499995329963989	0	1	0.581413423876029	1
PBX1_02	387	381	597	629	876	0.631952517159475	0.440510002982434	0.187822533173071	-4.33534409845126	1	1	0.697086314394015
PBX1_05	808	823	3486	3842	876	0.0934726787937023	0.00296096971582949	1.61589766613423e-05	-21.4221651082131	0.630370626498992	0.0399369817769198	0.000248219835936731
PBX4_01	0	0	0	0	876	1	1	1	0	1	1	1
PIT1_Q6	718	680	3143	2800	876	0.989884275299834	0.998512320125272	0.999996082169633	27.6930948921493	1	1	1
PITX1EOMES_01	113	119	122	130	876	0.362290060957602	0.340474178410321	0.329600156726114	-2.73235319150503	1	0.937179047395959	0.99059177537794
PITX1FIGLA_01	81	88	89	94	876	0.31369663652564	0.294891851639689	0.383727629871926	-2.01997043162587	1	0.856733532925124	1
PITX1HES7_01	6	8	6	8	876	0.394842800927642	0.295906156941589	0.395249596037923	-2.69332594093685	1	0.856733532925124	1
PITX1TBX21_01	1	3	1	3	876	0.312285652991234	0.158585941703703	0.312492800389976	-4.54686057066811	1	0.581413423876029	0.949497355031081
PLAG1_02	548	597	4408	4671	876	0.00795989501368064	0.0535478380710829	0.00291459457261139	-21.0686556925749	0.198093025616651	0.326823857357067	0.0250111953137582
PLAG1_04	9	15	10	15	876	0.152049011867939	0.109515091058025	0.212162946651114	-4.32123872792279	0.737571083885706	0.496408568484328	0.766837316980825
PLAG1_06	0	0	0	0	876	1	1	1	0	1	1	1
PLAG1_08	2	0	2	0	876	1	0.921528037414693	1	0	1	1	1
PLAGL2_02	0	0	0	0	876	1	1	1	0	1	1	1
PLAGL2_03	138	150	162	177	876	0.239161132916185	0.219746156706122	0.223467429385733	-3.32076109715382	0.937986570940782	0.723331099157651	0.768261839454163
PLAGL2_05	0	0	0	0	876	1	1	1	0	1	1	1
PLZFB_Q3	648	628	1990	1809	876	0.870317986477383	0.984167261257836	0.998439980607358	12.4080388539634	1	1	1
POU2F1DLX2_01	0	1	0	1	876	0.5	0.15893163388081	0.499995329963989	0	1	0.581413423876029	1
POU2F1EOMES_01	615	614	1241	1330	876	0.541577216578735	0.342720182295867	0.0411694118597401	-8.08607024373992	1	0.938238914899083	0.239649313246698
POU2F1ETV4_01	0	0	0	0	876	1	1	1	0	1	1	1
POU2F1FOXO6_01	20	14	23	15	876	0.887542475098589	0.851607396983492	0.928340758509579	10.8535399885251	1	1	1
POU2F1HOXB13_01	53	44	61	48	876	0.851928195597542	0.830611174343827	0.91015479120191	7.13888336027805	1	1	1
POU2F1SOX2_01	56	41	57	44	876	0.952913963987229	0.940386727698964	0.918351701440171	7.06675261355651	1	1	1
POU2F1TBX21_01	23	20	29	33	876	0.731341797282752	0.667014729914086	0.351738657381697	3.04994118239028	1	1	1
POU3F1_Q6	682	673	2439	2172	876	0.715879018682608	0.993591428293891	0.999961227496993	24.8021405052447	1	1	1
POU3F2_01	671	652	4284	3476	876	0.866763100526422	0.999939988822614	1	34.8669604358924	1	1	1
POU4F2_01	2	0	2	0	876	1	0.921528037414693	1	0	1	1	1
POU4F2_02	36	29	38	30	876	0.844043194959882	0.812689025785085	0.862492073030107	4.35161355540362	1	1	1
POU5F1_01	823	822	6950	6753	876	0.579026187657738	0.929398226978333	0.955095920351571	9.35385921883127	1	1	1
POU6F2_01	1	0	1	0	876	1	0.841620810695718	1	0	1	1	1
PPARG_02	830	850	10121	10316	876	0.0108043672075517	0.260834376756532	0.0860257020837287	-0.529507553736017	0.216173548199996	0.801341168590902	0.410105286657776
PRDM10_01	0	0	0	0	876	1	1	1	0	1	1	1
PRDM12_01	11	8	11	8	876	0.821682377899504	0.755555039683385	0.820348701224591	3.46446224821205	1	1	1
PRDM14_01	5	10	5	10	876	0.149828541594776	0.0975065717826902	0.150869395697083	-5.29216594336979	0.737571083885706	0.464837363757135	0.608983765113043
PRDM14_02	173	185	197	237	876	0.257296726739865	0.200510425555933	0.0305088349060156	-9.165827364441	0.961385742480713	0.676111373978238	0.195821709985363
PRDM15_01	47	57	49	58	876	0.181457977344699	0.157964031767556	0.219685047481795	-3.56851828283293	0.815823263996898	0.581413423876029	0.768261839454163
PRDM15_02	0	0	0	0	876	1	1	1	0	1	1	1
PRDM15_03	4	3	4	3	876	0.773906786634143	0.647673117225632	0.773430263801839	1.82772230392934	1	1	1
PRDM15_04	3	3	3	3	876	0.656518163790939	0.500186187822175	0.656241486864047	0	1	1	1
PRDM16_05	591	622	1197	1188	876	0.0601938877298916	0.458435671800475	0.580990689081853	0.606514429124536	0.521880326254058	1	1
PRDM1_03	590	592	1097	1099	876	0.479666572756622	0.653246832400046	0.49130820263218	-0.318295176115143	1	1	1
PRDM4_01	0	0	0	0	876	1	1	1	0	1	1	1
PRDM5_02	2	0	2	0	876	1	0.921528037414693	1	0	1	1	1
PRDM5_03	3	4	3	5	876	0.5	0.352166560596896	0.363270750557673	-3.03409617247989	1	0.953022217318696	1
PREP1_Q3	588	604	1161	1163	876	0.221111578789302	0.228234057811999	0.491540721220123	-0.469849666944871	0.912497784108088	0.738362461820314	1
PROX1_01	5	9	5	9	876	0.211029225652597	0.141696263265463	0.211963970250798	-4.47279214762879	0.889903573288106	0.581413423876029	0.766837316980825
PRRX2_05	0	0	0	0	876	1	1	1	0	1	1	1
PRX2_Q2	746	686	3941	3365	876	0.999921808219163	0.999987791294642	0.999999999993379	28.2271594097831	1	1	1
PSF_Q5	355	417	498	613	876	0.00165926898453559	0.000649075142084934	0.000308280472020585	-12.5167645006424	0.061171716563212	0.0156060240683899	0.00362721491547624
RARB_01	0	0	0	0	876	1	1	1	0	1	1	1
RBPJK_01	494	532	801	864	876	0.0363552788838369	0.0380100843780376	0.0641824858213726	-6.72469215364521	0.447336364390779	0.287939406315819	0.33170948279644
RELA_03	801	805	4464	4553	876	0.397738778993824	0.238715616799052	0.176239883482488	-4.17719084420711	1	0.748460517492135	0.667538736752164
REST_04	92	107	101	118	876	0.145909784327537	0.131892160343465	0.139749198162569	-5.49421766272666	0.737571083885706	0.569815348983875	0.581062455518052
RFX2_02	1	2	1	2	876	0.5	0.281962693640824	0.499992994942349	-2.74035549669463	1	0.833825505793454	1
RFX3BHLHA15_01	4	6	5	6	876	0.376600554463871	0.2638395602733	0.499987358033782	-1.733022403496	1	0.806095452105718	1
RFX3FIGLA_02	42	31	42	31	876	0.92453897553374	0.905728916483013	0.920136250344	8.36274408173739	1	1	1
RFX3HES7_01	9	12	9	12	876	0.330843907957469	0.25521309858523	0.331795323376896	-3.60633611407226	1	0.788451639763309	0.991798993661747
RFX3SREBF2_01	1	0	1	0	876	1	0.841620810695718	1	0	1	1	1
RFX3SRF_01	125	129	138	156	876	0.419362958900226	0.374386684309565	0.160674377516741	-6.32681407640197	1	0.980295868086451	0.630162629551475
RFX5_02	7	9	9	14	876	0.401358370041149	0.306169984999139	0.202422293687707	-4.71051789518235	1	0.872742276827442	0.746263522728681
RFX_Q6	450	479	672	768	876	0.0900579165277628	0.0195460961474259	0.00611350142000767	-9.71047818239525	0.614839849874726	0.180149852825442	0.0482966612180606
RLF_01	16	15	16	15	876	0.641163395433736	0.571961716686111	0.63993141593689	0.775496085802788	1	1	1
ROAZ_01	3	3	4	6	876	0.656518163790939	0.499069062917515	0.37694131312117	0	1	1	1
RORA2_01	288	269	377	339	876	0.847576340683551	0.850484348141746	0.927539744072334	6.93553717759889	1	1	1
RORA_05	0	0	0	0	876	1	1	1	0	1	1	1
RORA_06	0	0	0	0	876	1	1	1	0	1	1	1
RP58_01	40	44	40	48	876	0.368739234003772	0.321922535939716	0.227838954196171	-3.85291716143326	1	0.903670874998289	0.768261839454163
RREB1_01	715	758	2790	3450	876	0.00301526695494647	0.00113422682359559	3.02162133763532e-17	-35.4331848161471	0.104215164130337	0.0224009797660129	2.78492766618722e-15
RREB1_04	0	0	0	0	876	1	1	1	0	1	1	1
RREB1_05	0	0	0	0	876	1	1	1	0	1	1	1
RREB_Q5	283	323	382	465	876	0.0250427124124895	0.0189397765664606	0.00239838570898586	-12.1180551964753	0.381727779614118	0.179595443585983	0.0217427425749046
RUNX2_02	41	43	45	44	876	0.455522146798402	0.418113437627666	0.583838568923885	0.420129921305228	1	1	1
RUNX3_01	7	13	9	22	876	0.130209901977099	0.0891283527154521	0.0147221148938115	-8.55469942100708	0.712931443498374	0.445154170138462	0.103054804256681
RXRA_05	1	1	1	1	876	0.750142775556824	0.5003221179773	0.749995459665469	0	1	1	1
SALL1_01	162	155	186	188	876	0.690198271567696	0.640964841036608	0.479310951074298	-0.364597262584907	1	1	1
SALL1_03	41	54	44	59	876	0.102655763397033	0.0844149108148938	0.0837018953571056	-5.77837302118135	0.65684801142095	0.436275193276975	0.402496940282429
SALL3_01	395	323	540	439	876	0.999806251667046	0.999677926728081	0.999449097285963	15.1739895695616	1	1	1
SALL3_02	2	2	2	2	876	0.687714347008766	0.500227902085444	0.687493189494721	0	1	1	1
SATB1_Q3	173	166	214	200	876	0.685722616238531	0.668221580170244	0.769448128848854	3.82364735162286	1	1	1
SC1_01	5	3	5	3	876	0.856031732632414	0.760815683948365	0.855463131281158	3.74259142443134	1	1	1
SCRT2_01	4	7	4	7	876	0.273767683183764	0.182260812777014	0.27440294236066	-3.98278410973842	1	0.629938934160554	0.862186517758211
SIP1_Q6	2	2	2	2	876	0.687714347008766	0.500227902085444	0.687493189494721	0	1	1	1
SIX1_Q3	312	310	427	422	876	0.559527141478015	0.610972396204373	0.581476894133857	0.716242829216156	1	1	1
SIX3_Q6	565	495	1470	1260	876	0.999741783457174	0.999558835846407	0.999973567865481	18.7510148607704	1	1	1
SIX4_01	820	826	3542	3628	876	0.308266272397936	0.267707667764836	0.157089195392889	-5.01901954756471	1	0.813419452054694	0.620502321801911
SMAD3_Q6	801	805	3176	3275	876	0.397738778993824	0.210239424075448	0.110673422146729	-7.32651589456073	1	0.700375912733271	0.48190868068615
SMAD3_Q6_01	702	713	1755	1803	876	0.272231465330849	0.18193673646012	0.214991066258697	-4.16829891939219	1	0.629938934160554	0.768261839454163
SMAD4_Q6	845	854	6970	7240	876	0.132155816527909	0.0725728651392948	0.0117213829686169	-13.8289552626778	0.71649182882288	0.397354400218119	0.0864256637552683
SMAD5_02	3	3	3	3	876	0.656518163790939	0.500186187822175	0.656241486864047	0	1	1	1
SMAD5_Q5	820	839	7257	7679	876	0.0272850692774548	0.0225733984086656	0.000270500680815135	-12.6909620638897	0.397069560800856	0.187264153613537	0.00332415281090599
SMAD7_01	20	29	21	30	876	0.123069759640617	0.0964524598797813	0.131201361042124	-5.57213451214034	0.690065676756139	0.463810524465383	0.555934576643849
SNAP190_01	1	1	1	1	876	0.750142775556824	0.5003221179773	0.749995459665469	0	1	1	1
SOX10_03	0	0	0	0	876	1	1	1	0	1	1	1
SOX10_05	0	0	0	0	876	1	1	1	0	1	1	1
SOX10_08	655	689	1633	1750	876	0.0310288794628301	0.0527386618697641	0.0229224482071444	-8.79743235486595	0.428974258573625	0.326823857357067	0.156495232821616
SOX18_Q5_01	136	153	152	189	876	0.151514161298823	0.130037493647462	0.0255170760232781	-8.5314131686461	0.737571083885706	0.569815348983875	0.172084671230156
SOX5_01	610	586	1572	1486	876	0.900305125992586	0.892811653274096	0.942262757534308	7.12027652769069	1	1	1
SOX6TBX21_01	237	224	288	279	876	0.776241363066966	0.73813933739749	0.662665521619467	2.55627526754075	1	1	1
SOX8_07	0	0	0	0	876	1	1	1	0	1	1	1
SOX9_05	0	0	0	0	876	1	1	1	0	1	1	1
SOX9_09	553	528	1045	999	876	0.899350093855095	0.859182526113246	0.850763008456142	6.04065673028587	1	1	1
SOX_Q6	813	818	4485	4452	876	0.353202860255947	0.746496038854267	0.640427360862934	3.76097975659146	1	1	1
SP1SP3_Q4	416	472	2945	3044	876	0.00428197005592583	0.0217383305170619	0.10221290173389	-15.4956928316355	0.131551635607055	0.187264153613537	0.455836569829366
SP2_04	804	820	5839	6952	876	0.0841372344536394	2.91347549849313e-06	2.7467992218494e-23	-39.1212376798566	0.614839849874726	0.00015609609920749	3.79744992420679e-21
SP2_06	0	0	0	0	876	1	1	1	0	1	1	1
SP3_Q3	777	794	4082	4629	876	0.1045255425046	0.00136911609453099	2.23169768048125e-09	-28.1947136820726	0.65684801142095	0.0261076275957116	5.60967644230061e-08
SP5_Q2	45	58	50	65	876	0.111388399877282	0.0920213226807346	0.0957242979297878	-6.40258157563316	0.676898737715793	0.450334437543772	0.433897842255513
SPDEF_06	0	0	0	0	876	1	1	1	0	1	1	1
SPDEF_07	4	4	4	4	876	0.637031876637024	0.500161335814915	0.636708818002975	0	1	1	1
SPI1_06	635	612	1382	1306	876	0.897237637781827	0.959770116611527	0.931331010510015	7.56313083119697	1	1	1
SREBP1_02	790	805	3224	3878	876	0.120757441233704	2.83141117715896e-06	3.95313372266523e-15	-33.1238939463877	0.690065676756139	0.00015609609920749	1.82173579052823e-13
SREBP1_Q5	639	660	1348	1475	876	0.137566166697233	0.0636291522524535	0.00879790969244652	-11.9100847292843	0.72451514460543	0.366530429120904	0.0675728341655962
SRF_01	42	56	48	69	876	0.08812683854434	0.0740644569333204	0.0319866808687972	-10.2496115735919	0.614839849874726	0.401545536118884	0.196540383560498
STAF_05	0	0	0	0	876	1	1	1	0	1	1	1
STAT1_10	566	524	1178	995	876	0.982965628987773	0.999202725307971	0.99996111868496	24.2867040159832	1	1	1
STAT3_01	492	493	1299	1130	876	0.5	0.952597359596631	0.999722126424904	17.5013626441956	1	1	1
STAT5A_02	822	837	6826	6560	876	0.0676750644914987	0.899748590455639	0.989687206925564	16.661278358112	0.534633009482839	1	1
STAT5A_Q6	117	93	163	130	876	0.967133537607527	0.960763815367397	0.976592083405807	10.3770708480736	1	1	1
T3RBETA_Q6_01	607	613	1206	1346	876	0.397525475128577	0.375809627548513	0.00293983308389563	-14.4819824815178	1	0.980295868086451	0.0250111953137582
TAL1BETAITF2_01	678	700	1833	1937	876	0.11038324165605	0.0508335322396883	0.0464981108422844	-9.9170002944497	0.676898737715793	0.326823857357067	0.262382196895748
TAL1GATA1_02	66	47	67	51	876	0.974336842780429	0.966414669074764	0.941387263897605	8.81641696205523	1	1	1
TAL1_01	609	612	1229	1179	876	0.458601488153797	0.718420239931996	0.850713076366447	2.11615036828438	1	1	1
TAXCREB_01	619	644	1401	1670	876	0.100564034025093	0.00171134526379527	6.38131125165594e-07	-23.4988499741375	0.65684801142095	0.0295741853399619	1.17628837405524e-05
TAXCREB_02	843	853	6085	7034	876	0.110630993019966	6.29340380294025e-07	4.7993474163166e-17	-42.6929205279746	0.676898737715793	4.35031537878245e-05	3.79148445889011e-15
TBX15_02	0	0	0	0	876	1	1	1	0	1	1	1
TBX18_01	0	0	0	0	876	1	1	1	0	1	1	1
TBX1_01	0	0	0	0	876	1	1	1	0	1	1	1
TBX1_04	0	0	0	0	876	1	1	1	0	1	1	1
TBX1_05	0	0	0	0	876	1	1	1	0	1	1	1
TBX20_05	111	124	115	140	876	0.200124691085486	0.159809838027408	0.066315792942523	-7.92580602112459	0.861510566411986	0.581413423876029	0.333387577247411
TBX21_01	0	0	0	0	876	1	1	1	0	1	1	1
TBX5CSX_Q5	10	2	10	2	876	0.996908401572184	0.989748678427996	0.996825946118555	21.0715298690043	1	1	1
TBX5_04	0	0	0	0	876	1	1	1	0	1	1	1
TCF11MAFG_01	751	758	2443	2338	876	0.339200402870204	0.919058243135242	0.937523284792111	10.9825756126426	1	1	1
TEAD4ALX4_01	43	54	45	59	876	0.148071804402458	0.124794423924941	0.101063596115582	-7.22737433330933	0.737571083885706	0.561067613256034	0.454375354893631
TEAD4CEBPD_01	13	17	14	18	876	0.290690215781922	0.231059274440013	0.298287456472511	-4.43136918603685	1	0.739187522187383	0.931937646493212
TEAD4CLOCK_01	166	179	187	217	876	0.23549404532956	0.191150426636901	0.0744448121942563	-8.85440331035977	0.930201479051761	0.648504208160774	0.370882713003818
TEAD4ELK3_01	2	2	2	2	876	0.687714347008766	0.500227902085444	0.687493189494721	0	1	1	1
TEAD4EOMES_01	133	133	142	151	876	0.526534299697446	0.475067911291063	0.320086827614546	-3.34831738219401	1	1	0.967256916234119
TEAD4ERG_02	0	4	0	4	876	0.0622858978892728	0.0226884236746962	0.0624974704334587	0	0.521880326254058	0.187264153613537	0.326048124053799
TEAD4ESRRB_01	67	58	72	61	876	0.823314295287274	0.800802508141563	0.850947976005014	6.12740418417755	1	1	1
TEAD4ETV7_01	1	1	1	1	876	0.750142775556824	0.5003221179773	0.749995459665469	0	1	1	1
TEAD4FIGLA_01	19	16	20	16	876	0.752405729381409	0.696862655443224	0.797470191676474	3.57096518986545	1	1	1
TEAD4FOXI1_01	132	143	146	158	876	0.255692133547148	0.244119681333582	0.264019899279544	-3.45764101808339	0.961385742480713	0.758416762794781	0.848098667236679
TEAD4GATA3_01	34	40	34	41	876	0.276421190154165	0.236699196976637	0.244311779453829	-4.39432054105821	1	0.748460517492135	0.818031631628207
TEAD4MAX_02	6	10	6	11	876	0.226197270837912	0.157269944088515	0.166142175469051	-6.43241863732734	0.913044458199747	0.581413423876029	0.647018472073135
TEAD4ONECUT2_01	3	3	3	3	876	0.656518163790939	0.500186187822175	0.656241486864047	0	1	1	1
TEAD4RFX5_01	13	22	13	22	876	0.0855621390995262	0.0622604693545448	0.0877218339513668	-9.99436896873533	0.614839849874726	0.362421468979614	0.411304994132245
TEAD4SOX15_01	182	188	218	218	876	0.384900876470182	0.396310536258833	0.519019309620401	-0.179517812070711	1	1	1
TEAD4SOX6_01	11	14	11	16	876	0.343946746375636	0.272107587834321	0.221018039754176	-5.33382800625934	1	0.822270470340873	0.768261839454163
TEF3_Q3	760	710	4019	3227	876	0.999554023441595	0.999999978833759	1	39.0581117407729	1	1	1
TEF_01	353	370	481	524	876	0.218748331263026	0.18941778185142	0.0924905323093043	-6.25334450569186	0.90953253525153	0.646592798542195	0.422704664190457
TEF_05	1	0	1	0	876	1	0.841620810695718	1	0	1	1	1
TEF_08	1	0	1	0	876	1	0.841620810695718	1	0	1	1	1
TFAP2B_04	112	125	203	206	876	0.200967202653067	0.219586480810659	0.460540098738781	-1.54041190392152	0.861510566411986	0.723331099157651	1
TFAP2CDLX3_03	106	121	114	139	876	0.159632847021768	0.130060774497406	0.0655537350949502	-9.19938386157603	0.756481205937851	0.569815348983875	0.332579958784472
TFAP2CELK1_01	3	17	3	18	876	0.00122091891444969	0.000821614021117515	0.000744671568367467	-15.4410136275267	0.0562640133075563	0.0168278723584439	0.00791929571744634
TFAP2CHOXB13_01	30	29	31	30	876	0.604318944884922	0.55266510921583	0.600896977730948	0.730396915645789	1	1	1
TFAP2CMAX_02	6	10	6	10	876	0.226197270837912	0.157683434645015	0.227236781717316	-5.83190574403149	0.913044458199747	0.581413423876029	0.768261839454163
TFAP2CONECUT2_01	13	10	13	10	876	0.799132086124449	0.735570900249481	0.797552229676666	4.41619495273532	1	1	1
TFAP4MAX_02	5	4	5	4	876	0.746657377946643	0.63099086162587	0.746085066557834	2.18006933548165	1	1	1
TFCP2_03	21	22	24	33	876	0.5	0.435819030721572	0.144602210820832	-6.38935997791281	1	1	0.592333500621632
TFE_Q6	382	390	550	617	876	0.368118673924844	0.172002561894929	0.0266003752653824	-4.44542200866086	1	0.617645563168155	0.175365386680239
TFIIIA_03	0	1	0	1	876	0.5	0.15893163388081	0.499995329963989	0	1	0.581413423876029	1
TFIIIA_04	0	0	0	0	876	1	1	1	0	1	1	1
TFIII_Q6	761	778	3136	3226	876	0.121033234832635	0.0492148615526145	0.131695170959031	-8.00456852748079	0.690065676756139	0.323997838554712	0.555934576643849
TFIII_Q6_01	802	828	3705	3865	876	0.00931359614110834	0.142696946963024	0.0334811818368423	-8.36921783258781	0.198093025616651	0.581413423876029	0.201251016910585
THAP1_01	837	860	7291	7939	876	0.00114063068004621	0.000396902884856984	6.99247879967325e-08	-32.0284920211901	0.0562640133075563	0.0102054542166274	1.43216325045159e-06
THRA_01	0	1	0	1	876	0.5	0.15893163388081	0.499995329963989	0	1	0.581413423876029	1
THRB_02	0	0	0	0	876	1	1	1	0	1	1	1
THRB_03	0	0	0	0	876	1	1	1	0	1	1	1
TITF1_Q3	788	798	4466	4167	876	0.231462208802203	0.966202289764569	0.999392795792556	13.8182314563669	0.927016457055574	1	1
TP63_01	0	0	0	0	876	1	1	1	0	1	1	1
TRF1_01	1	0	1	0	876	1	0.841620810695718	1	0	1	1	1
TRPS1_Q3	21	21	21	21	876	0.56193955089851	0.500071109287971	0.561169497165762	0	1	1	1
TST1_01	791	763	5828	5170	876	0.985776578463299	0.999780967867022	0.99999999985379	31.3836162049062	1	1	1
VDR_01	3	0	3	0	876	1	0.958514362136887	1	0	1	1	1
WT1_01	504	540	2649	2868	876	0.044174458413443	0.0417673280217371	0.00163989028353904	-21.5105523451008	0.469778375050653	0.29237129615216	0.0153704970643574
YY1_08	779	794	2656	2649	876	0.134703035187866	0.636121688751631	0.543519783077725	0.43914695684647	0.72253091956284	1	1
YY1_12	775	799	2537	2705	876	0.034350362686618	0.0663967854388077	0.0104286982489844	-10.5114157146292	0.443352689422959	0.374667574976129	0.0790009607080601
ZASC1_01	1	0	1	0	876	1	0.841620810695718	1	0	1	1	1
ZASC1_02	0	0	0	0	876	1	1	1	0	1	1	1
ZBP89_Q4_01	484	516	2758	3002	876	0.0672748444369869	0.0385772037858042	0.000668912217247279	-17.7057748692228	0.534633009482839	0.288286401264186	0.00725310698309305
ZBTB11_02	0	0	0	0	876	1	1	1	0	1	1	1
ZBTB1_01	0	0	0	0	876	1	1	1	0	1	1	1
ZBTB26_01	0	0	0	0	876	1	1	1	0	1	1	1
ZBTB2_Q3	287	285	373	373	876	0.560735121987644	0.497895101390091	0.514502489133607	-0.387181514533258	1	1	1
ZBTB2_Q3_01	688	718	2057	2276	876	0.0408508320029584	0.00209949310515289	0.000455331301014581	-16.2364101319879	0.454675129828423	0.0331719910614157	0.00513873896859313
ZBTB33_05	23	36	28	44	876	0.0556408933753042	0.0417103436447928	0.0381752634114749	-8.08785800056583	0.521880326254058	0.29237129615216	0.22458426241006
ZBTB34_01	19	22	19	24	876	0.376193257491412	0.31538867427975	0.271169340105441	-3.26042599227148	1	0.894409932701036	0.861819799300625
ZBTB38_01	0	4	0	4	876	0.0622858978892728	0.0226884236746962	0.0624974704334587	0	0.521880326254058	0.187264153613537	0.326048124053799
ZBTB38_02	42	32	43	32	876	0.904487628432209	0.883359989848275	0.917277797713383	6.12186135812143	1	1	1
ZBTB40_01	236	236	301	300	876	0.521470801261195	0.479726494010558	0.532419809348557	0.234313561471367	1	1	1
ZBTB40_02	33	26	36	35	876	0.855346614251233	0.819815124791488	0.59367674372303	1.89753227098731	1	1	1
ZBTB41_01	0	0	0	0	876	1	1	1	0	1	1	1
ZBTB44_01	569	589	1025	1088	876	0.168806081954206	0.06860749386002	0.0885086696233946	-4.2650410954378	0.784451792610721	0.383231758632233	0.411304994132245
ZBTB46_01	4	2	4	2	876	0.891026785626447	0.7933589608384	0.890620986631386	4.36025354109951	1	1	1
ZBTB49_01	0	0	0	0	876	1	1	1	0	1	1	1
ZBTB49_02	1	1	1	1	876	0.750142775556824	0.5003221179773	0.749995459665469	0	1	1	1
ZBTB5_01	177	196	198	238	876	0.146736926529241	0.0997445481683757	0.0308073937951655	-7.09974126543575	0.737571083885706	0.467446907941625	0.195821709985363
ZEC_01	0	0	0	0	876	1	1	1	0	1	1	1
ZF5_B	800	813	7867	10172	876	0.144381755710845	4.34170904263277e-07	4.72107340560479e-67	-62.0405823070021	0.737571083885706	3.43920276237018e-05	2.61075359329945e-64
ZFP41_02	2	3	2	3	876	0.5	0.327360212095827	0.499991243673392	-2.00201593707464	1	0.909699483864284	1
ZFP64_03	13	13	13	13	876	0.578071807256196	0.500089958449064	0.577472213136825	0	1	1	1
ZFP64_04	0	0	0	0	876	1	1	1	0	1	1	1
ZFP64_05	0	0	0	0	876	1	1	1	0	1	1	1
ZFP64_06	0	0	0	0	876	1	1	1	0	1	1	1
ZFP91_01	0	0	0	0	876	1	1	1	0	1	1	1
ZFPM1_01	7	6	7	6	876	0.710193527800956	0.609732951778537	0.709461569343925	1.29234108534307	1	1	1
ZFX_01	150	190	217	286	876	0.00919340878684452	0.00627679517915147	0.00119584913963333	-16.5660698208576	0.198093025616651	0.073852504980229	0.01160183463539
ZFX_03	43	43	45	46	876	0.543987039989136	0.497885637547912	0.499964356181764	-0.82305396453384	1	1	1
ZFX_04	0	0	0	0	876	1	1	1	0	1	1	1
ZGPAT_01	763	816	7032	7813	876	1.38243593148026e-05	0.00015706619813182	6.41341956792186e-11	-32.2825730837849	0.00764487070108585	0.00542860047293104	1.97034501170044e-09
ZID_01	102	98	113	109	876	0.646369435342385	0.616586946265886	0.631317745286126	1.31358199753776	1	1	1
ZNF131_01	1	0	1	0	876	1	0.841620810695718	1	0	1	1	1
ZNF131_02	0	0	0	0	876	1	1	1	0	1	1	1
ZNF135_01	10	9	10	9	876	0.67710894615295	0.591291063592998	0.676183063423544	1.05514818977892	1	1	1
ZNF135_02	18	19	18	19	876	0.5	0.43410764535649	0.499977180859919	-0.79582057055251	1	1	1
ZNF135_03	57	60	60	61	876	0.424150982319688	0.392251412520437	0.499958926303534	-0.444587137168304	1	1	1
ZNF135_04	1	1	1	1	876	0.750142775556824	0.5003221179773	0.749995459665469	0	1	1	1
ZNF143_03	0	1	0	1	876	0.5	0.15893163388081	0.499995329963989	0	1	0.581413423876029	1
ZNF236_01	0	0	0	0	876	1	1	1	0	1	1	1
ZNF236_02	10	1	10	1	876	0.999526898755135	0.996752934758832	0.999511682517415	29.6986976145559	1	1	1
ZNF236_04	0	0	0	0	876	1	1	1	0	1	1	1
ZNF236_05	4	0	4	0	876	1	0.97737305135008	1	0	1	1	1
ZNF236_06	10	8	10	8	876	0.760809354006219	0.682242941480944	0.759647380045203	2.29181571262797	1	1	1
ZNF236_07	13	7	14	8	876	0.943376130043109	0.911120676260911	0.933095157609488	8.12952053879548	1	1	1
ZNF236_08	1	1	2	1	876	0.750142775556824	0.500644235639536	0.87499669202703	0	1	1	1
ZNF282_01	4	11	4	11	876	0.0584491046060325	0.0348107480141238	0.0592296261594886	-8.48094974946422	0.521880326254058	0.271131600729725	0.324296864021754
ZNF282_02	0	1	0	1	876	0.5	0.15893163388081	0.499995329963989	0	1	0.581413423876029	1
ZNF295_01	824	845	9516	10686	876	0.0119827331766784	0.000198221566496602	6.60396426117454e-17	-47.6959579992202	0.220881714890105	0.00576929085645373	4.5649902955369e-15
ZNF312_01	0	0	0	0	876	1	1	1	0	1	1	1
ZNF319_01	58	64	65	66	876	0.319501328169925	0.29900949838212	0.499957269361274	-0.427465434620431	1	0.856747422825453	1
ZNF319_02	12	9	12	10	876	0.809794326968319	0.743980675592572	0.738253267979717	2.04984650735177	1	1	1
ZNF335_01	0	0	0	0	876	1	1	1	0	1	1	1
ZNF335_02	0	0	0	0	876	1	1	1	0	1	1	1
ZNF339_01	6	5	6	5	876	0.726232316816236	0.618948828813344	0.725575987717508	1.48453127357363	1	1	1
ZNF341_01	34	48	40	55	876	0.0705099077923759	0.0572857003179343	0.0752410731524766	-6.73104187815598	0.543472672510769	0.340634325546427	0.371502798690353
ZNF362_01	4	2	4	2	876	0.891026785626447	0.7933589608384	0.890620986631386	4.58373729813623	1	1	1
ZNF366_02	0	1	0	1	876	0.5	0.15893163388081	0.499995329963989	0	1	0.581413423876029	1
ZNF367_01	196	216	223	258	876	0.142230189026403	0.102966449723176	0.0604458185163626	-6.8831573026028	0.737571083885706	0.474503722474303	0.324742220724275
ZNF384_02	96	73	106	87	876	0.974075326617242	0.966145213754644	0.925100144028405	7.25234652309141	1	1	1
ZNF410_01	0	0	0	0	876	1	1	1	0	1	1	1
ZNF436_01	17	11	17	11	876	0.909299806280704	0.873471452918335	0.90752670789461	5.95465824197593	1	1	1
ZNF436_02	6	8	6	8	876	0.394842800927642	0.295906156941589	0.395249596037923	-2.39877042970835	1	0.856733532925124	1
ZNF438_01	33	27	33	27	876	0.821048121600424	0.784691406331415	0.816837489448891	4.13700891945153	1	1	1
ZNF450_01	31	39	32	41	876	0.19665822880272	0.163882005354213	0.174565753810213	-3.91787255462183	0.856314964786646	0.59233169255477	0.665757667979641
ZNF499_01	4	5	4	5	876	0.5	0.369296925167103	0.499988507309401	-1.55082799641012	1	0.974814078372723	1
ZNF507_01	35	45	40	47	876	0.151489879380254	0.131407239724875	0.260112737808792	-3.0885089929208	0.737571083885706	0.569815348983875	0.841183298293928
ZNF513_01	0	0	0	0	876	1	1	1	0	1	1	1
ZNF515_02	0	0	0	0	876	1	1	1	0	1	1	1
ZNF516_01	184	162	205	182	876	0.916278435574756	0.910507148889864	0.888777972974211	5.10580399449768	1	1	1
ZNF521_01	3	4	3	4	876	0.5	0.352647882443025	0.499989784280324	-1.73383753522811	1	0.953022217318696	1
ZNF521_02	0	0	0	0	876	1	1	1	0	1	1	1
ZNF521_03	1	4	1	13	876	0.187142754985389	0.0896076626446587	0.000915391896694946	-11.0811488032649	0.821348757991431	0.445154170138462	0.00937429109022788
ZNF536_01	43	40	45	40	876	0.673467088915386	0.635956439255828	0.742263904339694	2.34541776722668	1	1	1
ZNF536_03	0	0	0	0	876	1	1	1	0	1	1	1
ZNF592_02	827	821	3552	3655	876	0.760364475779334	0.221761623569497	0.11418831328771	-5.96285310439268	1	0.725646022685987	0.493329197250811
ZNF651_01	1	0	1	0	876	1	0.841620810695718	1	0	1	1	1
ZNF652_03	0	0	0	0	876	1	1	1	0	1	1	1
ZNF672_02	11	9	11	9	876	0.74952079771441	0.673614682895783	0.748265321269603	1.94433988569803	1	1	1
ZNF672_03	45	36	49	37	876	0.872443809640985	0.850032929969069	0.919702532318176	6.51915219795304	1	1	1
ZNF687_01	0	0	0	0	876	1	1	1	0	1	1	1
ZNF710_01	2	5	2	5	876	0.226093213365857	0.128102010794934	0.226554412634548	-4.89964211978144	0.913044458199747	0.569815348983875	0.768261839454163
ZNF710_02	0	0	0	0	876	1	1	1	0	1	1	1
ZNF711_02	5	4	5	5	876	0.746657377946643	0.630271092876895	0.623035701497632	1.32737320600684	1	1	1
ZNF76_01	1	1	1	1	876	0.750142775556824	0.5003221179773	0.749995459665469	0	1	1	1
ZNF770_01	22	19	22	22	876	0.736095662467051	0.680885248310424	0.55977819521179	0	1	1	1
ZNF775_02	20	12	21	12	876	0.946531423529494	0.923575542488631	0.959925000013401	8.17042264504029	1	1	1
ZNF777_02	822	838	4869	5681	876	0.0538434316139829	3.1049856985215e-06	1.16616946351887e-15	-44.88380000014	0.521880326254058	0.00015609609920749	6.44891713325933e-14
ZXDB_01	316	348	533	709	876	0.0634130939146409	0.0327509778678989	3.25347205703131e-07	-16.2352936127434	0.523394640817857	0.258732725156402	6.27754921995193e-06
ZXDL_01	0	0	0	0	876	1	1	1	0	1	1	1
