transcription_factor	no_search_sites	no_background_sites	sum_search_sites	sum_background_sites	no_gene_sites	fisher_pval	wilcox_pval	fisher_pval2	zscore	fisher_adjusted	wilcox_adjusted	fisher2_adjusted
AEBP2_02	0	0	0	0	1027	1	1	1	0	1	1	1
AFP1_Q6	61	53	65	54	1027	0.250043765754539	0.216285468334629	0.179676597002067	4.71318836792532	0.830040089745544	0.808147729655743	0.844256065773852
AHRARNT_01	737	625	1753	1412	1027	1.05201210401142e-07	7.41090527761229e-08	7.09168322960215e-10	33.475690978738	6.46402992798127e-06	2.41072389324682e-06	1.50834647152692e-08
AHRARNT_02	760	703	1884	1627	1027	0.00315924798516064	4.85821829374902e-05	7.60925318682617e-06	26.1927349746994	0.0253197700839686	0.000790174916600944	0.000120226200351853
AHR_01	880	823	2425	2239	1027	0.00050450516057802	0.00152419187514908	0.00334480721158399	15.3086533446319	0.00549067380185335	0.0183234371077705	0.0348995922265273
AIOLOS_01	7	7	7	7	1027	0.605095015208697	0.500104148972674	0.604738599568259	0	1	1	1
ALX4_01	0	0	0	0	1027	1	1	1	0	1	1	1
AMYB_01	1	1	1	1	1027	0.7501217730151	0.500274745372585	0.75000077454255	0	1	1	1
AP1FJ_Q2	920	895	2603	2642	1027	0.0492405836706474	0.598011346663996	0.709884700346979	-2.47158567475322	0.27230042769868	1	1
AP2ALPHA_03	984	948	20013	16642	1027	0.000506373171599495	2.34953868199823e-08	7.3892727684828e-71	62.9374354418173	0.00549067380185335	9.280677793893e-07	1.36208928032366e-68
AP2_Q6	916	856	10280	8878	1027	7.41370109613809e-05	2.30445365469143e-07	1.35810718589676e-24	50.6221893920874	0.0010512247964524	5.54070813497548e-06	6.82757521637192e-23
AP4_01	0	0	0	0	1027	1	1	1	0	1	1	1
APA1_02	3	1	3	1	1027	0.312317206889207	0.158596164930045	0.312500829868356	6.48250805407198	0.909007449524901	0.655721722283127	1
AREB6_01	894	864	2282	2292	1027	0.0341627466013492	0.457068824571543	0.5647007686123	-0.475140169238448	0.203139772801571	1	1
ARNTLBHLHA15_01	0	4	0	4	1027	1	0.977354950211316	1	0	1	1	1
ARNTL_01	2	3	4	6	1027	0.812804655184657	0.672954355849201	0.828126633800555	-1.82830907226905	1	1	1
AR_02	729	697	1384	1314	1027	0.0688026666981642	0.0687764457924152	0.0918985943023857	8.82263352838057	0.352295135963748	0.4321974377637	0.546450781174401
AR_12	0	0	0	0	1027	1	1	1	0	1	1	1
ATF3_05	2	3	2	3	1027	0.812804655184657	0.672954355849201	0.812501106489122	-2.00193488037088	1	1	1
ATF4TEF_01	22	15	22	20	1027	0.159795102618015	0.125034313088031	0.438810008189564	1.51703647610426	0.626714125870653	0.621634176611201	1
BACH1_01	192	208	237	262	1027	0.828233399310877	0.811690883539228	0.877817703242664	-6.71741270559859	1	1	1
BATF3_01	0	1	0	2	1027	1	0.841580240635145	1	0	1	1	1
BATFJUN_01	37	40	41	44	1027	0.678769259658208	0.635750783507363	0.667684684884031	-1.77717635759275	1	1	1
BATF_04	0	0	0	0	1027	1	1	1	0	1	1	1
BCL11A_03	67	52	73	54	1027	0.0929408174408421	0.0760050469577755	0.0549214247148339	6.30171450162369	0.441862153660229	0.444093543499089	0.404953971564042
BCL6_02	883	862	2757	2859	1027	0.108504992612708	0.832594290791327	0.915629804306723	-6.41766865149014	0.490202338534632	1	1
BEN_02	1020	999	9066	7573	1027	0.00022840167498714	1.09400712055834e-15	1.6903723177511e-31	45.757926614726	0.00268736438867848	3.02492968834382e-13	1.16846986464545e-29
BMAL1_Q6	315	329	405	403	1027	0.762196558928392	0.619137953045854	0.485982147125028	0.407697197554897	1	1	1
BRACH_01	0	0	0	0	1027	1	1	1	0	1	1	1
BRN3B_01	1	5	1	5	1027	0.984488995243641	0.949015644393603	0.984375228212489	-5.44121770774195	1	1	1
BTEB3_Q5	1001	957	12885	11582	1027	2.45497418865761e-06	1.33786909075386e-07	2.85807043244288e-17	50.2951733391095	6.85732629270976e-05	3.52305527231849e-06	1.05367529942727e-15
CACCCBINDINGFACTOR_Q6	902	812	4094	3545	1027	5.51496298205158e-08	1.07579829033019e-07	1.65991182192718e-10	37.2036719149528	5.08295754845754e-06	3.13113923448734e-06	3.99100538054665e-09
CARF_01	6	2	6	2	1027	0.144051184115243	0.0783459099382932	0.14453168568108	9.2742966969292	0.581462078946931	0.444093543499089	0.730666232736435
CDC5_01	151	150	167	176	1027	0.5	0.508830291331256	0.705374372388912	-2.22828845714805	1	1	1
CDPCR3_01	796	745	1696	1731	1027	0.00538642811163744	0.498765080463549	0.730885542027183	-3.06811395013915	0.0391933519175724	1	1
CDP_01	890	883	3351	3852	1027	0.350052835223447	0.995411370945559	0.999999998455382	-25.9407317254001	0.960610752309895	1	1
CDP_Q6_01	767	775	2013	2451	1027	0.676890546423468	0.999267872956191	0.999999999976844	-30.1916789807056	1	1	1
CEBPGELF1_01	93	59	98	65	1027	0.00263123479560655	0.00226548058060652	0.00597926898650983	16.6588919403779	0.0213981300289768	0.0255675665525593	0.0570092370610334
CEBPG_Q6	883	871	3970	4751	1027	0.245984761847472	0.99982072294892	1	-37.0298774630989	0.830040089745544	1	1
CIZ_03	1	1	1	1	1027	0.7501217730151	0.500274745372585	0.75000077454255	0	1	1	1
CLOCKFIGLA_01	142	118	168	140	1027	0.0634100206376987	0.0565106003550971	0.0618877008927635	11.0554557876003	0.333959442025213	0.376510385498418	0.426698663993089
CLOCKNHLH1_01	45	50	49	54	1027	0.735660914492672	0.69811147712339	0.722708515938818	-1.92261207213665	1	1	1
CMYB_01	0	0	0	0	1027	1	1	1	0	1	1	1
CMYC_02	596	563	1395	1266	1027	0.0772202754455438	0.0482954366867663	0.00651145718680407	7.43035611122847	0.377900993994564	0.346849045295867	0.0600139304050441
COE2_02	0	0	0	0	1027	1	1	1	0	1	1	1
CP2_01	1020	994	6454	6338	1027	1.79373427289887e-05	0.0802544027951142	0.153977112360315	5.37683921970146	0.000330645017637692	0.448289744906042	0.759774674612393
CPEB1_01	680	711	1568	1957	1027	0.934517488065871	0.999838828198488	0.999999999976567	-23.1510972350283	1	1	1
CREB3L1_02	0	0	0	0	1027	1	1	1	0	1	1	1
CREBP1_Q2	632	587	1283	1169	1027	0.0240311715413674	0.00898840945435369	0.0112000703651538	10.6322271833672	0.151014066617911	0.0828431738042932	0.101535064130001
CRX_02	457	482	610	773	1027	0.875261367107622	0.976115011622689	0.999994978977676	-22.1424235473348	1	1	1
CTCF_04	874	784	3730	2985	1027	2.94623187261481e-07	2.16871674603885e-09	4.43969032765558e-20	51.940216901665	1.48115111414181e-05	9.99416967132903e-08	1.75367767942395e-18
CTCF_06	992	966	5743	5367	1027	0.00432406404276586	0.000164381405831673	0.000180759307260167	15.2939340247566	0.0323136137249935	0.00227257293562288	0.00249899742287181
CTF1_01	846	758	2599	2329	1027	1.64248657705793e-06	6.44917979714647e-05	6.22976572707789e-05	15.762902699717	5.34291221831197e-05	0.000990665674394999	0.000931097418128128
CTIP2_01	4	1	4	1	1027	0.187195344815343	0.0897147256450558	0.187500553245755	9.79914458794627	0.704211059067243	0.481672264871028	0.864065049540852
CUX1HOXA13_01	4	5	4	5	1027	0.74657428496647	0.630927138851347	0.746095492722102	-1.84484270702476	1	1	1
CUX1HOXB13_01	14	16	14	17	1027	0.709065960200395	0.644472424433866	0.76343899585304	-2.84968078646195	1	1	1
CUX1NHLH1_02	5	1	5	1	1027	0.109032346545678	0.0510677910313419	0.109375311200703	19.0792250397599	0.490202338534632	0.362057544106821	0.63004736556238
CUX1RFX5_01	20	22	20	22	1027	0.679746268314248	0.622436785324623	0.678020175322992	-2.02321646289506	1	1	1
CUX1SRF_01	1	1	1	1	1027	0.7501217730151	0.500274745372585	0.75000077454255	0	1	1	1
CUX1_06	2	3	2	4	1027	0.812804655184657	0.673268781483298	0.890625933599353	-2.3816356940761	1	1	1
CUX2_02	0	1	0	1	1027	1	0.841580240635145	1	0	1	1	1
DEAF1_02	58	51	62	62	1027	0.277491410259897	0.246479424408484	0.535760785983083	0.855708176440916	0.862094100414175	0.857252337722589	1
DEC_Q1	824	844	2153	2243	1027	0.882225707040391	0.94809317936451	0.915271229701286	-8.80166920987346	1	1	1
DLX3_01	593	650	1490	1954	1027	0.995588192548591	0.999975922690177	0.999999999999999	-37.9060280967735	1	1	1
DMRT2_01	49	43	54	44	1027	0.297001237117715	0.255597618022741	0.181675355926019	5.27579647825535	0.892617848511394	0.861862699796193	0.844256065773852
DRRS_02	60	54	61	55	1027	0.315041519245872	0.28183023197946	0.321334568196377	2.40511088258867	0.912135916978886	0.885888207596384	1
E2F1EOMES_02	45	33	48	34	1027	0.101935087470543	0.0821342349271996	0.0753356093725337	10.1413622198067	0.465868622902562	0.454202319147414	0.471715689290643
E2F1HES7_02	38	30	43	34	1027	0.194065569779	0.1628451422328	0.181014873707743	7.45575263812793	0.720256779112663	0.667061952998064	0.844256065773852
E2F1NHLH1_01	25	20	26	20	1027	0.273517042188932	0.224747302444817	0.230696049622213	6.68725503667149	0.859485179799779	0.817857232637054	1
E2F2_05	0	0	0	0	1027	1	1	1	0	1	1	1
E2F3DRGX_01	23	11	24	11	1027	0.0277833066476131	0.0189284669329854	0.020479408797107	12.9551928656844	0.170548587986563	0.164793923348441	0.174232508689234
E2F3FOXI1_01	72	53	76	58	1027	0.0481525913266472	0.0404317276761493	0.0708270547947396	8.82900598130335	0.268973565693292	0.310538130623758	0.466278110732036
E2F3ONECUT2_01	0	0	0	0	1027	1	1	1	0	1	1	1
E2F7_01	0	1	0	1	1027	1	0.841580240635145	1	0	1	1	1
E2F_01	993	967	4462	4459	1027	0.00399257025261203	0.127084416042056	0.491586508558018	2.51165148744683	0.0310970612633021	0.621634176611201	1
E4BP4_01	39	38	42	42	1027	0.5	0.455704561181226	0.543404466188454	1.0381705404327	1	1	1
EGR3_05	2	0	2	0	1027	0.249878226984901	0.0787001216327499	0.250000553245351	0	0.830040089745544	0.444093543499089	1
EGR4_02	0	0	0	0	1027	1	1	1	0	1	1	1
EGR_Q6	770	653	3384	3046	1027	1.35212750574971e-08	1.13883879333822e-07	1.27993602425469e-05	30.7491221474506	2.4924217022653e-06	3.14888926358018e-06	0.000196612394836902
ELK1FOXI1_01	3	1	3	1	1027	0.312317206889207	0.158596164930045	0.312500829868356	7.87503468898301	0.909007449524901	0.655721722283127	1
ELK1HOXA3_01	31	22	33	23	1027	0.132703697029074	0.104955893182904	0.114401807600691	9.9370352052089	0.543593662645024	0.547979212836354	0.637403122507068
ELK1PAX9_01	0	0	0	0	1027	1	1	1	0	1	1	1
ELK1SREBF2_02	12	6	12	6	1027	0.117904411646162	0.0778220433956697	0.118942448798384	9.74730313834402	0.513394800317542	0.444093543499089	0.638593924131132
ERBETA_Q5	792	787	1907	1904	1027	0.417105392961523	0.525699644532643	0.487099643754684	0.184008672318341	1	1	1
ERFCLOCK_01	29	26	30	27	1027	0.392430009338803	0.341119493315751	0.395685799446199	2.49503904746832	1	0.987639161275446	1
ERFMAX_01	0	0	0	0	1027	1	1	1	0	1	1	1
ERFONECUT2_01	5	5	5	5	1027	0.623347429594474	0.500123110088719	0.623048781104423	0	1	1	1
ERFSREBF2_02	4	5	4	7	1027	0.74657428496647	0.631907992219249	0.88672017633226	-4.58306844626687	1	1	1
ESRRG_02	0	1	0	1	1027	1	0.841580240635145	1	0	1	1	1
ETS1_03	0	1	0	2	1027	1	0.841580240635145	1	0	1	1	1
ETV2ONECUT2_01	1	3	1	3	1027	0.937682614993268	0.841639444218065	0.937500497919398	-4.69108276832229	1	1	1
ETV2RFX5_02	1	1	1	1	1027	0.7501217730151	0.500274745372585	0.75000077454255	0	1	1	1
ETV2SPDEF_01	0	2	0	2	1027	1	0.921501926259605	1	0	1	1	1
ETV2TBX21_03	4	3	4	3	1027	0.500000000000001	0.352659794838937	0.500001452269945	2.70873876288389	1	0.991816334561491	1
ETV2TCF3_01	86	77	89	82	1027	0.256913248350957	0.234192285966392	0.323241672188834	3.28209241321585	0.836079625349886	0.837105447777679	1
ETV5EOMES_01	239	193	287	228	1027	0.00738722782351689	0.00602249063993819	0.00525859690903291	20.1760216759534	0.0517105947646183	0.0584287249804529	0.0519286444767
ETV5HES7_01	717	573	2449	1712	1027	3.02495950897566e-11	2.06700946167312e-14	1.17451535487509e-30	69.0864956417383	1.67280260846354e-08	3.81018744101745e-12	7.21674434717694e-29
ETV6_01	14	13	14	13	1027	0.500000000000001	0.42328690135325	0.500002778071897	1.00073003774397	1	1	1
ETV7TBX21_01	17	17	17	17	1027	0.568485932054396	0.500067161277993	0.567920456913703	0	1	1	1
EVI1_01	24	21	96	23	1027	0.381722518312199	0.324551752735021	4.26308687182244e-12	24.4934567590435	1	0.950826684394549	1.30971502228767e-10
EVI1_03	59	61	63	66	1027	0.611054092515453	0.576459916493267	0.637582259299853	-1.00054655174	1	1	1
EVI1_09	0	0	0	0	1027	1	1	1	0	1	1	1
EVX2_03	884	855	3994	4955	1027	0.0431545954227543	0.999948995128503	1	-37.9524808061884	0.246025683183331	1	1
EVX2_04	11	11	11	11	1027	0.584547944105059	0.500083245525948	0.584096913474372	0	1	1	1
FKHL14_Q2	234	225	332	331	1027	0.335890565546625	0.254427949077604	0.500013646551896	1.80222217525266	0.952551193575813	0.861862699796193	1
FLI1CEBPB_01	0	0	0	0	1027	1	1	1	0	1	1	1
FOXC1_Q4	697	704	1916	1994	1027	0.647672565783085	0.912528699165747	0.896990381987652	-5.39886775515734	1	1	1
FOXD2_04	0	0	0	0	1027	1	1	1	0	1	1	1
FOXG1_01	0	0	0	0	1027	1	1	1	0	1	1	1
FOXG1_02	1	0	1	0	1027	0.5	0.158890977913091	0.50000066389395	0	1	0.655721722283127	1
FOXI1_03	0	0	0	0	1027	1	1	1	0	1	1	1
FOXJ2_02	653	686	2123	2731	1027	0.942368384890357	0.999795108883866	1	-36.9004032812161	1	1	1
FOXJ2_03	1	5	1	5	1027	0.984488995243641	0.949015644393603	0.984375228212489	-6.51202367520087	1	1	1
FOXL2_Q2	267	328	360	468	1027	0.998726373867738	0.999270431739804	0.999925839763017	-17.8609250366285	1	1	1
FOXL2_Q5	693	718	1429	1601	1027	0.89198299812815	0.993991198900647	0.999171858478731	-13.4932302763565	1	1	1
FOXM1_Q3	939	923	4897	5421	1027	0.127750081064261	0.994729002597291	0.999999889953841	-22.4189749220674	0.531171389688242	1	1
FOXN4_01	1026	1014	15853	14070	1027	0.000886071621396552	4.56840574479362e-11	1.64031694634128e-25	67.9503674311384	0.00875244399349103	3.15791047108859e-09	9.07095271326727e-24
FOXO1ETV7_01	8	6	9	6	1027	0.394904984791304	0.295451683703187	0.303620601611151	5.43183422722869	1	0.917892028583496	1
FOXO3_01	631	627	1310	1439	1027	0.445964501112014	0.852550063334139	0.993456996769732	-10.0021001802034	1	1	1
FOXO3_03	0	0	0	0	1027	1	1	1	0	1	1	1
FOXO6_03	7	8	7	8	1027	0.697053153516307	0.602312019315284	0.696383048922196	-1.32387017534722	1	1	1
FOXP1_01	4	2	4	2	1027	0.343521341354674	0.206937163498193	0.343751037335859	6.0833811602388	0.960610752309895	0.779334581359678	1
FXR_Q3	522	542	856	931	1027	0.823119201657345	0.937280383209085	0.963974514540885	-7.96344805803061	1	1	1
GATA5_06	179	208	209	242	1027	0.954793613607405	0.945546082244769	0.945383280983991	-5.21810557890191	1	1	1
GATAD2A_01	1016	988	6556	6561	1027	3.71861882117716e-05	0.224799818012355	0.521011815969133	-0.498642053536544	0.000571221168919713	0.817857232637054	1
GCM1CEBPB_01	0	0	0	0	1027	1	1	1	0	1	1	1
GCM1ELF1_02	174	155	196	182	1027	0.139423658626056	0.133758215636048	0.251876638967552	3.79789948890109	0.566921200148597	0.637657700402885	1
GCM1ELK3_01	4	4	4	4	1027	0.636985713870261	0.50013757397321	0.636720444314239	0	1	1	1
GCM1ETV4_01	70	33	73	37	1027	0.00011953963440527	9.38025336431026e-05	0.000384399343403053	22.1275037597809	0.00153733529828173	0.00133007182319579	0.00494355434655554
GCM1ETV7_01	14	12	14	13	1027	0.422014461077224	0.347618038549315	0.500002778071897	2.34761927836812	1	0.991816334561491	1
GCM1FOXI1_01	131	122	167	145	1027	0.295625450659757	0.26311034666237	0.117204136660654	6.46593736563319	0.892617848511394	0.871257614995753	0.638593924131132
GCM1MAX_03	1	4	1	4	1027	0.968902104945421	0.910426424085305	0.968750345776967	-6.76435991766919	1	1	1
GCM1NHLH1_01	227	216	286	255	1027	0.295830379971881	0.23463172586897	0.0985156319022809	8.37114422027837	0.892617848511394	0.837105447777679	0.573464678336435
GCM1ONECUT2_01	2	4	2	4	1027	0.890967653454322	0.793290191879099	0.890625933599353	-3.93765297932762	1	1	1
GCM1PITX1_02	288	284	360	450	1027	0.441305244476521	0.536476141222979	0.999315414702476	-16.404771044288	1	1	1
GCM1SOX2_01	3	3	3	3	1027	0.656478658645326	0.500158779154173	0.65625145226866	0	1	1	1
GCM1TBX21_02	21	38	21	38	1027	0.991644687533952	0.987624969301816	0.990832460227735	-14.3519574571561	1	1	1
GCM1_05	32	24	47	36	1027	0.171497364561483	0.138580143875267	0.136132708721496	5.39719407216313	0.667873539454227	0.654998457803612	0.703564373112033
GCM2E2F8_01	409	386	797	994	1027	0.159476362979143	0.299593657065297	0.999998600839731	-18.4506421970684	0.626714125870653	0.919120610146931	1
GCM2HES7_01	511	418	966	712	1027	2.23997094642018e-05	8.14557708710311e-06	3.00878339930059e-10	39.8708045367933	0.000399581913990438	0.000145306584811872	6.93273841588845e-09
GCM2HOXA13_01	14	11	14	11	1027	0.344105755197719	0.273140524533276	0.345020629150456	3.34435586416507	0.960610752309895	0.885888207596384	1
GCM2MAX_01	290	254	338	315	1027	0.0400174827595357	0.0550012974450232	0.194622219731563	5.27648875774718	0.230517374646075	0.375502685025899	0.889471797616152
GCM2SOX15_01	104	105	114	111	1027	0.558008523855768	0.514390157050221	0.446989442838324	0.860284065337392	1	1	1
GCM2TBX21_02	9	6	9	6	1027	0.302946846483693	0.218579656245869	0.303620601611151	4.84812199052963	0.896239456090823	0.808303133044545	1
GCNF_01	10	12	10	13	1027	0.739400094763555	0.666727044346155	0.797566570995805	-3.46463867343109	1	1	1
GFI1B_01	684	727	1434	1638	1027	0.981871219189381	0.994498418279109	0.999893263348038	-16.8167460472828	1	1	1
GLI3_03	0	0	0	0	1027	1	1	1	0	1	1	1
GLIS1_01	0	0	0	0	1027	1	1	1	0	1	1	1
GMEB2_02	1	1	1	1	1027	0.7501217730151	0.500274745372585	0.75000077454255	0	1	1	1
GMEB2_03	6	3	9	3	1027	0.25342571503353	0.157790934398773	0.0729981538496496	7.79243647182605	0.834192978652036	0.655721722283127	0.471715689290643
GRE_C	1015	984	7249	7077	1027	1.30319030791669e-05	0.25119644153271	0.0759180765766134	10.3433170469376	0.000258932838981894	0.861862699796193	0.471715689290643
GRHL1_01	10	26	12	58	1027	0.998183094196052	0.99649441413316	0.999999997768181	-21.6134908720687	1	1	1
GZF1_01	0	0	0	0	1027	1	1	1	0	1	1	1
HELIOS_01	5	4	5	4	1027	0.5	0.369318261012519	0.500001633804411	1.65989668585472	1	1	1
HES1_Q2	887	818	2440	2215	1027	3.09802653886617e-05	0.00248745154078981	0.000506300329158926	16.8661426019401	0.000503884904703821	0.0275112140411353	0.00636327459147468
HES5_01	0	0	0	0	1027	1	1	1	0	1	1	1
HESX1_02	3	4	4	6	1027	0.773837652629321	0.647887415084606	0.828126633800555	-1.93770933110589	1	1	1
HIC1_03	731	639	1796	1525	1027	9.9992289333554e-06	7.9634125156845e-06	1.35902719836747e-06	28.8909926715262	0.000212675907697905	0.000145306584811872	2.34856887717879e-05
HIC2_01	989	949	4986	4724	1027	8.49774759027604e-05	0.0059929855026669	0.00397243301496637	11.6144447414186	0.00117481360435566	0.0584287249804529	0.0399410083141164
HIC2_03	0	0	0	0	1027	1	1	1	0	1	1	1
HIF1_Q5	691	622	1570	1379	1027	0.000886323442378839	0.00178423344491936	0.000230800967504166	16.042018250063	0.00875244399349103	0.0205558561466751	0.00311299841536106
HINFP_02	0	0	0	0	1027	1	1	1	0	1	1	1
HINFP_03	0	0	0	0	1027	1	1	1	0	1	1	1
HMX1_01	1	1	1	1	1027	0.7501217730151	0.500274745372585	0.75000077454255	0	1	1	1
HNF1B_01	747	747	2222	2496	1027	0.519757285624501	0.980846334547157	0.999969507809739	-19.4158713367944	1	1	1
HNF1_C	275	342	383	517	1027	0.999472096769348	0.999849306151777	0.999996743636579	-23.6486175734708	1	1	1
HNF3B_01	609	629	1540	1807	1027	0.828159453018789	0.976508707402557	0.99999824343817	-19.5533597066536	1	1	1
HNF4A_09	826	808	2019	2071	1027	0.17618123167598	0.599510958453761	0.796607063773438	-3.32096920511825	0.676584868866783	1	1
HNF4GAMMA_01	0	0	0	0	1027	1	1	1	0	1	1	1
HNF6_Q6	234	271	281	363	1027	0.974276751042486	0.986383516754188	0.999472225199411	-14.0273938308809	1	1	1
HOX13_01	641	677	1267	1460	1027	0.95569239679743	0.996653151530642	0.999899902950628	-29.0344517294221	1	1	1
HOXB13EOMES_01	850	838	2473	2920	1027	0.262975523873399	0.999800743233682	0.999999999505802	-31.0454893669665	0.840609622554853	1	1
HOXB13TBX3_01	130	125	139	150	1027	0.3945068608996	0.418763080272032	0.759858348316906	-3.5137503922276	1	1	1
HOXB2ELK1_02	3	7	3	7	1027	0.945740606827942	0.897601271343647	0.945313355797765	-5.7076281580901	1	1	1
HOXB2ESRRB_01	1	0	1	0	1027	0.5	0.158890977913091	0.50000066389395	0	1	0.655721722283127	1
HOXB2PITX1_01	142	175	161	224	1027	0.981140210660152	0.980559607160637	0.999460203621256	-15.3011020995039	1	1	1
HOXB2RFX5_01	131	155	147	177	1027	0.944520687889209	0.938992926289941	0.957577606616788	-9.56719327273274	1	1	1
HOXB2_03	2	1	2	1	1027	0.500000000000001	0.281946337318198	0.500000995841367	3.00416468696108	1	0.885888207596384	1
HOXC10TBX21_01	18	21	19	21	1027	0.740813911286441	0.685005786624254	0.68209051707214	-1.6040885412102	1	1	1
HOXD10_Q2	228	296	341	496	1027	0.999763964765635	0.999889652846841	0.999999968213436	-19.9817892844385	1	1	1
HOXD12EOMES_01	2	0	2	0	1027	0.249878226984901	0.0787001216327499	0.250000553245351	0	0.830040089745544	0.444093543499089	1
HOXD12ETV4_01	0	0	0	0	1027	1	1	1	0	1	1	1
HOXD12TBX21_01	5	2	5	2	1027	0.226162347370679	0.128148817601586	0.226563226135294	8.3969857832049	0.806888890941842	0.621634176611201	1
HOXD13_01	519	548	876	1114	1027	0.907403364771856	0.99628311054072	0.999999959811223	-26.66185184356	1	1	1
HOXD13_04	22	32	23	33	1027	0.935727509145693	0.915823463191762	0.929556091505735	-5.53319203461542	1	1	1
HOXD9_Q2	491	547	817	1040	1027	0.994066495709373	0.99962371754591	0.999999903711283	-20.1941383645192	1	1	1
HSF2_02	213	240	263	327	1027	0.931927419123146	0.949603765496788	0.996304876182953	-11.0307999815108	1	1	1
HSF2_Q6	99	113	116	138	1027	0.861688129796539	0.852782743714109	0.92559711920545	-6.39587058210541	1	1	1
HSFY1_01	95	110	132	154	1027	0.880593077903751	0.868036369850973	0.913158257834344	-3.93316379518099	1	1	1
IK1_01	1026	998	7337	6948	1027	2.3943449893302e-08	0.00135047643663486	0.000563667934778892	17.1125527670723	2.77605750383736e-06	0.0165958548768684	0.00692685262072727
IK3_01	1022	984	6217	6025	1027	4.8078866171615e-09	0.146982137017339	0.0417405464765092	9.5662374180751	1.32938064964515e-06	0.655721722283127	0.334529307268255
IRF4_05	2	0	2	0	1027	0.249878226984901	0.0787001216327499	0.250000553245351	0	0.830040089745544	0.444093543499089	1
IRF4_09	605	518	1187	974	1027	6.83662230761109e-05	2.27094677101749e-05	2.48474899794924e-06	27.9123466349538	0.000994908456870772	0.00039244798886646	4.16383695716948e-05
IRF4_Q5	249	206	321	253	1027	0.0127867651804537	0.00812703520770683	0.00255804744723463	13.7182147589339	0.0862326968876938	0.0761737367773199	0.0277372595749167
IRF7_04	8	8	8	10	1027	0.59857489778648	0.50087722984163	0.759661473148897	-2.56956274919114	1	1	1
IRF7_Q3	577	574	1154	1078	1027	0.46457838694888	0.355116879282415	0.0561077157013891	5.31425053105467	1	0.991816334561491	0.408257457669318
ISL2_03	1007	990	7425	7701	1027	0.0153748034367309	0.893632936797172	0.988090842368481	-7.85213676997322	0.100026662358967	1	1
ISRE_01	187	146	224	168	1027	0.00827181972026032	0.00595813614132563	0.00270018568440173	15.24334073114	0.0571789538162995	0.0584287249804529	0.0287154362206568
KAISO_01	271	302	343	362	1027	0.942315714904781	0.915349586902188	0.7743825104393	-3.0091030794787	1	1	1
KAISO_Q2	1002	952	20257	16233	1027	1.48912578087428e-07	1.49570905927982e-12	1.53540339547773e-100	98.9326821559107	8.23486556823475e-06	1.37854518296957e-10	4.24539038849593e-98
KLF13_01	15	16	21	26	1027	0.640983043037558	0.574482927585207	0.809158274815044	-4.11524092547697	1	1	1
KLF8_01	20	17	20	17	1027	0.370273085757602	0.309447383738323	0.371416728186759	2.14250741851958	0.998834226458312	0.935106028455152	1
KLF9_01	200	194	242	257	1027	0.389675988122269	0.426236685213257	0.763099587783873	-3.35589033131407	1	1	1
LBX2_03	973	950	6640	7858	1027	0.0233048456557296	0.999759539926672	1	-41.4459912085045	0.148133099397914	1	1
LEF1_05	623	646	1193	1287	1027	0.862101045671401	0.949729437002685	0.971864380140252	-9.6047574700155	1	1	1
LHX2_03	11	13	20	25	1027	0.730576180658744	0.659518274043019	0.8143557677688	-4.4265423301066	1	1	1
LHX3_01	465	535	1534	2082	1027	0.999141929923862	0.999989132064404	1	-34.8465191425898	1	1	1
LHX6_06	3	3	5	4	1027	0.656478658645326	0.499682442056512	0.500001633804411	0	1	1	1
LHX6_07	0	4	0	6	1027	1	0.977354899071932	1	0	1	1	1
LRF_Q6	881	788	4000	3453	1027	8.87231603469131e-08	3.01622712642637e-08	1.16675177928666e-10	32.6108845309718	6.35856386841127e-06	1.11198240060919e-06	2.93278969975238e-09
LYF1_01	931	916	2790	3036	1027	0.152407526420405	0.986982221360241	0.999403908620183	-12.2988784087069	0.610734508046985	1	1
MAFA_Q4_01	907	859	2387	2261	1027	0.00138608840480128	0.0546172368160683	0.0332262484663237	10.0271193454286	0.0125656866861493	0.375502685025899	0.278395687907228
MAFB_Q4	1003	976	4621	4419	1027	0.00101388782631342	0.0558130261477559	0.0170783733207704	10.3017438410465	0.00966689599916073	0.376397603167183	0.149154872052843
MAFF_01	4	3	5	4	1027	0.500000000000001	0.352796862213005	0.500001633804411	2.08311397196399	1	0.991816334561491	1
MAFF_04	0	0	0	0	1027	1	1	1	0	1	1	1
MAX_11	69	54	71	58	1027	0.0963801825060247	0.0839235852985236	0.145340480291153	4.15502103776142	0.447884377527997	0.455947298785715	0.730666232736435
MEF2_01	0	0	0	0	1027	1	1	1	0	1	1	1
MEF2_04	357	419	530	706	1027	0.997935705289665	0.999648002608282	0.999999772452346	-28.5980132527021	1	1	1
MEIS1AHOXA9_01	985	956	5169	5764	1027	0.00325254586685848	0.999664186514608	0.999999994526706	-28.3356486191685	0.025695112348182	1	1
MEIS1DLX3_01	46	76	46	80	1027	0.998175824559468	0.997572331876691	0.999145549094063	-13.7277302695837	1	1	1
MEIS1DRGX_01	848	848	2247	2496	1027	0.523186831844105	0.995222350398868	0.999860870234967	-16.9542947242948	1	1	1
MEIS1EOMES_01	1007	983	5035	4871	1027	0.00159372972623597	0.0217300483339922	0.0503771031689798	6.76251661010239	0.0142150409452983	0.184872565056887	0.376466730438457
MEIS1SOX2_01	18	24	18	24	1027	0.862511574089134	0.825197916740397	0.860026045262712	-4.92537767742628	1	1	1
MEIS1_02	190	196	211	232	1027	0.653698196934819	0.679861260250989	0.852080854818866	-5.22680277440231	1	1	1
MEIS1_06	3	3	3	3	1027	0.656478658645326	0.500158779154173	0.65625145226866	0	1	1	1
MEIS2ONECUT2_01	4	5	4	5	1027	0.74657428496647	0.630927138851347	0.746095492722102	-1.89823488306674	1	1	1
MEIS2_05	0	0	0	0	1027	1	1	1	0	1	1	1
MEOX2_03	6	1	7	1	1027	0.0621803462156772	0.0292062981616025	0.0351562984087946	18.7212049076514	0.331360710660794	0.234073664976321	0.290170642090499
MGADLX2_01	23	22	23	22	1027	0.5	0.440166117754983	0.500003573236874	0.674995658139318	1	1	1
MIBP1_Q6	630	621	1095	1237	1027	0.358776654492363	0.724270566125694	0.998479900215331	-13.2016224456472	0.972566127128808	1	1
MIZF_03	0	0	0	0	1027	1	1	1	0	1	1	1
MRF2_01	77	71	82	74	1027	0.334877410376051	0.300833328095108	0.287656797799994	3.3383088144659	0.952551193575813	0.919120610146931	1
MSX1_01	835	808	2208	2285	1027	0.07576493290141	0.76136912479143	0.877973559011568	-4.28200677402614	0.377216903566184	1	1
MSX1_Q5	100	115	122	137	1027	0.875612643667608	0.852612288771582	0.839952994874485	-5.32752421460337	1	1	1
MSX2_03	10	12	10	12	1027	0.739400094763555	0.665968444863948	0.738269538679916	-2.41573599282909	1	1	1
MSX2_Q3	876	885	2978	3641	1027	0.735933145331079	0.999996735104484	1	-35.4969022656638	1	1	1
MTF1_01	1013	978	5063	4811	1027	4.10058863128615e-06	0.0399356016019341	0.00567905002506717	19.5785878091098	0.000107982167290535	0.310538130623758	0.0550967484888096
MTF1_07	0	1	0	1	1027	1	0.841580240635145	1	0	1	1	1
MYBL1ELF1_01	1	0	1	0	1027	0.5	0.158890977913091	0.50000066389395	0	1	0.655721722283127	1
MYBL1FIGLA_01	41	52	44	52	1027	0.898693488969197	0.875143168989289	0.820809710391668	-4.85387133833202	1	1	1
MYBL1HOXA13_01	2	1	2	1	1027	0.500000000000001	0.281946337318198	0.500000995841367	4.2442095569651	1	0.885888207596384	1
MYBL1ONECUT2_01	73	67	76	70	1027	0.330847706915598	0.300309623249439	0.339582741026673	2.66838063145196	0.947972963338475	0.919120610146931	1
MYBL2_02	17	15	18	16	1027	0.429473633438454	0.36102123545374	0.432085675316087	2.3275340568616	1	1	1
MYBL2_03	0	1	0	1	1027	1	0.841580240635145	1	0	1	1	1
MYBL2_05	5	12	7	17	1027	0.975938027745022	0.955890093606956	0.988672620912556	-7.60002944587334	1	1	1
MYOD_01	0	0	0	0	1027	1	1	1	0	1	1	1
MYOGNF1_01	1026	1000	9296	8438	1027	9.19864574092047e-08	2.65324145195003e-06	5.17067125394814e-11	47.4320587439391	6.35856386841127e-06	5.43423156640135e-05	1.36161009687301e-09
NERF_Q2	1012	977	5196	4747	1027	5.79006551738856e-06	4.37687877211666e-05	3.34483942009728e-06	25.1846668586816	0.000139213314396342	0.000733458776054702	5.44028293915822e-05
NFAT5_02	6	6	6	6	1027	0.613123821463622	0.50011243864396	0.61279506546586	0	1	1	1
NFATC1_01	3	7	3	8	1027	0.945740606827942	0.897766234335524	0.96728579809733	-6.69539925136182	1	1	1
NFATC1_02	4	2	5	3	1027	0.343521341354674	0.207164888715864	0.36328246022565	5.19705495732654	0.960610752309895	0.779334581359678	1
NFATC1_03	1	2	2	4	1027	0.87518265952265	0.718433473756174	0.890625933599353	-2.64760831734773	1	1	1
NFIA_03	84	100	87	103	1027	0.905547095781862	0.891062377775484	0.891334992977077	-4.74802569463843	1	1	1
NFKB_C	610	603	1256	1189	1027	0.393880882430767	0.1336177517749	0.0908634538370139	4.39372954836036	1	0.637657700402885	0.546168369259442
NFY_C	721	712	1451	1437	1027	0.350369967230054	0.24980093726508	0.404397158374738	2.00669030267942	0.960610752309895	0.861862699796193	1
NKX22_01	531	589	1049	1262	1027	0.995538970553292	0.999435332370319	0.999995843237728	-17.1877351714186	1	1	1
NKX23_04	10	20	10	20	1027	0.979359315694284	0.967039027948289	0.978614080044985	-9.51473919834494	1	1	1
NKX25_03	1002	975	5493	5744	1027	0.00116043492353678	0.956155579155759	0.991423447422099	-12.0085904047095	0.0108766188595905	1	1
NKX31_06	511	521	741	770	1027	0.686309352635133	0.709034281760029	0.779961923007164	-2.9337319484768	1	1	1
NKX61_01	277	338	390	511	1027	0.998598817711349	0.999284825247149	0.999976607355354	-17.9134277863026	1	1	1
NKX62_Q2	546	592	1294	1778	1027	0.981538250393225	0.999971444651393	1	-34.8331207004573	1	1	1
NOR1_02	1	0	1	0	1027	0.5	0.158890977913091	0.50000066389395	0	1	0.655721722283127	1
NR2E1_02	75	95	80	103	1027	0.953811880196859	0.945777720859281	0.962130408505356	-8.06805037342829	1	1	1
NR2F1_05	835	806	1968	1948	1027	0.0615701771975679	0.434190157917316	0.380641748866445	1.11740742252337	0.331360710660794	1	1
NR4A2_02	2	0	4	0	1027	0.249878226984901	0.0787001216327499	0.0625001659736712	0	0.830040089745544	0.444093543499089	0.426698663993089
NR4A2_03	0	1	0	1	1027	1	0.841580240635145	1	0	1	1	1
NR4A2_04	30	37	34	39	1027	0.839805345649486	0.807081204567025	0.758612817718956	-2.55765747209295	1	1	1
NRF1_02	31	30	73	63	1027	0.500000000000001	0.445305198390208	0.220188974560558	3.43835572020443	1	1	0.981971797838616
NRSF_01	3	3	3	4	1027	0.656478658645326	0.500635115987727	0.773438952267695	-2.29207154435608	1	1	1
OCT1_01	438	466	702	797	1027	0.901313565168347	0.932826720741152	0.993451501341639	-13.4626832495402	1	1	1
OCT1_06	943	912	5251	5955	1027	0.0125163777674281	0.992903514454756	0.999999999987947	-30.0407583692026	0.0854513198196018	1	1
OLF1_01	532	482	839	816	1027	0.0152765389463312	0.0343054443951161	0.294285266223086	4.21776140422005	0.100026662358967	0.271013010721417	1
OSR2_05	0	0	0	0	1027	1	1	1	0	1	1	1
OTX2_Q3	196	252	223	307	1027	0.9988499783096	0.999107581719799	0.999892212605359	-16.5002117321742	1	1	1
P73_Q6	486	436	700	656	1027	0.014849468049142	0.0177956064615026	0.121393816347988	8.00179866307266	0.0989368172430783	0.161327383167392	0.645488273465745
PAX1_B	0	0	0	0	1027	1	1	1	0	1	1	1
PAX2_01	811	822	1957	2209	1027	0.744045046542235	0.996768809906323	0.999956563766697	-23.0121967472362	1	1	1
PAX2_Q2	896	872	2663	2449	1027	0.0712883595258179	0.00428077677844778	0.00142832329596551	12.6306009790231	0.358386025616157	0.0438383251570671	0.016455474638936
PAX3_01	1027	1006	9532	8522	1027	4.30050687408164e-07	1.91631596972588e-08	2.32645200440522e-14	38.3780152925968	1.98181691780595e-05	8.15171331737241e-07	8.04079974022556e-13
PAX5_01	1023	1004	12909	11014	1027	0.000142584195892025	1.24431318715113e-12	3.67536843643766e-35	77.1935410340424	0.00179202409837022	1.37621038498915e-10	2.90354106478576e-33
PAX5_Q6	1006	963	4910	4448	1027	1.02629976783829e-06	0.000187163418543947	8.93186542026969e-07	21.6823082260154	4.05388408296124e-05	0.00252442366962933	1.64644052580305e-05
PAX9_01	0	0	0	0	1027	1	1	1	0	1	1	1
PBX1_02	441	446	661	772	1027	0.60536612440016	0.769309902085413	0.998466714067068	-11.3499304625707	1	1	1
PBX1_05	1001	975	4625	4599	1027	0.00182031527174043	0.349346435665902	0.397159340103158	2.07920965126212	0.0157286616448822	0.991816334561491	1
PBX4_01	0	0	0	0	1027	1	1	1	0	1	1	1
PIT1_Q6	824	801	3095	3296	1027	0.116192774004719	0.909377478117758	0.994307302629001	-19.2523171505286	0.509957174798488	1	1
PITX1EOMES_01	129	137	131	155	1027	0.722859588887965	0.73088520542732	0.930417448164565	-7.65032841562679	1	1	1
PITX1FIGLA_01	76	106	84	118	1027	0.992054693277095	0.990354207412738	0.993204925560241	-12.0964632886589	1	1	1
PITX1HES7_01	4	6	4	6	1027	0.828725521881134	0.737010159554146	0.828126633800555	-3.10974076215928	1	1	1
PITX1TBX21_01	3	3	3	3	1027	0.656478658645326	0.500158779154173	0.65625145226866	0	1	1	1
PLAG1_02	776	690	5532	5883	1027	1.63071151245718e-05	0.002973877655494	0.999522311852648	3.55936334550652	0.000310959815996145	0.0316260450670805	1
PLAG1_04	9	13	9	14	1027	0.858166101200287	0.804907727929522	0.894982520455757	-4.47264933246945	1	1	1
PLAG1_06	0	0	0	0	1027	1	1	1	0	1	1	1
PLAG1_08	0	0	0	0	1027	1	1	1	0	1	1	1
PLAGL2_02	0	1	0	1	1027	1	0.841580240635145	1	0	1	1	1
PLAGL2_03	214	206	264	250	1027	0.350892173538153	0.33233891665096	0.283194425636931	2.40600482540364	0.960610752309895	0.967281162673584	1
PLAGL2_05	0	0	0	0	1027	1	1	1	0	1	1	1
PLZFB_Q3	777	778	2071	2225	1027	0.540974759930635	0.91590706158159	0.99104266823322	-10.1945101554983	1	1	1
POU2F1DLX2_01	0	0	0	0	1027	1	1	1	0	1	1	1
POU2F1EOMES_01	753	738	1651	1637	1027	0.244313326839671	0.316772109591398	0.410290783068757	1.361132723611	0.830040089745544	0.938622426024537	1
POU2F1ETV4_01	0	0	0	0	1027	1	1	1	0	1	1	1
POU2F1FOXO6_01	14	23	15	24	1027	0.952080208765157	0.932075941237189	0.945937918119752	-9.91524365114863	1	1	1
POU2F1HOXB13_01	45	58	47	59	1027	0.921676114159108	0.904401676571926	0.896758681181706	-5.97914135347508	1	1	1
POU2F1SOX2_01	58	57	66	61	1027	0.5	0.455483222661572	0.361395413605377	2.56723430607593	1	1	1
POU2F1TBX21_01	14	23	19	33	1027	0.952080208765157	0.932597966456041	0.981759797093872	-9.3785546997923	1	1	1
POU3F1_Q6	769	774	2378	2587	1027	0.62027788209781	0.971512337094763	0.998577771535169	-18.6914878872017	1	1	1
POU3F2_01	751	759	3366	4196	1027	0.673649307983371	0.995210739655924	1	-31.5322706048823	1	1	1
POU4F2_01	0	3	0	3	1027	1	0.958492810821955	1	0	1	1	1
POU4F2_02	31	36	32	41	1027	0.771824023471304	0.736230688995113	0.879183730673172	-4.24345900020795	1	1	1
POU5F1_01	990	960	7551	7931	1027	0.00166866319526156	0.934795248265035	0.99894002693292	-11.4391649643081	0.0146471547139626	1	1
POU6F2_01	0	0	0	0	1027	1	1	1	0	1	1	1
PPARG_02	1022	1000	10980	11845	1027	5.03336593578121e-05	0.999931440625464	0.999999995846892	-28.7231879169761	0.000752284152023516	1	1
PRDM10_01	2	0	2	0	1027	0.249878226984901	0.0787001216327499	0.250000553245351	0	0.830040089745544	0.444093543499089	1
PRDM12_01	12	11	12	11	1027	0.500000000000001	0.417053724352192	0.500002568170858	0.954566098155129	1	1	1
PRDM14_01	7	12	7	12	1027	0.917450748819536	0.875414430363779	0.916467545817146	-4.83096129519872	1	1	1
PRDM14_02	194	204	219	248	1027	0.730399438043896	0.755555235664452	0.917528276426858	-6.47510214819711	1	1	1
PRDM15_01	68	53	72	54	1027	0.0946710001175687	0.0780563021548744	0.064784612095781	7.32729678262611	0.443670025974708	0.444093543499089	0.436901103523986
PRDM15_02	0	0	0	0	1027	1	1	1	0	1	1	1
PRDM15_03	2	1	2	1	1027	0.500000000000001	0.281946337318198	0.500000995841367	3.16587152019768	1	0.885888207596384	1
PRDM15_04	3	0	3	0	1027	0.12481734047735	0.0416071762187874	0.125000331947343	0	0.526900681557058	0.310929576775053	0.658335081589338
PRDM16_05	680	714	1275	1383	1027	0.950927659929906	0.961596192833821	0.982817284328912	-6.4192128159696	1	1	1
PRDM1_03	721	708	1302	1303	1027	0.282494701391778	0.311228960150124	0.515664327456222	-0.241639030871367	0.872735027204765	0.935378342190317	1
PRDM4_01	0	0	0	0	1027	1	1	1	0	1	1	1
PRDM5_02	1	0	1	0	1027	0.5	0.158890977913091	0.50000066389395	0	1	0.655721722283127	1
PRDM5_03	9	6	9	7	1027	0.302946846483693	0.219250397751685	0.401811430734257	2.45020934241593	0.896239456090823	0.808303133044545	1
PREP1_Q3	684	732	1262	1417	1027	0.990284181222201	0.990132907531071	0.998721785129067	-13.5642652024432	1	1	1
PROX1_01	3	4	3	5	1027	0.773837652629321	0.648024320486393	0.855470057039769	-1.73373930804655	1	1	1
PRRX2_05	0	0	0	0	1027	1	1	1	0	1	1	1
PRX2_Q2	821	803	3187	3843	1027	0.178273867279398	0.999394294481267	0.999999999999998	-29.722436880764	0.679899645555223	1	1
PSF_Q5	548	472	831	746	1027	0.000464592834161282	0.00133273509230753	0.0171582514602303	7.71669593875316	0.00524326198553447	0.0165958548768684	0.149154872052843
RARB_01	0	0	0	0	1027	1	1	1	0	1	1	1
RBPJK_01	655	615	1081	1025	1027	0.0382352931159207	0.062172853579228	0.115262770796938	5.58675380511894	0.224937415884087	0.40606871377679	0.637403122507068
RELA_03	986	953	5010	5183	1027	0.0010060704970923	0.187694446985875	0.957962042874114	-5.69776306159184	0.00966689599916073	0.725839364917406	1
REST_04	112	114	119	124	1027	0.583741257504023	0.561936951902592	0.64981771832038	-1.63266342112179	1	1	1
RFX2_02	1	1	1	1	1027	0.7501217730151	0.500274745372585	0.75000077454255	0	1	1	1
RFX3BHLHA15_01	8	5	8	5	1027	0.28991290299613	0.20207798579092	0.290528456294112	5.47766838141087	0.885755996446741	0.77068362856813	1
RFX3FIGLA_02	58	43	62	46	1027	0.0763983602159361	0.0635160545372436	0.0742852629739216	10.7379362785462	0.377216903566184	0.40842300184995	0.471715689290643
RFX3HES7_01	15	13	15	13	1027	0.424762559566292	0.351865293749414	0.425279324666583	2.25363183697106	1	0.991816334561491	1
RFX3SREBF2_01	3	0	4	0	1027	0.12481734047735	0.0416072128053417	0.0625001659736712	0	0.526900681557058	0.310929576775053	0.426698663993089
RFX3SRF_01	166	159	191	190	1027	0.358415964649417	0.354662968707811	0.500010347197881	1.08326814955943	0.972566127128808	0.991816334561491	1
RFX5_02	3	11	3	18	1027	0.99367558122338	0.984246994616246	0.999889383041811	-10.1004006210877	1	1	1
RFX_Q6	600	585	969	897	1027	0.265906495416973	0.106127632299931	0.0500498067721877	7.04291912565581	0.845093631986128	0.547979212836354	0.376466730438457
RLF_01	15	15	15	15	1027	0.572765441567772	0.500071427954474	0.572235580885332	0	1	1	1
ROAZ_01	2	4	3	8	1027	0.890967653454322	0.793744319799268	0.96728579809733	-3.67498765104264	1	1	1
RORA2_01	285	311	357	399	1027	0.905368230284495	0.911869282957802	0.941143143212169	-7.36992032742503	1	1	1
RORA_05	0	0	0	0	1027	1	1	1	0	1	1	1
RORA_06	0	0	0	0	1027	1	1	1	0	1	1	1
RP58_01	50	42	50	43	1027	0.227703384041269	0.198253755467353	0.267029930823407	3.51814791704439	0.807179303684755	0.761349491482266	1
RREB1_01	914	882	4297	4738	1027	0.0194321262396106	0.244130496583936	0.999998421958465	-17.2384876489257	0.124953090819822	0.856673740238305	1
RREB1_04	0	0	0	0	1027	1	1	1	0	1	1	1
RREB1_05	0	0	0	0	1027	1	1	1	0	1	1	1
RREB_Q5	376	373	548	563	1027	0.46347728777859	0.408967184035399	0.684442692629409	-2.05415900263724	1	1	1
RUNX2_02	86	55	138	69	1027	0.00432113156456644	0.00339245915346205	9.26637969421655e-07	29.5463518904752	0.0323136137249935	0.0353967907898965	1.65300257125863e-05
RUNX3_01	19	20	20	21	1027	0.626546450231844	0.564201207085381	0.622390004675767	-0.873493824601331	1	1	1
RXRA_05	1	1	1	2	1027	0.7501217730151	0.500549490549677	0.875000663893142	-2.64760831734773	1	1	1
SALL1_01	252	190	294	244	1027	0.000520896669414419	0.000639421844124731	0.0172620466751934	10.2712225024808	0.00553953573434949	0.00841905428097562	0.149154872052843
SALL1_03	81	78	86	82	1027	0.434449178672355	0.402503019411453	0.408526591713633	0.839608649813625	1	1	1
SALL3_01	358	379	456	496	1027	0.844240023233472	0.875572967199135	0.908113564912666	-5.64476811352668	1	1	1
SALL3_02	4	0	4	0	1027	0.0623173850067316	0.0226975060275668	0.0625001659736712	0	0.331360710660794	0.190177588382491	0.426698663993089
SATB1_Q3	136	198	161	234	1027	0.99992029659285	0.999902504688733	0.999905742350499	-18.5345647396345	1	1	1
SC1_01	1	5	1	5	1027	0.984488995243641	0.949015644393603	0.984375228212489	-6.00053657467774	1	1	1
SCRT2_01	8	3	8	3	1027	0.112652439476238	0.0654009158681409	0.113281535267058	9.9167955762734	0.502393540567416	0.415709269828528	0.637403122507068
SIP1_Q6	10	3	10	3	1027	0.045632543806712	0.0257746320721896	0.0461425781242818	15.044819106786	0.257497925766446	0.209608404940013	0.364526367181827
SIX1_Q3	377	363	484	478	1027	0.27509742644586	0.324966082008264	0.43597345984286	0.848015227159209	0.859485179799779	0.950826684394549	1
SIX3_Q6	529	592	1120	1427	1027	0.997723282871631	0.999958505736074	0.999999999513208	-26.0914476853665	1	1	1
SIX4_01	1005	969	4331	4600	1027	2.5241531917215e-05	0.865786179702983	0.997901765677174	-14.3504888687394	0.000436205223444372	1	1
SMAD3_Q6	980	946	3911	3813	1027	0.00123724947831698	0.109125378104406	0.13447668875028	4.41902215956988	0.0114033160251548	0.55363609258474	0.701562347914195
SMAD3_Q6_01	868	863	2242	2338	1027	0.404234694670065	0.894206810857195	0.92433916052676	-6.36128339318696	1	1	1
SMAD4_Q6	1024	1009	8880	8485	1027	0.000706548468168296	0.00257686906865232	0.00134366544206732	17.5247594392725	0.00723557968327903	0.0279413449993085	0.0158095104141113
SMAD5_02	1	3	1	3	1027	0.937682614993268	0.841639444218065	0.937500497919398	-3.91681452170059	1	1	1
SMAD5_Q5	1007	966	10831	8748	1027	1.85044798550221e-06	2.15305765605211e-13	6.89936941584592e-51	52.9529643383947	5.68498742212624e-05	2.97660220949204e-11	9.53837821740698e-49
SMAD7_01	33	19	33	20	1027	0.0334297925502343	0.024918365474138	0.0491843398158096	9.6082315060231	0.200942122611734	0.205669494137288	0.376466730438457
SNAP190_01	1	2	1	2	1027	0.87518265952265	0.718433473756174	0.875000663893142	-2.3479009185468	1	1	1
SOX10_03	0	0	0	0	1027	1	1	1	0	1	1	1
SOX10_05	0	0	0	0	1027	1	1	1	0	1	1	1
SOX10_08	828	812	1907	1990	1027	0.204687368417043	0.847242729726089	0.910987720280947	-5.94663600935948	0.744684965359373	1	1
SOX18_Q5_01	158	166	178	189	1027	0.70703441155778	0.708216380345427	0.734468538896763	-2.54398250209559	1	1	1
SOX5_01	657	687	1394	1667	1027	0.924830365855362	0.998743433924842	0.999999645801178	-19.1874178530185	1	1	1
SOX6TBX21_01	291	277	359	359	1027	0.260674500926721	0.292142972134125	0.51489976715469	-0.433707075262866	0.838098831467887	0.912740472260853	1
SOX8_07	0	0	0	0	1027	1	1	1	0	1	1	1
SOX9_05	0	0	0	0	1027	1	1	1	0	1	1	1
SOX9_09	648	631	1251	1174	1027	0.233208159151411	0.187305395192772	0.0612744317084953	9.00832257546711	0.8214274650365	0.725839364917406	0.426698663993089
SOX_Q6	987	969	4954	5077	1027	0.038982888631621	0.837786687077577	0.892693206514659	-6.41946720980365	0.226921446455646	1	1
SP1SP3_Q4	650	553	3908	3662	1027	8.40651777364789e-06	5.59446832996276e-05	0.00239569559362092	24.4679107445091	0.000185952173153091	0.000883925996134116	0.0264963932654473
SP2_04	1004	980	9208	7929	1027	0.00240760122081231	1.49591142606951e-10	5.40615442610494e-23	43.8875411853349	0.0201727799258971	9.19154465129375e-09	2.49133616469669e-21
SP2_06	0	0	0	0	1027	1	1	1	0	1	1	1
SP3_Q3	969	939	5890	5344	1027	0.00626850450970663	6.66630336681693e-06	1.26392436171212e-07	27.2079267272344	0.0450192596606203	0.000131659491494634	2.49625061438144e-06
SP5_Q2	85	70	93	78	1027	0.121062373267254	0.107019448438203	0.142151617447887	5.80408500805589	0.523027284506184	0.547979212836354	0.727868930080387
SPDEF_06	0	0	0	0	1027	1	1	1	0	1	1	1
SPDEF_07	7	4	7	4	1027	0.273863045743464	0.182348655720566	0.274415060936692	5.74504966521246	0.859485179799779	0.720277190096235	1
SPI1_06	756	716	1661	1491	1027	0.0280649575167762	0.018415020556872	0.00129400401598142	14.4704565449616	0.170548587986563	0.164250102708875	0.0155561787138636
SREBP1_02	980	937	5135	4794	1027	9.18644617565114e-05	7.18171155474441e-05	0.000313303007086749	13.3331423568795	0.0012390499353988	0.00104512802362465	0.00412515625997553
SREBP1_Q5	806	777	1837	1887	1027	0.070806451969363	0.144355425736791	0.79856142412086	-4.74799798424745	0.358386025616157	0.655721722283127	1
SRF_01	49	62	58	68	1027	0.914193559147557	0.894071355571499	0.83644895394728	-7.23415572550761	1	1	1
STAF_05	0	0	0	0	1027	1	1	1	0	1	1	1
STAT1_10	594	609	1121	1214	1027	0.763207923403099	0.827372246283363	0.974205871854583	-8.89017813477361	1	1	1
STAT3_01	538	578	1339	1416	1027	0.965339311768402	0.911554086768908	0.931503449897673	-9.45212389787798	1	1	1
STAT5A_02	1000	978	7626	7634	1027	0.00680147486544787	0.396876455994637	0.529203359784256	-0.504764007572899	0.0482207128281112	1	1
STAT5A_Q6	101	110	159	159	1027	0.766282206767123	0.721609610598777	0.522365004024377	-1.09247369117447	1	1	1
T3RBETA_Q6_01	753	733	1589	1616	1027	0.174309227153639	0.408485810272144	0.689701774866886	-1.38306315667574	0.674076941370365	1	1
TAL1BETAITF2_01	846	836	2213	2346	1027	0.303068315169953	0.898605095257413	0.976527051004107	-10.7009420770896	0.896239456090823	1	1
TAL1GATA1_02	65	58	66	62	1027	0.28851384219944	0.261678160879787	0.395506623374079	2.08002029904953	0.885755996446741	0.871257614995753	1
TAL1_01	707	712	1456	1406	1027	0.612732566258306	0.57349968067343	0.179719876005161	1.16726836674388	1	1	0.844256065773852
TAXCREB_01	831	760	2263	2018	1027	0.000107135761418834	7.5200055809686e-06	9.4380516818006e-05	20.0024897070468	0.00141062085868132	0.000143398727112953	0.00133826732821429
TAXCREB_02	1024	1007	9229	8248	1027	0.000228068790729854	5.80570659593743e-08	4.90109937558495e-14	40.2938145033776	0.00268736438867848	2.00659734222087e-06	1.59429879688146e-12
TBX15_02	0	0	0	0	1027	1	1	1	0	1	1	1
TBX18_01	0	0	0	0	1027	1	1	1	0	1	1	1
TBX1_01	0	0	0	0	1027	1	1	1	0	1	1	1
TBX1_04	0	0	0	0	1027	1	1	1	0	1	1	1
TBX1_05	0	0	0	0	1027	1	1	1	0	1	1	1
TBX20_05	152	131	172	147	1027	0.10018015186464	0.0840987784378715	0.089458793102458	7.87887278085708	0.461663533176215	0.455947298785715	0.543634204238014
TBX21_01	0	0	0	0	1027	1	1	1	0	1	1	1
TBX5CSX_Q5	12	8	12	8	1027	0.250663101243229	0.184492497112568	0.25172329289583	5.24448197545896	0.830040089745544	0.723576956760639	1
TBX5_04	0	0	0	0	1027	1	1	1	0	1	1	1
TCF11MAFG_01	927	889	2780	2882	1027	0.00531609213431627	0.656826686344819	0.914761821678445	-7.81916379640176	0.0391933519175724	1	1
TEAD4ALX4_01	32	58	32	61	1027	0.998302722469791	0.997539328096217	0.999143840720882	-15.3320083262496	1	1	1
TEAD4CEBPD_01	24	16	26	17	1027	0.131735796987498	0.100594670000783	0.111025859065017	7.91272124006671	0.543593662645024	0.534892812600319	0.632961856319119
TEAD4CLOCK_01	187	211	232	234	1027	0.91861357310232	0.891849442061454	0.555271326370613	-1.75373832299156	1	1	1
TEAD4ELK3_01	1	0	1	0	1027	0.5	0.158890977913091	0.50000066389395	0	1	0.655721722283127	1
TEAD4EOMES_01	161	168	186	192	1027	0.684817392789695	0.659294191336192	0.640586803620828	-2.25476182954776	1	1	1
TEAD4ERG_02	5	4	5	4	1027	0.5	0.369318261012519	0.500001633804411	2.18021682895704	1	1	1
TEAD4ESRRB_01	63	74	65	78	1027	0.855722459489724	0.836826928244532	0.8792085499118	-6.43342857261027	1	1	1
TEAD4ETV7_01	2	1	2	1	1027	0.500000000000001	0.281946337318198	0.500000995841367	4.2442095569651	1	0.885888207596384	1
TEAD4FIGLA_01	26	19	27	19	1027	0.182985485343476	0.145141929210456	0.15099745383957	6.58621687041915	0.693088858869466	0.655721722283127	0.752266594353893
TEAD4FOXI1_01	171	200	189	226	1027	0.957389460609167	0.955726692233641	0.969012576136612	-8.93187186108206	1	1	1
TEAD4GATA3_01	41	33	48	34	1027	0.203690584698685	0.170108401696312	0.0753356093725337	9.11298272034838	0.744684965359373	0.68664194261358	0.471715689290643
TEAD4MAX_02	7	11	7	13	1027	0.882095588353838	0.828992201362299	0.942342339610662	-7.09363280070793	1	1	1
TEAD4ONECUT2_01	7	5	7	5	1027	0.386876178536379	0.281422332347214	0.387208528905435	3.40645214550396	1	0.885888207596384	1
TEAD4RFX5_01	22	30	22	30	1027	0.897117256326964	0.86940416335472	0.894200102474336	-7.60982870933235	1	1	1
TEAD4SOX15_01	217	219	250	257	1027	0.564291662537663	0.54351657616016	0.638821723645745	-1.56015009637226	1	1	1
TEAD4SOX6_01	24	18	24	20	1027	0.218021341298506	0.175821608211643	0.325795508607834	3.76892605752906	0.788011776065842	0.704560502471296	1
TEF3_Q3	811	831	2933	3627	1027	0.876401947324283	0.999933520407451	1	-31.5774034935914	1	1	1
TEF_01	448	473	602	662	1027	0.875656767668821	0.941071248475945	0.956965298850259	-7.61120067134037	1	1	1
TEF_05	0	0	0	0	1027	1	1	1	0	1	1	1
TEF_08	0	0	0	0	1027	1	1	1	0	1	1	1
TFAP2B_04	143	132	242	232	1027	0.258534567694088	0.253536901353342	0.339679614930443	0.543478804215633	0.836079625349886	0.861862699796193	1
TFAP2CDLX3_03	168	171	195	188	1027	0.593949039309755	0.548848444876821	0.37960247741105	2.40900999649534	1	1	1
TFAP2CELK1_01	15	17	15	18	1027	0.703150698751686	0.640212579508454	0.75657888714922	-3.01040812093244	1	1	1
TFAP2CHOXB13_01	22	28	22	29	1027	0.841873260527535	0.805667176271184	0.868785956459851	-5.38323588986316	1	1	1
TFAP2CMAX_02	19	10	20	10	1027	0.0666388392935417	0.0460516531239078	0.0493682018112878	13.9750695165361	0.344404468498398	0.337560970538637	0.376466730438457
TFAP2CONECUT2_01	11	10	11	10	1027	0.5	0.41329576629631	0.500002456510168	1.44962955017728	1	1	1
TFAP4MAX_02	6	5	6	7	1027	0.5	0.382690630739697	0.7094748813349	0	1	1	1
TFCP2_03	39	23	47	25	1027	0.0261153315467815	0.0190719911289335	0.00638679347232278	13.9425268288929	0.162267172419889	0.164793923348441	0.0598626574609237
TFE_Q6	473	465	773	785	1027	0.378256978988709	0.566249483871163	0.62911179450316	-1.32356914414845	1	1	1
TFIIIA_03	0	0	0	0	1027	1	1	1	0	1	1	1
TFIIIA_04	0	0	0	0	1027	1	1	1	0	1	1	1
TFIII_Q6	961	902	4228	3654	1027	4.56525337947064e-06	1.05867911461332e-07	4.96362630734798e-11	26.0080880150927	0.000114753869038512	3.13113923448734e-06	1.36161009687301e-09
TFIII_Q6_01	1006	971	4381	4571	1027	3.01379176590546e-05	0.928295328547876	0.978458370142663	-9.26326655372129	0.000503884904703821	1	1
THAP1_01	1027	1007	9470	9401	1027	8.68642599988287e-07	0.306766846989887	0.309628875032849	2.85726619248525	3.6950719830271e-05	0.932099265853887	1
THRA_01	0	3	0	3	1027	1	0.958492810821955	1	0	1	1	1
THRB_02	0	0	0	0	1027	1	1	1	0	1	1	1
THRB_03	1	0	2	0	1027	0.5	0.158890977913091	0.250000553245351	0	1	0.655721722283127	1
TITF1_Q3	933	928	4415	4739	1027	0.381177495024949	0.954863550365569	0.999668229946091	-14.3652133645237	1	1	1
TP63_01	0	0	0	0	1027	1	1	1	0	1	1	1
TRF1_01	0	0	0	0	1027	1	1	1	0	1	1	1
TRPS1_Q3	22	27	22	30	1027	0.807073882276221	0.767033092862198	0.894200102474336	-5.49050577267484	1	1	1
TST1_01	917	866	5057	5941	1027	0.000542836420529654	0.996735445666006	1	-38.7447493147523	0.00566393472741318	1	1
VDR_01	1	1	1	1	1027	0.7501217730151	0.500274745372585	0.75000077454255	0	1	1	1
WT1_01	746	629	3927	3371	1027	2.50999774307176e-08	1.49470198749449e-07	3.75412767785512e-11	44.6406751475582	2.77605750383736e-06	3.75713726856569e-06	1.09264873992309e-09
YY1_08	937	914	2836	2960	1027	0.0518197605785133	0.871468495720018	0.949927179231082	-6.40765179742738	0.283726015840771	1	1
YY1_12	946	928	2927	3091	1027	0.0922626836346458	0.941428459082456	0.983414109869379	-9.2314778324261	0.441862153660229	1	1
ZASC1_01	0	0	0	0	1027	1	1	1	0	1	1	1
ZASC1_02	0	0	0	0	1027	1	1	1	0	1	1	1
ZBP89_Q4_01	693	590	3925	3692	1027	1.63668949363883e-06	6.8181566173175e-05	0.00387463241526186	21.6320575773405	5.34291221831197e-05	0.00101903800253421	0.0396791060303668
ZBTB11_02	1	0	1	0	1027	0.5	0.158890977913091	0.50000066389395	0	1	0.655721722283127	1
ZBTB1_01	0	0	0	0	1027	1	1	1	0	1	1	1
ZBTB26_01	0	0	0	0	1027	1	1	1	0	1	1	1
ZBTB2_Q3	369	375	484	475	1027	0.626020899983805	0.502835734863667	0.398077580653819	1.18520810881169	1	1	1
ZBTB2_Q3_01	895	839	2912	2516	1027	0.000400094873539809	7.07038873108319e-07	3.93625188796974e-08	23.0305082238781	0.00460942635557322	1.5639699873156e-05	8.06202701498988e-07
ZBTB33_05	101	46	144	57	1027	1.5004045182343e-06	1.0071898481685e-06	3.57306034749548e-10	34.8135923600552	5.34291221831197e-05	2.14221533091224e-05	7.90360948866001e-09
ZBTB34_01	23	34	26	37	1027	0.946902410235927	0.930174933317431	0.935045049115374	-5.74560589128438	1	1	1
ZBTB38_01	2	1	2	1	1027	0.500000000000001	0.281946337318198	0.500000995841367	3.74389350085051	1	0.885888207596384	1
ZBTB38_02	38	39	40	39	1027	0.591766860448836	0.542772671792486	0.500004723175988	0.481081165077124	1	1	1
ZBTB40_01	234	281	283	349	1027	0.992751011454801	0.993114971946591	0.996181105078873	-10.0234766679438	1	1	1
ZBTB40_02	22	31	23	35	1027	0.918280513547379	0.895657181752261	0.956528502426327	-6.32696602156868	1	1	1
ZBTB41_01	0	1	0	1	1027	1	0.841580240635145	1	0	1	1	1
ZBTB44_01	797	712	1624	1358	1027	1.31105234927541e-05	2.96356934241509e-07	5.89917833586505e-07	16.1730853627569	0.000258932838981894	6.8285576931481e-06	1.12491228266668e-05
ZBTB46_01	4	4	4	4	1027	0.636985713870261	0.50013757397321	0.636720444314239	0	1	1	1
ZBTB49_01	0	1	0	1	1027	1	0.841580240635145	1	0	1	1	1
ZBTB49_02	0	0	0	0	1027	1	1	1	0	1	1	1
ZBTB5_01	222	207	259	243	1027	0.223660575594563	0.233431558474405	0.251599204617735	3.24196596463941	0.803144794180477	0.837105447777679	1
ZEC_01	0	1	0	1	1027	1	0.841580240635145	1	0	1	1	1
ZF5_B	999	957	15367	11496	1027	8.39939591316161e-06	9.39472852849644e-16	1.91331494008416e-125	99.8989440443862	0.000185952173153091	3.02492968834382e-13	1.05806316186654e-122
ZFP41_02	2	5	2	6	1027	0.937819653784323	0.872159542328406	0.964844282496098	-5.47774566433878	1	1	1
ZFP64_03	20	14	21	14	1027	0.193773386255602	0.149275209416239	0.155252329532008	4.76638849228647	0.720256779112663	0.655721722283127	0.759774674612393
ZFP64_04	0	0	0	0	1027	1	1	1	0	1	1	1
ZFP64_05	0	0	0	0	1027	1	1	1	0	1	1	1
ZFP64_06	0	0	0	0	1027	1	1	1	0	1	1	1
ZFP91_01	0	0	0	0	1027	1	1	1	0	1	1	1
ZFPM1_01	7	5	8	6	1027	0.386876178536379	0.281613043302782	0.395265294335701	2.64651927770116	1	0.885888207596384	1
ZFX_01	286	233	438	387	1027	0.00412274623800227	0.00791579943315478	0.0408055562205226	11.6132262154095	0.0316649815224341	0.0754730532161137	0.331845185146309
ZFX_03	43	40	43	44	1027	0.411416574122018	0.371994153233613	0.584819951839367	-0.522897026617009	1	1	1
ZFX_04	0	0	0	0	1027	1	1	1	0	1	1	1
ZGPAT_01	987	936	10929	8991	1027	2.48004567548273e-06	1.69475265648328e-10	1.35454903277348e-43	64.0577012084604	6.85732629270976e-05	9.37198219035255e-09	1.49813123024746e-41
ZID_01	139	120	145	131	1027	0.115738114862606	0.111583002467765	0.216977729462566	3.94982892199083	0.509957174798488	0.560958185133398	0.975517759291049
ZNF131_01	0	0	0	0	1027	1	1	1	0	1	1	1
ZNF131_02	0	0	0	0	1027	1	1	1	0	1	1	1
ZNF135_01	11	8	11	8	1027	0.32302598520292	0.244763925782373	0.323804351717211	3.46461707339092	0.93038213446466	0.856673740238305	1
ZNF135_02	29	21	29	21	1027	0.158126739472465	0.126108809943297	0.161117776392586	5.75761801330068	0.626714125870653	0.621634176611201	0.781562546886843
ZNF135_03	87	78	92	84	1027	0.258083038327851	0.241405384089329	0.298935203903999	2.87963201380352	0.836079625349886	0.855751137188455	1
ZNF135_04	0	0	0	0	1027	1	1	1	0	1	1	1
ZNF143_03	1	0	1	0	1027	0.5	0.158890977913091	0.50000066389395	0	1	0.655721722283127	1
ZNF236_01	0	0	0	0	1027	1	1	1	0	1	1	1
ZNF236_02	6	8	6	13	1027	0.788831158350248	0.704728568991219	0.968216904361677	-6.48130895189923	1	1	1
ZNF236_04	0	0	0	0	1027	1	1	1	0	1	1	1
ZNF236_05	2	0	2	0	1027	0.249878226984901	0.0787001216327499	0.250000553245351	0	0.830040089745544	0.444093543499089	1
ZNF236_06	14	7	14	7	1027	0.0934862061089453	0.0624156250832317	0.0946235656713192	8.71824634328228	0.441862153660229	0.40606871377679	0.556668423577016
ZNF236_07	6	8	6	9	1027	0.788831158350248	0.704728568991219	0.849123121818337	-2.38899526491767	1	1	1
ZNF236_08	1	0	1	0	1027	0.5	0.158890977913091	0.50000066389395	0	1	0.655721722283127	1
ZNF282_01	8	7	8	7	1027	0.5	0.397882621522837	0.500002086020902	1.4646548901798	1	1	1
ZNF282_02	0	0	0	0	1027	1	1	1	0	1	1	1
ZNF295_01	1001	976	15092	12817	1027	0.00249709829279763	2.32011791744791e-10	4.80527632485332e-43	74.2548510728024	0.0206103784465237	1.16638655304427e-08	4.42886301273981e-41
ZNF312_01	0	1	0	1	1027	1	0.841580240635145	1	0	1	1	1
ZNF319_01	69	72	71	73	1027	0.636416011444678	0.600803507823142	0.598662580260102	-0.794364326117004	1	1	1
ZNF319_02	12	19	12	19	1027	0.926734503767873	0.897368899150161	0.925196050930743	-5.36131432707556	1	1	1
ZNF335_01	0	0	0	0	1027	1	1	1	0	1	1	1
ZNF335_02	0	0	0	0	1027	1	1	1	0	1	1	1
ZNF339_01	4	5	4	5	1027	0.74657428496647	0.630927138851347	0.746095492722102	-1.613804344638	1	1	1
ZNF341_01	48	51	67	64	1027	0.659757905267804	0.616842476186495	0.430688453855604	1.22519956751166	1	1	1
ZNF362_01	1	4	1	4	1027	0.968902104945421	0.910426424085305	0.968750345776967	-5.05042428520666	1	1	1
ZNF366_02	0	1	0	1	1027	1	0.841580240635145	1	0	1	1	1
ZNF367_01	274	263	329	308	1027	0.307798105638517	0.262950926914486	0.214043838160017	3.91066993049098	0.905384853287765	0.871257614995753	0.97021510247942
ZNF384_02	49	76	52	85	1027	0.995243499062515	0.993824631707193	0.998240586158924	-11.7605853091782	1	1	1
ZNF410_01	0	0	0	0	1027	1	1	1	0	1	1	1
ZNF436_01	23	13	23	13	1027	0.0645493535281598	0.0463917427865035	0.0662485685120382	9.15738569641796	0.336752759444079	0.337560970538637	0.441391064905508
ZNF436_02	20	5	20	5	1027	0.00193233653772821	0.00127436757085522	0.00203860160094359	22.1816662995583	0.0164397246979031	0.0163889596903008	0.0230070752106491
ZNF438_01	21	22	21	22	1027	0.620845777788953	0.561286929083392	0.619608625409677	-0.798416656577616	1	1	1
ZNF450_01	55	43	58	45	1027	0.127369770082669	0.106820104883193	0.11844826426784	6.87359056971749	0.531171389688242	0.547979212836354	0.638593924131132
ZNF499_01	13	6	13	6	1027	0.0825492511804636	0.0533969783312315	0.0835342407206794	9.41674006273444	0.400436279849091	0.373778848318621	0.513271501317063
ZNF507_01	57	52	58	55	1027	0.346979638200614	0.315433711148277	0.425438657573067	1.05641743677437	0.960610752309895	0.938622426024537	1
ZNF513_01	0	0	0	0	1027	1	1	1	0	1	1	1
ZNF515_02	0	0	0	0	1027	1	1	1	0	1	1	1
ZNF516_01	185	188	216	221	1027	0.590529455624854	0.570822084203775	0.612953055250789	-1.02123689948415	1	1	1
ZNF521_01	6	9	6	9	1027	0.850016494906208	0.78156915197678	0.849123121818337	-3.36704617056163	1	1	1
ZNF521_02	0	0	0	0	1027	1	1	1	0	1	1	1
ZNF521_03	0	1	0	1	1027	1	0.841580240635145	1	0	1	1	1
ZNF536_01	51	42	53	43	1027	0.197996432835592	0.168988213146494	0.17919711073401	4.55026185719892	0.729946849053883	0.68664194261358	0.844256065773852
ZNF536_03	0	0	0	0	1027	1	1	1	0	1	1	1
ZNF592_02	1000	962	4386	4041	1027	3.20057368919627e-05	0.00156374361757083	8.67750582257941e-05	17.1499765659716	0.00050569064289301	0.0183989408620568	0.00126280545260169
ZNF651_01	1	1	1	1	1027	0.7501217730151	0.500274745372585	0.75000077454255	0	1	1	1
ZNF652_03	0	0	0	0	1027	1	1	1	0	1	1	1
ZNF672_02	10	8	11	8	1027	0.406855781685748	0.317400350210829	0.323804351717211	3.12312779633007	1	0.938622426024537	1
ZNF672_03	30	43	34	44	1027	0.952705037783156	0.937302432339786	0.893664696867562	-5.02385533545117	1	1	1
ZNF687_01	0	0	0	0	1027	1	1	1	0	1	1	1
ZNF710_01	3	4	3	4	1027	0.773837652629321	0.647613948891976	0.773438952267695	-1.87217291471653	1	1	1
ZNF710_02	0	0	0	0	1027	1	1	1	0	1	1	1
ZNF711_02	1	5	1	6	1027	0.984488995243641	0.949057219630123	0.992187645225902	-6.51970701787164	1	1	1
ZNF76_01	1	1	1	1	1027	0.7501217730151	0.500274745372585	0.75000077454255	0	1	1	1
ZNF770_01	22	22	23	23	1027	0.560452935084876	0.500059184135775	0.558506212715946	0	1	1	1
ZNF775_02	9	14	9	14	1027	0.896265741763477	0.852774576540601	0.894982520455757	-4.26831922881059	1	1	1
ZNF777_02	1011	983	7831	6720	1027	0.000161950074344139	3.33972867694722e-11	1.28062914669985e-20	58.8936161440485	0.00199018646916242	2.6383856547883e-09	5.44759937019242e-19
ZXDB_01	444	417	863	939	1027	0.122480568288948	0.181141607979841	0.965228232540069	-6.08439862461291	0.525052358634017	0.720277190096235	1
ZXDL_01	0	0	0	0	1027	1	1	1	0	1	1	1
