transcription_factor	no_search_sites	no_background_sites	sum_search_sites	sum_background_sites	no_gene_sites	fisher_pval	wilcox_pval	fisher_pval2	zscore	fisher_adjusted	wilcox_adjusted	fisher2_adjusted
AEBP2_02	0	0	0	0	978	1	1	1	0	1	1	1
AFP1_Q6	49	51	52	53	978	0.620868703505716	0.579097374031865	0.577316709175812	-0.630589840725287	1	1	1
AHRARNT_01	668	593	1514	1418	978	0.000234162495610147	0.00391450081414233	0.0395653134938229	9.8432360197556	0.0130504150540244	0.0679822767879357	0.370840989187866
AHRARNT_02	696	661	1717	1548	978	0.0476501741042823	0.0204992834215833	0.00162553073321202	15.7119428520587	0.325315386168742	0.248127930800769	0.0309971894988362
AHR_01	796	797	2162	2182	978	0.54629336515062	0.3907240329716	0.625113101985758	-1.54219634142583	1	1	1
AIOLOS_01	6	4	6	5	978	0.376637457813987	0.263808785680416	0.5	1.48468501888278	0.959818037654999	0.81603898895065	1
ALX4_01	0	0	0	0	978	1	1	1	0	1	1	1
AMYB_01	0	1	0	1	978	1	0.841592033407629	1	0	1	1	1
AP1FJ_Q2	867	845	2411	2490	978	0.0753020706511094	0.734893859024602	0.873698598082054	-5.08204519600093	0.429299433711995	1	1
AP2ALPHA_03	928	908	18109	16364	978	0.0365131762870375	0.00458864673912442	1.3833950706353e-21	34.5221517452803	0.274974377027418	0.0725006184781659	3.8250873703066e-19
AP2_Q6	860	822	9319	8658	978	0.00790911951479057	0.0141010284842905	3.83233280892711e-07	23.9293484598662	0.104136740278076	0.185663541709826	1.6302154179513e-05
AP4_01	0	0	0	0	978	1	1	1	0	1	1	1
APA1_02	2	0	2	0	978	0.249872122762148	0.0787026523773948	0.249999883807345	0	0.810006178509455	0.500259560733056	0.987247488809849
AREB6_01	862	823	2231	2169	978	0.00638683820003542	0.155988236510064	0.17864305142947	5.02374780422698	0.0882980381154897	0.632181620289068	0.859040064699976
ARNTLBHLHA15_01	0	1	0	1	978	1	0.841592033407629	1	0	1	1	1
ARNTL_01	2	3	4	6	978	0.81281993863464	0.672970147993195	0.828125571886786	-1.82829879553533	1	1	1
AR_02	705	675	1368	1278	978	0.0751190958676848	0.0969994704057688	0.0416930168217638	13.1270053391528	0.429299433711995	0.535418240066091	0.382844546666766
AR_12	0	0	0	0	978	1	1	1	0	1	1	1
ATF3_05	7	4	7	4	978	0.273835339325644	0.182323134424052	0.274413538269959	4.89965954794996	0.836635042249066	0.682643353643928	1
ATF4TEF_01	19	12	19	12	978	0.13859196735777	0.102611470822423	0.140519016619308	6.95879908003458	0.594119053867027	0.535418240066091	0.792928736637523
BACH1_01	194	196	230	257	978	0.567397969311621	0.609508258710515	0.897793159509816	-5.07357968162326	1	1	1
BATF3_01	0	0	0	0	978	1	1	1	0	1	1	1
BATFJUN_01	32	31	38	35	978	0.499999999999999	0.446113348517094	0.407559070902834	0.960585508316281	1	1	1
BATF_04	1	1	1	1	978	0.750127877237852	0.500288514255494	0.750000116192655	0	1	1	1
BCL11A_03	63	55	67	57	978	0.25317593699817	0.22109669439746	0.209530157059279	2.97927827591766	0.810006178509455	0.759419080756494	0.934436910111139
BCL6_02	870	836	2795	2692	978	0.0126404530586598	0.104566310898983	0.0839822260288009	5.83457061572627	0.139803410828777	0.535418240066091	0.619228946585692
BEN_02	970	962	8145	7487	978	0.0745362348189222	0.000125749814407805	6.64649338640633e-08	21.1334420811699	0.429299433711995	0.0139079294735032	4.08390093631411e-06
BMAL1_Q6	311	293	376	359	978	0.202707996050888	0.211044451216784	0.277519568417163	2.68691862872307	0.754964890954376	0.743360391865488	1
BRACH_01	0	0	0	0	978	1	1	1	0	1	1	1
BRN3B_01	3	4	3	4	978	0.773857742279839	0.647631142466056	0.77343788125768	-1.58335982591123	1	1	1
BTEB3_Q5	942	927	11736	11428	978	0.0621080806904891	0.00105241985460002	0.0212756261649974	24.8709613843762	0.394778949676327	0.036374261224613	0.24511294310924
CACCCBINDINGFACTOR_Q6	861	791	3650	3482	978	7.75481038475967e-06	0.000453187796832712	0.0238053444955397	14.5310654910775	0.0042884101427721	0.0269598835939697	0.268660316449663
CARF_01	7	3	7	3	978	0.171244313483067	0.102486740365757	0.171874428113214	7.57249417751227	0.676415038258114	0.535418240066091	0.853610685079954
CDC5_01	133	134	151	157	978	0.552384146960674	0.54341906835471	0.654979466026676	-1.6288721744193	1	1	1
CDPCR3_01	750	712	1696	1617	978	0.0270500128509906	0.200049926070636	0.087515834230971	7.90388291556317	0.233729017290591	0.718361098162738	0.620464824740089
CDP_01	858	853	3378	3800	978	0.392361837236984	0.971167394445178	0.999999717001053	-21.8871804213731	0.990758429187453	1	1
CDP_Q6_01	782	770	2214	2361	978	0.269497319727467	0.77575994376965	0.985758752249793	-10.1284551475836	0.836635042249066	1	1
CEBPGELF1_01	84	77	89	84	978	0.310846479332274	0.2836038492269	0.380566821328294	1.41670069710519	0.889809211861185	0.829803855145375	1
CEBPG_Q6	846	835	4247	4551	978	0.257718520777631	0.936184308642066	0.999440268894235	-13.1575003491353	0.819070930977184	1	1
CIZ_03	0	1	0	1	978	1	0.841592033407629	1	0	1	1	1
CLOCKFIGLA_01	147	108	178	129	978	0.00530469077801277	0.00426599938710384	0.00302943054270547	18.767596660602	0.0814859444511406	0.0693852253255418	0.0507659118217008
CLOCKNHLH1_01	43	41	47	45	978	0.455638428505121	0.412173079396216	0.458519372984445	1.67845703970655	1	1	1
CMYB_01	0	0	0	0	978	1	1	1	0	1	1	1
CMYC_02	539	525	1210	1208	978	0.277545219121042	0.414545669645017	0.491883268388671	0.51577166136545	0.843310473483167	1	1
COE2_02	1	1	1	1	978	0.750127877237852	0.500288514255494	0.750000116192655	0	1	1	1
CP2_01	969	952	6063	6186	978	0.00277979371778294	0.638971197803646	0.869408703922745	-4.91433572307122	0.0530077905494472	1	1
CPEB1_01	649	691	1679	1964	978	0.981856218097349	0.999613476342553	0.999998956421699	-17.0379297102915	1	1	1
CREB3L1_02	0	1	0	1	978	1	0.841592033407629	1	0	1	1	1
CREBP1_Q2	578	552	1133	1076	978	0.126216024488493	0.118316689122402	0.11660702960568	3.02961290102107	0.553948107477277	0.594810264406259	0.741191808872882
CRX_02	447	451	590	681	978	0.589733169450307	0.848644706858608	0.995092619176223	-12.7379522245995	1	1	1
CTCF_04	795	761	3138	3002	978	0.0321159700798644	0.142662153055172	0.0422305919469669	8.79872351631166	0.257393209480653	0.632181620289068	0.382844546666766
CTCF_06	947	933	5323	5177	978	0.0638712483100058	0.104562576047048	0.0780177694886887	5.3540192669568	0.401372730857196	0.535418240066091	0.599219812878401
CTF1_01	780	766	2300	2348	978	0.235113124423742	0.628299864720847	0.764082569644659	-1.27460051744433	0.806946099172809	1	1
CTIP2_01	5	3	5	4	978	0.363000872897464	0.240031098810006	0.5	1.58296693087614	0.946884352416497	0.794133700758757	1
CUX1HOXA13_01	5	2	5	2	978	0.226142257720161	0.128135216585705	0.22656211874232	8.39701791345186	0.796018050941426	0.616554959586213	0.978819153628928
CUX1HOXB13_01	13	20	13	20	978	0.92040375234785	0.890430333855174	0.918623783902288	-6.09189479889617	1	1	1
CUX1NHLH1_02	6	0	6	0	978	0.0155052992130592	0.00709908598502593	0.015624891069538	0	0.158271439772967	0.109049848603315	0.192012550254544
CUX1RFX5_01	16	25	16	26	978	0.94328481396056	0.922617831983227	0.955786774970131	-9.22202014809842	1	1	1
CUX1SRF_01	2	2	2	2	978	0.687691963180784	0.500204114882176	0.687500174289104	0	1	1	1
CUX1_06	0	4	0	4	978	1	0.977360211852413	1	0	1	1	1
CUX2_02	0	1	0	1	978	1	0.841592033407629	1	0	1	1	1
DEAF1_02	43	41	46	44	978	0.455638428505121	0.41208268279229	0.45806356140998	1.19326608354649	1	1	1
DEC_Q1	809	786	2035	2031	978	0.0998549005004305	0.237879911708783	0.481220283310432	1.70721323017956	0.488670442272018	0.792455368523837	1
DLX3_01	607	628	1605	1916	978	0.848756728647536	0.990991174591707	0.999999930150081	-27.3320218586848	1	1	1
DMRT2_01	40	40	41	43	978	0.545401853033096	0.503770888960097	0.628180330288413	-1.75271129003528	1	1	1
DRRS_02	51	51	52	53	978	0.540473620593142	0.502156617306907	0.577316709175812	-0.435071583269407	1	1	1
E2F1EOMES_02	44	41	49	46	978	0.412308521463613	0.368738609444354	0.418776261077245	0.487467658645703	1	0.971011671536799	1
E2F1HES7_02	31	29	33	32	978	0.447905908779768	0.398454141112557	0.5	0.938773208753242	1	1	1
E2F1NHLH1_01	27	20	29	20	978	0.187935422640756	0.149365764501467	0.126432156936798	10.042279167263	0.711837593974917	0.632181620289068	0.751795513828489
E2F2_05	0	0	0	0	978	1	1	1	0	1	1	1
E2F3DRGX_01	23	19	23	20	978	0.32016570802683	0.267642473234431	0.380394653905722	2.19137363129553	0.891216042778879	0.81603898895065	1
E2F3FOXI1_01	64	61	68	65	978	0.426698808170927	0.391273769821848	0.431199635161077	1.37629381839691	1	1	1
E2F3ONECUT2_01	1	1	1	1	978	0.750127877237852	0.500288514255494	0.750000116192655	0	1	1	1
E2F7_01	0	0	0	0	978	1	1	1	0	1	1	1
E2F_01	947	927	4120	4307	978	0.0157412824367327	0.757722523406545	0.979917425979717	-9.31976850643464	0.158271439772967	1	1
E4BP4_01	23	32	26	32	978	0.914569988062585	0.8882677108866	0.820931599424855	-5.3042356589555	1	1	1
EGR3_05	1	0	1	0	978	0.5	0.158902794249874	0.5	0	1	0.632181620289068	1
EGR4_02	0	0	0	0	978	1	1	1	0	1	1	1
EGR_Q6	704	648	3070	3108	978	0.00354067302601681	0.00315956421760777	0.69036685499377	6.45106004831705	0.0611872557308529	0.0622298334605739	1
ELK1FOXI1_01	1	2	1	2	978	0.875191815856777	0.718447755425357	0.875000174288982	-2.91685885414644	1	1	1
ELK1HOXA3_01	28	20	29	21	978	0.153148243253783	0.121508885801533	0.161115339186411	8.35141407798455	0.636774274581518	0.605355079713943	0.853610685079954
ELK1PAX9_01	0	0	0	0	978	1	1	1	0	1	1	1
ELK1SREBF2_02	7	4	7	4	978	0.273835339325644	0.182323134424052	0.274413538269959	5.93767662063379	0.836635042249066	0.682643353643928	1
ERBETA_Q5	774	763	1792	1759	978	0.290794777380517	0.270027905027113	0.295483524880779	3.06360925971725	0.859943913857893	0.81603898895065	1
ERFCLOCK_01	22	18	22	19	978	0.316149419133732	0.262681432231045	0.377613191111962	2.97418326715707	0.891216042778879	0.81603898895065	1
ERFMAX_01	1	1	1	1	978	0.750127877237852	0.500288514255494	0.750000116192655	0	1	1	1
ERFONECUT2_01	3	8	3	8	978	0.967655668099107	0.934699520802056	0.967285493253774	-7.74662013909054	1	1	1
ERFSREBF2_02	3	0	3	0	978	0.124808184143223	0.0416059163381323	0.124999825711018	0	0.552151406649617	0.359501120859175	0.751357648023835
ESRRG_02	1	0	1	0	978	0.5	0.158902794249874	0.5	0	1	0.632181620289068	1
ETS1_03	0	0	0	0	978	1	1	1	0	1	1	1
ETV2ONECUT2_01	1	0	1	0	978	0.5	0.158902794249874	0.5	0	1	0.632181620289068	1
ETV2RFX5_02	1	0	1	0	978	0.5	0.158902794249874	0.5	0	1	0.632181620289068	1
ETV2SPDEF_01	0	0	0	0	978	1	1	1	0	1	1	1
ETV2TBX21_03	7	2	7	2	978	0.0893398473129516	0.0474848442204799	0.0898432924911026	16.8824649212156	0.470523195848212	0.386163512557727	0.628903047437718
ETV2TCF3_01	92	75	97	79	978	0.097663865387833	0.0845045427986739	0.0999454807050912	8.46930010596639	0.486559617652898	0.519233468529629	0.681681058837254
ETV5EOMES_01	209	199	249	233	978	0.308254161742482	0.269737984999476	0.247226174815691	5.54039922512305	0.889809211861185	0.81603898895065	0.987247488809849
ETV5HES7_01	625	570	2204	1870	978	0.006121369462585	0.00138645667434038	8.71230424040958e-08	28.5592152031597	0.0882980381154897	0.0383355270455114	4.37991294995136e-06
ETV6_01	8	8	8	9	978	0.59859428073435	0.500921350764646	0.685471270668268	-1.29183832289416	1	1	1
ETV7TBX21_01	20	13	20	13	978	0.146040047062237	0.109636984231308	0.148101323567913	8.86770858042714	0.61648966431616	0.556231672292785	0.810891405277783
EVI1_01	24	26	78	28	978	0.666117696766844	0.612340008658053	6.25248763523957e-07	13.1640055928819	1	1	2.30508377485832e-05
EVI1_03	47	53	51	57	978	0.763726524028314	0.730379960493688	0.749622190463255	-2.74422019205943	1	1	1
EVI1_09	0	0	0	0	978	1	1	1	0	1	1	1
EVX2_03	864	837	4192	4775	978	0.0403314445164685	0.990191992395683	0.99999999968399	-23.4834310971371	0.285984933466858	1	1
EVX2_04	8	11	8	11	978	0.821543571240717	0.755428745695344	0.820359348402096	-2.76398117193661	1	1	1
FKHL14_Q2	232	228	323	320	978	0.436470332641912	0.373880744171201	0.468566456778072	2.26078009050191	1	0.979886500126418	1
FLI1CEBPB_01	0	0	0	0	978	1	1	1	0	1	1	1
FOXC1_Q4	685	675	1853	2057	978	0.329212805448584	0.936222759213888	0.999484798206509	-13.3373006027232	0.896821090704764	1	1
FOXD2_04	0	0	0	0	978	1	1	1	0	1	1	1
FOXG1_01	0	0	0	0	978	1	1	1	0	1	1	1
FOXG1_02	0	0	0	0	978	1	1	1	0	1	1	1
FOXI1_03	0	0	0	0	978	1	1	1	0	1	1	1
FOXJ2_02	664	679	2251	2812	978	0.782267297413583	0.996628368355816	0.999999999999999	-29.2648497245359	1	1	1
FOXJ2_03	2	10	2	10	978	0.996899876345603	0.98972691549052	0.996826239275426	-9.16581011813441	1	1	1
FOXL2_Q2	270	303	369	425	978	0.954430490572028	0.951498793230259	0.978509008184842	-9.629573403204	1	1	1
FOXL2_Q5	661	674	1421	1550	978	0.751748231126235	0.912255627116698	0.991506340386728	-10.5671051405875	1	1	1
FOXM1_Q3	903	876	4984	5061	978	0.0200962631130537	0.47533015568703	0.782325591225652	-3.90608874530867	0.185220558358645	1	1
FOXN4_01	978	966	14354	13767	978	0.000235993038951617	0.0118052567289929	0.000217688772513362	26.0996382904561	0.0130504150540244	0.16739248643931	0.00547190414544952
FOXO1ETV7_01	3	8	4	8	978	0.967655668099107	0.934384033324901	0.92700251479887	-6.36455709793104	1	1	1
FOXO3_01	624	616	1339	1401	978	0.371250228975239	0.658888942976106	0.885770257237187	-4.99655596550013	0.959352227211717	1	1
FOXO3_03	0	0	0	0	978	1	1	1	0	1	1	1
FOXO6_03	2	5	2	5	978	0.937835677308874	0.872026841556723	0.937500305005719	-4.89952003338323	1	1	1
FOXP1_01	1	5	1	5	978	0.984494700786941	0.949028215504183	0.984375108930462	-7.84908096305261	1	1	1
FXR_Q3	513	544	824	934	978	0.92673591356974	0.986588906853314	0.99596587570396	-11.2052480213494	1	1	1
GATA5_06	176	210	202	234	978	0.976663430906362	0.968475302742612	0.943063965034164	-5.07151827191492	1	1	1
GATAD2A_01	964	951	6245	6204	978	0.028468606283473	0.296247214263224	0.359594623809419	0.71446335201367	0.242202142688624	0.848832691645404	1
GCM1CEBPB_01	0	0	0	0	978	1	1	1	0	1	1	1
GCM1ELF1_02	151	137	174	156	978	0.203417303349371	0.180851204757151	0.174672462035229	5.38707416716733	0.754964890954376	0.682643353643928	0.854813022172404
GCM1ELK3_01	4	4	4	4	978	0.636999127102536	0.500144479128278	0.636719004171964	0	1	1	1
GCM1ETV4_01	60	40	62	45	978	0.0253118192664588	0.0212152124335236	0.0607515820114027	9.46499829860239	0.222618187392095	0.249617286717842	0.51670635077106
GCM1ETV7_01	12	13	12	15	978	0.655940413472907	0.581753708318564	0.778967275541491	-1.88928406012906	1	1	1
GCM1FOXI1_01	113	106	136	124	978	0.333548187043172	0.301917235198408	0.247583378479658	3.87590832525235	0.899766572853044	0.860619747756287	0.987247488809849
GCM1MAX_03	2	2	2	2	978	0.687691963180784	0.500204114882176	0.687500174289104	0	1	1	1
GCM1NHLH1_01	192	214	235	250	978	0.900146942030005	0.847741910298704	0.766247693555767	-4.83578051637007	1	1	1
GCM1ONECUT2_01	1	3	1	3	978	0.937691766748775	0.841654219082182	0.937500174288942	-4.54676664935967	1	1	1
GCM1PITX1_02	288	283	387	425	978	0.421164413535828	0.422288671561277	0.914502330091824	-6.93739584073813	1	1	1
GCM1SOX2_01	2	2	2	2	978	0.687691963180784	0.500204114882176	0.687500174289104	0	1	1	1
GCM1TBX21_02	26	31	26	33	978	0.789919158906237	0.75150488849154	0.851205716534498	-6.3511194759953	1	1	1
GCM1_05	37	38	55	53	978	0.592998756034206	0.532372015283292	0.461699557536206	-2.97370117747558	1	1	1
GCM2E2F8_01	393	368	744	925	978	0.13283799351945	0.21699367925857	0.99999591903237	-16.4749386229387	0.575676493678207	0.749984403937434	1
GCM2HES7_01	438	403	883	825	978	0.060218145716112	0.0748651763780084	0.0838210148103022	9.18647431772578	0.387216681174534	0.500259560733056	0.619228946585692
GCM2HOXA13_01	10	13	10	13	978	0.798967400866317	0.735426061509073	0.797564820602486	-3.15057610868637	1	1	1
GCM2MAX_01	273	258	336	335	978	0.238304035160025	0.294317100771493	0.5	0.120596555725148	0.806946099172809	0.847694566284562	1
GCM2SOX15_01	106	94	111	99	978	0.205872743044143	0.186620660932233	0.223932419032728	5.38732217700946	0.758984179356076	0.683451824473674	0.975075808859042
GCM2TBX21_02	4	5	4	5	978	0.746598428784565	0.630945654195331	0.746094207509535	-1.84482467630531	1	1	1
GCNF_01	8	21	8	23	978	0.996160629034457	0.992548924833412	0.998336662840129	-12.5448011217904	1	1	1
GFI1B_01	694	701	1464	1556	978	0.655393381449916	0.863239992847282	0.954827843242813	-7.65067171136375	1	1	1
GLI3_03	0	0	0	0	978	1	1	1	0	1	1	1
GLIS1_01	0	0	0	0	978	1	1	1	0	1	1	1
GMEB2_02	1	1	1	1	978	0.750127877237852	0.500288514255494	0.750000116192655	0	1	1	1
GMEB2_03	3	7	3	8	978	0.945762066759955	0.897802215264099	0.967285493253774	-6.66197062993295	1	1	1
GRE_C	968	940	6997	6666	978	2.51957143801292e-05	0.0514930177340552	0.00231056611723272	18.4061753664026	0.00696661502610571	0.402076367865258	0.0412175181557966
GRHL1_01	19	19	27	28	978	0.564926265078469	0.500601243090493	0.606148237206121	-1.00642545666477	1	1	1
GZF1_01	0	0	0	0	978	1	1	1	0	1	1	1
HELIOS_01	4	3	4	3	978	0.5	0.3526563345352	0.5	1.91669873662938	1	0.946693946592066	1
HES1_Q2	840	802	2250	2153	978	0.0112814191104328	0.0857662599295422	0.0737702362810593	7.69182067375394	0.127875679894789	0.521194964187218	0.589779475273854
HES5_01	0	0	0	0	978	1	1	1	0	1	1	1
HESX1_02	3	0	3	0	978	0.124808184143223	0.0416059163381323	0.124999825711018	0	0.552151406649617	0.359501120859175	0.751357648023835
HIC1_03	678	608	1675	1401	978	0.0005017209884598	4.28790288747306e-05	4.13379034339881e-07	30.6113905751376	0.018496780441218	0.00790403432257534	1.63284718564253e-05
HIC2_01	938	912	4759	4543	978	0.00610221081454143	0.00404071841448165	0.0127375860765397	9.49322713635649	0.0882980381154897	0.0679822767879357	0.167711550007772
HIC2_03	0	0	0	0	978	1	1	1	0	1	1	1
HIF1_Q5	647	607	1390	1309	978	0.0329858719751746	0.0658510749570859	0.0616683890612838	8.56913912256027	0.260588388603879	0.468409261626417	0.51670635077106
HINFP_02	0	0	0	0	978	1	1	1	0	1	1	1
HINFP_03	1	0	2	0	978	0.5	0.158902794249874	0.249999883807345	0	1	0.632181620289068	0.987247488809849
HMX1_01	1	2	1	2	978	0.875191815856777	0.718447755425357	0.875000174288982	-2.2391902066038	1	1	1
HNF1B_01	735	741	2296	2428	978	0.643478818421978	0.887508780207577	0.973645142722591	-11.6748050330796	1	1	1
HNF1_C	272	297	384	462	978	0.902245553344804	0.943629560932967	0.996719294310556	-14.1369860620641	1	1	1
HNF3B_01	581	614	1533	1773	978	0.942597435334122	0.972450533244681	0.999986442799695	-15.7004184928612	1	1	1
HNF4A_09	828	778	2049	1928	978	0.00190198787071006	0.0123339446508732	0.0284088433767336	7.28397779114657	0.0423725217232011	0.168529074356678	0.305868918055542
HNF4GAMMA_01	0	0	0	0	978	1	1	1	0	1	1	1
HNF6_Q6	229	240	291	321	978	0.737439552355835	0.776945238802412	0.894965561459999	-5.94013758282179	1	1	1
HOX13_01	654	662	1311	1446	978	0.667745502471131	0.968348232501868	0.995232227690069	-21.7648219942204	1	1	1
HOXB13EOMES_01	828	802	2615	2741	978	0.0646169688668418	0.905865298291424	0.958855257026296	-7.91634955232224	0.401496447004084	1	1
HOXB13TBX3_01	123	142	132	152	978	0.906847089345259	0.893113591516948	0.893691936839987	-6.28174441539911	1	1	1
HOXB2ELK1_02	2	2	2	2	978	0.687691963180784	0.500204114882176	0.687500174289104	0	1	1	1
HOXB2ESRRB_01	1	0	1	0	978	0.5	0.158902794249874	0.5	0	1	0.632181620289068	1
HOXB2PITX1_01	144	159	173	198	978	0.841314747792649	0.838627291925653	0.91152694856355	-5.87252088300176	1	1	1
HOXB2RFX5_01	142	154	161	171	978	0.793937426086122	0.762999144552002	0.726962839497959	-3.20182806231983	1	1	1
HOXB2_03	2	3	2	3	978	0.81281993863464	0.672970147993195	0.81250029048184	-1.9170556811767	1	1	1
HOXC10TBX21_01	14	22	14	22	978	0.935536083174447	0.910784738594664	0.933752535579703	-6.18003606987753	1	1	1
HOXD10_Q2	234	311	346	564	978	0.999959032919983	0.999988671119002	0.999999999999852	-25.4525087811053	1	1	1
HOXD12EOMES_01	2	2	2	2	978	0.687691963180784	0.500204114882176	0.687500174289104	0	1	1	1
HOXD12ETV4_01	0	0	0	0	978	1	1	1	0	1	1	1
HOXD12TBX21_01	5	6	5	6	978	0.726164660674356	0.618900558061156	0.725586461730041	-1.68409934091472	1	1	1
HOXD13_01	513	538	933	1138	978	0.880814766553238	0.991672723611946	0.999997084054008	-23.3132647976795	1	1	1
HOXD13_04	17	27	17	27	978	0.953796281193838	0.936316865913438	0.951930818215587	-6.11700288415587	1	1	1
HOXD9_Q2	484	537	804	1046	978	0.992754388982704	0.999773573283937	0.99999999243048	-22.1900692353517	1	1	1
HSF2_02	205	251	282	334	978	0.994045653881349	0.990206077106511	0.983691539317489	-9.63857392994487	1	1	1
HSF2_Q6	116	109	134	138	978	0.335381754471899	0.343270654140293	0.619094649480827	0.336231147006579	0.900320923412428	0.935116609554592	1
HSFY1_01	114	96	165	128	978	0.107142722170858	0.0814210342074014	0.0176307482599743	10.4888149207526	0.519736187372671	0.511657180871511	0.211952256255778
IK1_01	974	960	6948	6648	978	0.00206882113295919	0.0177850242605279	0.0050482178106623	12.0607439716061	0.0423725217232011	0.228723684094696	0.0775462347026736
IK3_01	971	952	6188	5821	978	0.00060157481283674	0.00286669374569288	0.000404860750650998	17.9771387961448	0.0185690049200095	0.0609723708218524	0.00932866646291674
IRF4_05	1	0	1	0	978	0.5	0.158902794249874	0.5	0	1	0.632181620289068	1
IRF4_09	562	503	1005	783	978	0.00421954804131265	0.000674661030189487	8.24535297241192e-08	24.132391621324	0.0686297078484087	0.0286990422842143	4.37991294995136e-06
IRF4_Q5	224	196	267	228	978	0.0685153409898842	0.0541879635150423	0.0437512935821436	8.01984328915953	0.411836777906586	0.410492381148197	0.3902333121117
IRF7_04	8	5	8	5	978	0.289881983630559	0.20204717222804	0.290526759607546	5.31085891663649	0.859943913857893	0.720852169303909	1
IRF7_Q3	524	512	952	867	978	0.309137009217936	0.460913538225859	0.0243834219320518	5.94957374381282	0.889809211861185	1	0.269680646568493
ISL2_03	962	946	7418	7363	978	0.0136800867344629	0.500352233402526	0.327909139350231	1.40596293370397	0.148335058120745	1	1
ISRE_01	176	147	209	171	978	0.0440335992815176	0.0335944896663128	0.0287616342475374	10.4011885507528	0.30438225503349	0.344084997063861	0.305868918055542
KAISO_01	277	284	360	353	978	0.655393381449916	0.555803253336078	0.411100874826452	1.12843225980545	1	1	1
KAISO_Q2	935	924	17985	16546	978	0.148808797968338	0.00250959745042383	3.03698021634341e-15	36.4461055543198	0.623418676337053	0.0578253079201825	4.19862514909476e-13
KLF13_01	10	13	12	16	978	0.798967400866317	0.735845284152121	0.827537354740497	-4.2145893167426	1	1	1
KLF8_01	16	12	17	12	978	0.284390251712934	0.222629944619059	0.22912763231194	4.2822294492636	0.854716354332894	0.759965181323084	0.982229307507774
KLF9_01	196	171	235	216	978	0.0822415707283671	0.0784470017123458	0.198321699399394	4.5998818851729	0.445878319733206	0.500259560733056	0.891641461527356
LBX2_03	932	905	6843	7422	978	0.00680875395850204	0.974629727891088	0.999999450329035	-20.0834591949914	0.0918351448549177	1	1
LEF1_05	636	631	1267	1260	978	0.424916699724858	0.395730040266929	0.452469930226673	0.927476940636322	1	1	1
LHX2_03	13	16	21	29	978	0.772566271159593	0.716793417444527	0.898683250899129	-1.91241253837387	1	1	1
LHX3_01	480	503	1667	2003	978	0.861114398580627	0.984387915998297	0.99999998736391	-22.9398124382125	1	1	1
LHX6_06	2	2	3	3	978	0.687691963180784	0.500204114775257	0.656250217861531	0	1	1	1
LHX6_07	1	2	1	3	978	0.875191815856777	0.718647025673612	0.937500174288942	-2.45183330808792	1	1	1
LRF_Q6	824	759	3664	3397	978	0.000111901864699776	0.000771202572457678	0.00075934274849962	16.2796585709526	0.0119882199753371	0.0304625016120783	0.0161506361507804
LYF1_01	896	880	2785	2916	978	0.120299770489862	0.809746482451326	0.959992809182727	-6.64889316347562	0.552151406649617	1	1
MAFA_Q4_01	858	821	2312	2161	978	0.00972024237359314	0.0348198346218263	0.0123741245021427	11.2124501393967	0.116854218099935	0.350097609924908	0.166899776821583
MAFB_Q4	955	937	4344	4141	978	0.0149841128793349	0.0101143361409452	0.0139976502889175	10.0118792005969	0.156343668344758	0.151168321241694	0.180016293250497
MAFF_01	2	2	3	2	978	0.687691963180784	0.499795885198013	0.5	0	1	1	1
MAFF_04	0	0	0	0	978	1	1	1	0	1	1	1
MAX_11	55	64	57	67	978	0.827888836781352	0.803647141905623	0.8383831578059	-3.16768404024864	1	1	1
MEF2_01	0	0	0	0	978	1	1	1	0	1	1	1
MEF2_04	350	420	541	677	978	0.999494667364022	0.999728878003818	0.999957618132176	-23.164824061744	1	1	1
MEIS1AHOXA9_01	934	912	5209	5396	978	0.0194317783889585	0.843593770240688	0.966385206684176	-8.51082349831808	0.182131753374475	1	1
MEIS1DLX3_01	50	58	53	59	978	0.81349166009569	0.782092745315801	0.745748940305413	-2.835481687464	1	1	1
MEIS1DRGX_01	839	815	2324	2287	978	0.0749943846496195	0.477479452189975	0.297806527822932	2.20901607251936	0.429299433711995	1	1
MEIS1EOMES_01	959	937	4696	4612	978	0.0027315766963174	0.0395815635850878	0.194298384434004	3.46855806831062	0.0530077905494472	0.359501120859175	0.889238049562731
MEIS1SOX2_01	15	13	15	13	978	0.42473651080485	0.351821575959112	0.425276523395247	2.18434319820318	1	0.946693946592066	1
MEIS1_02	195	201	216	226	978	0.653151262898604	0.634345721637556	0.699581921501292	-2.58894004606469	1	1	1
MEIS1_06	2	4	2	4	978	0.890984838729149	0.793310176716355	0.890625326791994	-3.39207199473459	1	1	1
MEIS2ONECUT2_01	4	7	4	7	978	0.887379129855549	0.817840335954009	0.886719349119212	-4.72125838875546	1	1	1
MEIS2_05	0	0	0	0	978	1	1	1	0	1	1	1
MEOX2_03	3	1	3	1	978	0.312308036819215	0.158593194600637	0.312499825710896	7.07247023397373	0.889809211861185	0.632181620289068	1
MGADLX2_01	18	21	18	21	978	0.740916056192136	0.686263855524344	0.738803207664688	-2.20437485683329	1	1	1
MIBP1_Q6	588	597	1028	1116	978	0.678203114152536	0.906043925996037	0.972776735983685	-8.84477353270286	1	1	1
MIZF_03	0	0	0	0	978	1	1	1	0	1	1	1
MRF2_01	80	89	83	95	978	0.78949291754246	0.76890780626758	0.835072274445074	-4.45584717960429	1	1	1
MSX1_01	798	787	2202	2219	978	0.282075890929389	0.587864812302531	0.606800174776992	-1.19686303122961	0.852393266032526	1	1
MSX1_Q5	105	129	125	160	978	0.959314674707546	0.953168387448116	0.983612135988284	-9.95727840331942	1	1	1
MSX2_03	7	9	7	9	978	0.773692488423685	0.692231612004352	0.772751706366994	-2.78935804586352	1	1	1
MSX2_Q3	864	870	3100	3507	978	0.69106314590766	0.999812079383187	0.999999753127877	-20.7288154809804	1	1	1
MTF1_01	958	940	4951	4521	978	0.0113307564463737	0.0013013391606522	4.97179581824588e-06	29.3804750788562	0.127875679894789	0.0382919148170549	0.000152744615971665
MTF1_07	1	0	1	0	978	0.5	0.158902794249874	0.5	0	1	0.632181620289068	1
MYBL1ELF1_01	2	0	2	0	978	0.249872122762148	0.0787026523773948	0.249999883807345	0	0.810006178509455	0.500259560733056	0.987247488809849
MYBL1FIGLA_01	43	48	44	50	978	0.740150689800864	0.705711973878264	0.764758802740838	-3.71651186480503	1	1	1
MYBL1HOXA13_01	2	1	2	1	978	0.499999999999999	0.281951091532373	0.5	4.24422855601542	1	0.829356136262779	1
MYBL1ONECUT2_01	66	47	68	50	978	0.0403378387168443	0.033599619966453	0.058601450303946	9.24423936866858	0.285984933466858	0.344084997063861	0.506353156532534
MYBL2_02	13	11	13	13	978	0.418910984994088	0.342738748510732	0.577490976759335	2.13255886471326	1	0.935116609554592	1
MYBL2_03	1	5	1	6	978	0.984494700786941	0.949071861771402	0.992187576251253	-7.58336775157085	1	1	1
MYBL2_05	4	12	6	17	978	0.989619068612633	0.977621472421296	0.99468918907684	-8.68024122745866	1	1	1
MYOD_01	0	0	0	0	978	1	1	1	0	1	1	1
MYOGNF1_01	977	961	8562	8205	978	6.81010202128114e-05	0.0113422174892815	0.00288860029065565	30.1381506312403	0.0119882199753371	0.165059112409807	0.0499186237728929
NERF_Q2	962	936	4810	4630	978	0.000360664683993271	0.0693031689151463	0.0324154656948867	9.98784830593819	0.015506983073049	0.485122182406024	0.320102723737006
NFAT5_02	7	4	7	4	978	0.273835339325644	0.182323134424052	0.274413538269959	5.33911842636684	0.836635042249066	0.682643353643928	1
NFATC1_01	7	6	7	7	978	0.5	0.391301262829971	0.604736668875002	1.63197064329198	1	1	1
NFATC1_02	5	2	7	3	978	0.226142257720161	0.128216673331672	0.171874428113214	7.84286487928685	0.796018050941426	0.616554959586213	0.853610685079954
NFATC1_03	0	2	0	4	978	1	0.921509515976452	1	0	1	1	1
NFIA_03	96	85	101	89	978	0.217650310230975	0.192599909473252	0.212455728832645	3.79974057167032	0.781562477647592	0.696129084566722	0.93990414435562
NFKB_C	596	572	1215	1168	978	0.14450320939428	0.0871042018590667	0.172883176725054	0.797877744382657	0.614694421500284	0.521569480569491	0.853610685079954
NFY_C	673	675	1348	1357	978	0.558255429401635	0.437470848865678	0.576280628136754	-0.55337034647896	1	1	1
NKX22_01	567	567	1118	1199	978	0.518267526010596	0.775519017328742	0.955862550304427	-5.98616167632734	1	1	1
NKX23_04	13	20	13	20	978	0.92040375234785	0.890430333855174	0.918623783902288	-6.66825120763251	1	1	1
NKX25_03	953	938	5541	5446	978	0.038313530372015	0.258040772101192	0.184304464065324	5.3448031112289	0.282498430609657	0.81603898895065	0.878623867483831
NKX31_06	499	454	756	700	978	0.0232596417176313	0.0463885952536646	0.0746556297815004	5.92860557656531	0.210861997866395	0.382879002616067	0.589779475273854
NKX61_01	299	326	427	469	978	0.912737650697076	0.891004539992042	0.924636805344589	-6.03878555715463	1	1	1
NKX62_Q2	564	564	1353	1669	978	0.518249581098134	0.977285957785631	0.99999999616822	-23.6137915619912	1	1	1
NOR1_02	1	1	1	1	978	0.750127877237852	0.500288514255494	0.750000116192655	0	1	1	1
NR2E1_02	86	104	98	111	978	0.926642430532002	0.907081615228924	0.833582883803502	-4.27359479242015	1	1	1
NR2F1_05	802	776	1812	1873	978	0.0760963912032247	0.661298675100021	0.846662290621381	-4.96085644237774	0.429401064646768	1	1
NR4A2_02	3	0	6	0	978	0.124808184143223	0.0416059163381323	0.015624891069538	0	0.552151406649617	0.359501120859175	0.192012550254544
NR4A2_03	2	1	2	1	978	0.499999999999999	0.281951091532373	0.5	3.74391000230325	1	0.829356136262779	1
NR4A2_04	39	36	42	38	978	0.407001243965794	0.362215537559629	0.368774795535269	2.02666521190479	1	0.967636203946885	1
NRF1_02	19	25	40	54	978	0.857143861255669	0.819681810541152	0.939318507532269	-5.57175662369378	1	1	1
NRSF_01	6	3	6	3	978	0.253401571215435	0.158241643177346	0.253905792490465	7.68163118465438	0.810006178509455	0.632181620289068	0.988802135543853
OCT1_01	458	454	743	775	978	0.445922950419354	0.516008840995205	0.801579168707209	-4.55981149464501	1	1	1
OCT1_06	902	885	5430	5775	978	0.0988732570329426	0.890409786180963	0.999476240151931	-16.0486068488373	0.488186706600154	1	1
OLF1_01	501	492	782	830	978	0.358750149802807	0.52989693447017	0.888941890569698	-8.8293286385231	0.940231435265177	1	1
OSR2_05	0	0	0	0	978	1	1	1	0	1	1	1
OTX2_Q3	191	225	223	272	978	0.973481688206377	0.973466936435721	0.987747849366706	-10.5316601380774	1	1	1
P73_Q6	432	416	628	585	978	0.246867646410544	0.13229324894443	0.113851157520369	7.69940698696219	0.810006178509455	0.630673850571291	0.740702236573695
PAX1_B	0	0	0	0	978	1	1	1	0	1	1	1
PAX2_01	782	795	1932	2121	978	0.788392324577156	0.987466160061868	0.998594835294071	-16.0302830412478	1	1	1
PAX2_Q2	868	827	2522	2260	978	0.00386479079567645	0.000336165231784968	7.86139328841435e-05	15.9774177368258	0.0647645245457297	0.0232374216471359	0.00207016689928245
PAX3_01	978	965	8910	8250	978	0.000117268145898797	0.000154156750027338	2.19228957720252e-07	24.2082179776628	0.0119882199753371	0.0142081137941863	1.01028011349416e-05
PAX5_01	976	964	12032	10730	978	0.00201905466975967	3.68702959700814e-07	2.1312517402487e-18	55.9329577467389	0.0423725217232011	0.00020389273671455	3.9286073745251e-16
PAX5_Q6	950	931	4751	4431	978	0.016700469109275	0.0032634089879867	0.000424211793976065	14.2137587125984	0.16202384942858	0.0622298334605739	0.00938356488275055
PAX9_01	0	0	0	0	978	1	1	1	0	1	1	1
PBX1_02	423	437	705	783	978	0.752790974980063	0.918155713525566	0.979771619024235	-10.5529557880044	1	1	1
PBX1_05	951	928	4323	4296	978	0.00504753182445209	0.213798971662273	0.389502410081729	2.27414432617477	0.079751002826343	0.743590134146146	1
PBX4_01	0	0	0	0	978	1	1	1	0	1	1	1
PIT1_Q6	801	777	3162	3248	978	0.0938820816218414	0.539907404996043	0.86176341724817	-6.99061169839078	0.480711029045169	1	1
PITX1EOMES_01	120	144	127	166	978	0.951038946175606	0.952109568678311	0.99035727702772	-11.7116598363355	1	1	1
PITX1FIGLA_01	83	110	93	120	978	0.983230458877481	0.97855258805398	0.972611735771312	-9.50836010242275	1	1	1
PITX1HES7_01	11	9	11	9	978	0.411447705763242	0.326653442443873	0.411901064540389	2.45003819859237	1	0.900647862558404	1
PITX1TBX21_01	2	2	2	2	978	0.687691963180784	0.500204114882176	0.687500174289104	0	1	1	1
PLAG1_02	702	658	4928	5559	978	0.0173064124559911	0.0533701395302618	0.999999999696153	-13.9317042958357	0.165007691175226	0.409912321669927	1
PLAG1_04	11	14	17	18	978	0.789327175772823	0.726571257000758	0.632061643007272	-0.817344631921347	1	1	1
PLAG1_06	0	0	0	0	978	1	1	1	0	1	1	1
PLAG1_08	1	1	1	1	978	0.750127877237852	0.500288514255494	0.750000116192655	0	1	1	1
PLAGL2_02	0	0	0	0	978	1	1	1	0	1	1	1
PLAGL2_03	200	191	248	226	978	0.325543653962628	0.292953189445197	0.167358578841796	2.71578195703788	0.891216042778879	0.847694566284562	0.853610685079954
PLAGL2_05	0	2	0	2	978	1	0.921509515976452	1	0	1	1	1
PLZFB_Q3	741	728	2055	2113	978	0.26518942471727	0.712318594749004	0.819841531431837	-3.59417616331253	0.833237226526423	1	1
POU2F1DLX2_01	0	2	0	2	978	1	0.921509515976452	1	0	1	1	1
POU2F1EOMES_01	738	688	1577	1500	978	0.00631708571688043	0.0449825763690479	0.0851710097748872	7.0782060073744	0.0882980381154897	0.376899465637629	0.619731163230429
POU2F1ETV4_01	4	1	4	1	978	0.18718006136536	0.0897076212992502	0.18749970951816	10.2480244340166	0.711837593974917	0.521569480569491	0.878706265792734
POU2F1FOXO6_01	12	14	13	15	978	0.722737409404558	0.653416228758069	0.714207169942819	-2.80542755870544	1	1	1
POU2F1HOXB13_01	49	48	53	51	978	0.5	0.458581104614172	0.460973470606495	0.524435102119394	1	1	1
POU2F1SOX2_01	47	52	49	55	978	0.731907054451312	0.698322311090113	0.753682707663661	-3.15201439907426	1	1	1
POU2F1TBX21_01	12	19	15	29	978	0.926811979378602	0.89922277690628	0.988686262722106	-8.22356354025565	1	1	1
POU3F1_Q6	766	758	2426	2457	978	0.351413244510939	0.536387082625658	0.676686237993225	-4.71537923345107	0.925388210545472	1	1
POU3F2_01	728	749	3484	4177	978	0.87632606506002	0.96071584584721	0.999999999999999	-21.9803507990637	1	1	1
POU4F2_01	1	1	1	1	978	0.750127877237852	0.500288514255494	0.750000116192655	0	1	1	1
POU4F2_02	41	27	73	27	978	0.0539711589081228	0.0414353261854974	2.34505189838965e-06	26.5290337050358	0.359590974411951	0.359501120859175	8.10508562380922e-05
POU5F1_01	945	915	7568	7539	978	0.00112361215722673	0.409160477176134	0.409585721975547	1.86468706448742	0.0295884534736372	1	1
POU6F2_01	0	0	0	0	978	1	1	1	0	1	1	1
PPARG_02	972	951	11136	11210	978	0.000144911507787692	0.694454937167294	0.692990314103447	-3.59058299144608	0.0119882199753371	1	1
PRDM10_01	0	0	0	0	978	1	1	1	0	1	1	1
PRDM12_01	17	12	17	13	978	0.227433728840407	0.175732351570579	0.292331033978187	3.63789453392262	0.796018050941426	0.682643353643928	1
PRDM14_01	10	7	10	7	978	0.313766358612895	0.232587010944942	0.314528729331732	3.70385128822536	0.889809211861185	0.779518891227592	1
PRDM14_02	172	206	196	259	978	0.977525770904053	0.980464380218569	0.998672583265009	-13.9932902696793	1	1	1
PRDM15_01	60	59	62	62	978	0.499999999999999	0.464751799261593	0.535754948258367	0	1	1	1
PRDM15_02	0	0	0	0	978	1	1	1	0	1	1	1
PRDM15_03	2	3	2	3	978	0.81281993863464	0.672970147993195	0.81250029048184	-2.00192374807796	1	1	1
PRDM15_04	2	5	2	5	978	0.937835677308874	0.872026841556723	0.937500305005719	-4.51725455172175	1	1	1
PRDM16_05	678	698	1287	1396	978	0.850746450461663	0.938832560257974	0.983215201881818	-6.21872939604663	1	1	1
PRDM1_03	666	666	1262	1215	978	0.51934416927619	0.261019750164344	0.177537733392335	3.6051719937416	1	0.81603898895065	0.859040064699976
PRDM4_01	0	0	0	0	978	1	1	1	0	1	1	1
PRDM5_02	1	0	1	0	978	0.5	0.158902794249874	0.5	0	1	0.632181620289068	1
PRDM5_03	5	6	5	6	978	0.726164660674356	0.618900558061156	0.725586461730041	-1.41559557010534	1	1	1
PREP1_Q3	685	669	1257	1317	978	0.231238685766717	0.653380230367011	0.885525848726828	-5.24648211091096	0.804137332902972	1	1
PROX1_01	2	7	2	8	978	0.980684155453389	0.952650030251364	0.989257955471032	-7.08921377214723	1	1	1
PRRX2_05	0	0	0	0	978	1	1	1	0	1	1	1
PRX2_Q2	790	790	3324	3715	978	0.522875471604838	0.98931117950038	0.999998573384352	-16.8416601004332	1	1	1
PSF_Q5	526	465	815	714	978	0.00332109732006117	0.000859179755170156	0.00524765780729101	9.69708858595772	0.0592440909030267	0.0316750936406064	0.0784312099305927
RARB_01	0	0	0	0	978	1	1	1	0	1	1	1
RBPJK_01	655	604	1081	1033	978	0.00910694380104965	0.0660685757809413	0.153218539127528	4.62440353111672	0.116854218099935	0.468409261626417	0.822619923665272
RELA_03	939	909	4715	4820	978	0.00195329956633939	0.242007142483939	0.86169235811635	-4.2100563340383	0.0423725217232011	0.794133700758757	1
REST_04	106	108	110	116	978	0.585990475456593	0.575759294064716	0.679221149949573	-2.02289613733649	1	1	1
RFX2_02	2	0	2	0	978	0.249872122762148	0.0787026523773948	0.249999883807345	0	0.810006178509455	0.500259560733056	0.987247488809849
RFX3BHLHA15_01	14	5	14	5	978	0.0311497521935642	0.0190360666661211	0.0317834803708406	16.5416009055359	0.25332077886825	0.23924874696284	0.31956844809227
RFX3FIGLA_02	44	38	46	40	978	0.286465593873124	0.249765074347981	0.295014077753943	4.0076297760998	0.856299856280203	0.807719801838791	1
RFX3HES7_01	18	10	18	10	978	0.0908852262478884	0.0639779036143335	0.0924652395650552	10.3931968078719	0.472328495588614	0.468409261626417	0.639165968493444
RFX3SREBF2_01	2	0	3	0	978	0.249872122762148	0.0787026795366652	0.124999825711018	0	0.810006178509455	0.500259560733056	0.751357648023835
RFX3SRF_01	163	161	183	186	978	0.475755357447787	0.480000518277259	0.5824653067757	-0.667770929276937	1	1	1
RFX5_02	6	12	9	23	978	0.952634451056841	0.922603994867849	0.996500021529785	-9.03427812738127	1	1	1
RFX_Q6	590	560	934	871	978	0.0913908662350483	0.0401122902231363	0.0721426726746206	6.21696548273666	0.472328495588614	0.359501120859175	0.586689676309782
RLF_01	19	20	19	20	978	0.626606216903015	0.564296985530199	0.625371794737103	-0.742531144754019	1	1	1
ROAZ_01	1	5	1	9	978	0.984494700786941	0.949159177000872	0.999023457924357	-7.4166834488076	1	1	1
RORA2_01	285	305	361	414	978	0.84956212597209	0.877962795019539	0.973850454095109	-9.05133656376558	1	1	1
RORA_05	0	0	0	0	978	1	1	1	0	1	1	1
RORA_06	0	0	0	0	978	1	1	1	0	1	1	1
RP58_01	52	34	54	37	978	0.0301188248578914	0.0243621478897734	0.0464700207914593	9.24621097894663	0.252359244642635	0.270088131132614	0.407903515836142
RREB1_01	865	845	3883	4036	978	0.097516846866091	0.243425077329818	0.95852191529358	-3.65137181684095	0.486559617652898	0.794133700758757	1
RREB1_04	0	0	0	0	978	1	1	1	0	1	1	1
RREB1_05	0	0	0	0	978	1	1	1	0	1	1	1
RREB_Q5	377	351	533	520	978	0.121118497264825	0.144560766193386	0.355741402077296	1.50885152492158	0.552151406649617	0.632181620289068	1
RUNX2_02	71	61	113	67	978	0.208670887978301	0.18516546663036	0.000375124132585552	18.6221094841579	0.761735711592971	0.682643353643928	0.00901928892694827
RUNX3_01	20	20	21	28	978	0.563336130417314	0.500130299402854	0.873567843063202	-2.35888561242594	1	1	1
RXRA_05	0	0	0	0	978	1	1	1	0	1	1	1
SALL1_01	207	192	237	235	978	0.216073425211906	0.230788900116438	0.481644903209468	0.621501694014866	0.780971268903163	0.7782089131975	1
SALL1_03	68	60	74	61	978	0.261153141713847	0.224116118811488	0.150833659331097	4.66013932012221	0.825243927815756	0.760344869342041	0.817755035393102
SALL3_01	348	356	459	482	978	0.664200055408178	0.718011994174305	0.783046021673327	-3.41415092565314	1	1	1
SALL3_02	0	0	0	0	978	1	1	1	0	1	1	1
SATB1_Q3	138	177	164	215	978	0.99310925492808	0.992303213481969	0.996262670239525	-13.3805899444115	1	1	1
SC1_01	0	3	0	3	978	1	0.958499075139334	1	0	1	1	1
SCRT2_01	7	10	7	10	978	0.834913681349292	0.767565132169076	0.833848011356104	-3.33216473965855	1	1	1
SIP1_Q6	8	3	8	3	978	0.112620870144451	0.0653791773681249	0.113280650880788	10.7242921664197	0.527791027032894	0.468409261626417	0.740702236573695
SIX1_Q3	356	367	482	478	978	0.712969423162153	0.59854879624497	0.461427579248221	0.529165017813954	1	1	1
SIX3_Q6	547	582	1209	1437	978	0.950309947264899	0.996718560825079	0.999995848813549	-18.6286646076871	1	1	1
SIX4_01	943	935	4311	4251	978	0.209374011143095	0.351203565415417	0.261446453144668	3.63849189806789	0.761735711592971	0.946693946592066	1
SMAD3_Q6	933	913	3813	3553	978	0.030887259847026	0.00405680856058206	0.00125054316354853	10.8765790166911	0.25332077886825	0.0679822767879357	0.0246982274800834
SMAD3_Q6_01	843	830	2240	2146	978	0.220284314447539	0.0516228248072935	0.0799031941086818	6.57087525425165	0.785917586383801	0.402076367865258	0.605294059480836
SMAD4_Q6	974	960	8416	8073	978	0.00206882113295919	0.0206399363776408	0.0037509695260087	14.5607397948897	0.0423725217232011	0.248127930800769	0.0610084161142003
SMAD5_02	0	2	0	3	978	1	0.921509488844966	1	0	1	1	1
SMAD5_Q5	957	930	9801	8879	978	0.000637994744087124	0.000531427779274543	6.46596330653984e-12	23.1669560390418	0.0185690049200095	0.0269598835939697	5.10811101216647e-10
SMAD7_01	24	35	24	37	978	0.944034801930373	0.927910611231496	0.963913293451386	-6.19332168709306	1	1	1
SNAP190_01	2	2	2	2	978	0.687691963180784	0.500204114882176	0.687500174289104	0	1	1	1
SOX10_03	0	0	0	0	978	1	1	1	0	1	1	1
SOX10_05	0	0	0	0	978	1	1	1	0	1	1	1
SOX10_08	797	773	1902	1944	978	0.0956388973648594	0.644816626080828	0.756152872983461	-3.32774100783589	0.485213855438231	1	1
SOX18_Q5_01	161	156	183	183	978	0.403078964626004	0.395722539020987	0.520840580675741	0.105426493816608	1	1	1
SOX5_01	652	674	1434	1600	978	0.867135838269637	0.980767113519771	0.998796041891459	-11.4856015715888	1	1	1
SOX6TBX21_01	271	262	319	327	978	0.342285219522607	0.385523692786162	0.638373049906651	-1.57609228430757	0.910017915365392	1	1
SOX8_07	0	0	0	0	978	1	1	1	0	1	1	1
SOX9_05	0	0	0	0	978	1	1	1	0	1	1	1
SOX9_09	616	586	1209	1157	978	0.0889425394482626	0.103046025163585	0.147073628631316	5.127702202421	0.470523195848212	0.535418240066091	0.810891405277783
SOX_Q6	947	915	5002	4978	978	0.00047688823989767	0.363957197867906	0.408748937679372	1.76389681975418	0.018496780441218	0.967636203946885	1
SP1SP3_Q4	565	524	3496	3822	978	0.0343174512094876	0.101149857834716	0.999935835870789	-4.0681655525724	0.267289443927417	0.535418240066091	1
SP2_04	954	936	8283	7707	978	0.0162656410786658	0.000585024598784153	2.50162110760297e-06	19.5568727032395	0.160623205651825	0.0269598835939697	8.13762630884967e-05
SP2_06	0	0	0	0	978	1	1	1	0	1	1	1
SP3_Q3	920	894	5512	5099	978	0.0145297074528546	0.00161563494215836	3.03603524549403e-05	18.2147062049865	0.154517850412088	0.0425450534768368	0.000883646047767473
SP5_Q2	82	65	97	78	978	0.0849053055616596	0.0731756213694584	0.0867131181680405	7.37390661143471	0.455850815297066	0.500259560733056	0.620464824740089
SPDEF_06	0	0	0	0	978	1	1	1	0	1	1	1
SPDEF_07	7	3	7	3	978	0.171244313483067	0.102486740365757	0.171874428113214	8.86992182416067	0.676415038258114	0.535418240066091	0.853610685079954
SPI1_06	735	689	1648	1431	978	0.0110855276394949	0.00298530628943085	4.87032647962528e-05	20.2008131351704	0.127875679894789	0.0611434954835281	0.00134664527161639
SREBP1_02	925	898	4630	4432	978	0.00961581046211233	0.0024696601568668	0.0190451956317357	9.20782546494571	0.116854218099935	0.0578253079201825	0.224084961369145
SREBP1_Q5	773	746	1712	1720	978	0.0790448603191188	0.270045452039727	0.561095192013037	-1.04682668864044	0.438799938863599	0.81603898895065	1
SRF_01	51	42	57	48	978	0.197714853671402	0.171076004078234	0.217551632196574	5.64233354367432	0.743784449525751	0.674179943192874	0.954809941307185
STAF_05	0	0	0	0	978	1	1	1	0	1	1	1
STAT1_10	583	579	1152	1148	978	0.445070917264203	0.365887920603609	0.475048276072829	1.26262896804049	1	0.968114928678448	1
STAT3_01	545	534	1320	1282	978	0.324687561904844	0.268640440363574	0.233987198917323	1.04710202692563	0.891216042778879	0.81603898895065	0.987247488809849
STAT5A_02	962	936	7641	7291	978	0.000360664683993271	0.0400878366614319	0.00207761602923399	18.0565159393224	0.015506983073049	0.359501120859175	0.0382973888055466
STAT5A_Q6	107	105	153	147	978	0.471017594069182	0.424375514507234	0.386435563241732	0.4015583413376	1	1	1
T3RBETA_Q6_01	717	710	1543	1529	978	0.380032914571938	0.123551819507647	0.407216848598108	1.93651878615149	0.964028448432485	0.610037108819009	1
TAL1BETAITF2_01	816	788	2234	2213	978	0.0559652680069082	0.212598641783479	0.382005016622649	2.54659336622221	0.368438014378812	0.743590134146146	1
TAL1GATA1_02	67	67	70	69	978	0.535641303566394	0.497591093153273	0.5	0.482027520395982	1	1	1
TAL1_01	694	682	1428	1332	978	0.293034696933636	0.271795428316757	0.0351805511011458	5.61929636921238	0.861958443639898	0.816300580472002	0.341313065946204
TAXCREB_01	773	708	1978	1830	978	0.00036454028923985	0.00118057130876814	0.00855109984026657	12.4847194530825	0.015506983073049	0.0382919148170549	0.121250210555575
TAXCREB_02	973	959	8365	7963	978	0.0031474247476899	0.00277806894956607	0.000815522278216393	16.8374230121895	0.0580175295157505	0.0609723708218524	0.0167031044390246
TBX15_02	0	0	0	0	978	1	1	1	0	1	1	1
TBX18_01	0	0	0	0	978	1	1	1	0	1	1	1
TBX1_01	0	0	0	0	978	1	1	1	0	1	1	1
TBX1_04	0	0	0	0	978	1	1	1	0	1	1	1
TBX1_05	0	0	0	0	978	1	1	1	0	1	1	1
TBX20_05	144	138	166	155	978	0.373807486484111	0.325082290762595	0.288392549095916	2.89021977543618	0.959818037654999	0.900647862558404	1
TBX21_01	0	0	0	0	978	1	1	1	0	1	1	1
TBX5CSX_Q5	18	8	18	8	978	0.0367958479204864	0.0242124564634135	0.0377584723531246	13.1821972039099	0.274974377027418	0.270088131132614	0.360007503642722
TBX5_04	0	2	0	4	978	1	0.921509515976452	1	0	1	1	1
TCF11MAFG_01	868	860	2616	2744	978	0.310965648432998	0.916267019076879	0.961156079358831	-12.1021517789733	0.889809211861185	1	1
TEAD4ALX4_01	45	48	48	50	978	0.664479072647291	0.622821161601258	0.618984526752019	-1.18380799898036	1	1	1
TEAD4CEBPD_01	11	8	12	8	978	0.322986796763056	0.244127900775748	0.251721330781535	5.0166507217867	0.891216042778879	0.794133700758757	0.987247488809849
TEAD4CLOCK_01	201	209	245	241	978	0.691429163757104	0.631052098071702	0.445880927100173	1.27769247658439	1	1	1
TEAD4ELK3_01	0	1	0	2	978	1	0.841592033407629	1	0	1	1	1
TEAD4EOMES_01	156	164	170	192	978	0.708858358928757	0.696317110588436	0.886684426011958	-7.46438670362863	1	1	1
TEAD4ERG_02	4	4	4	4	978	0.636999127102536	0.500144479128278	0.636719004171964	0	1	1	1
TEAD4ESRRB_01	66	55	73	58	978	0.17399108775196	0.146890487452319	0.110550975393899	8.57460303082497	0.682390578204497	0.632181620289068	0.736562522805134
TEAD4ETV7_01	1	1	1	1	978	0.750127877237852	0.500288514255494	0.750000116192655	0	1	1	1
TEAD4FIGLA_01	26	17	27	18	978	0.108459609822606	0.0828917224122212	0.116344147995958	7.61667165374816	0.51987896688769	0.515046320156835	0.741191808872882
TEAD4FOXI1_01	171	176	199	201	978	0.638736400743569	0.624274025803242	0.559611102678482	-0.519044074511412	1	1	1
TEAD4GATA3_01	36	47	37	50	978	0.911015226090123	0.892624990400543	0.933552974286101	-7.37433060028675	1	1	1
TEAD4MAX_02	10	8	10	8	978	0.406835156191082	0.318026149494291	0.407264321564748	2.95853134540392	1	0.892733302895142	1
TEAD4ONECUT2_01	7	3	7	3	978	0.171244313483067	0.102486740365757	0.171874428113214	8.86992182416067	0.676415038258114	0.535418240066091	0.853610685079954
TEAD4RFX5_01	22	25	22	25	978	0.72237692294034	0.671112341467461	0.719969840684356	-3.13792104572339	1	1	1
TEAD4SOX15_01	205	219	238	288	978	0.794770810105869	0.806100200613351	0.986971841357307	-11.7886642285995	1	1	1
TEAD4SOX6_01	19	16	20	17	978	0.366776752394012	0.304725069608711	0.37141360362356	3.05882649149929	0.952241990957224	0.864169043557013	1
TEF3_Q3	806	808	3138	3666	978	0.570856115198715	0.998050707214718	0.999999999934712	-23.2797433556876	1	1	1
TEF_01	457	424	651	612	978	0.0729271213945131	0.0896531338906721	0.142404064940682	5.54546268610658	0.429299433711995	0.521569480569491	0.795448968810071
TEF_05	0	0	0	0	978	1	1	1	0	1	1	1
TEF_08	1	0	1	0	978	0.5	0.158902794249874	0.5	0	1	0.632181620289068	1
TFAP2B_04	149	129	271	228	978	0.109261862297701	0.0905437072959695	0.0299727900623613	6.54272850551602	0.51987896688769	0.521569480569491	0.312734960461996
TFAP2CDLX3_03	161	153	189	177	978	0.333202894327739	0.321325873756791	0.282665940535137	4.23151894456815	0.899766572853044	0.89744044539144	1
TFAP2CELK1_01	12	8	12	8	978	0.250609689399267	0.184439354642717	0.251721330781535	6.12429131415011	0.810006178509455	0.682643353643928	0.987247488809849
TFAP2CHOXB13_01	23	19	23	19	978	0.32016570802683	0.266435428758655	0.321982849291422	3.75636441842049	0.891216042778879	0.81603898895065	1
TFAP2CMAX_02	19	18	21	19	978	0.5	0.433037453991303	0.437314073496371	1.7428306946039	1	1	1
TFAP2CONECUT2_01	18	8	18	11	978	0.0367958479204864	0.024420265021032	0.132463830869548	10.6468819881052	0.274974377027418	0.270088131132614	0.763046859071461
TFAP4MAX_02	3	2	3	2	978	0.499999999999999	0.327360253841301	0.5	3.08327803985214	1	0.900647862558404	1
TFCP2_03	25	18	29	24	978	0.177505317930959	0.143066120335936	0.29156374494222	6.19086586630021	0.686436649061682	0.632181620289068	1
TFE_Q6	464	420	717	674	978	0.025361565652264	0.0485829984752319	0.129975912969183	4.68212898093291	0.222618187392095	0.389368089229032	0.75659663023114
TFIIIA_03	0	1	0	1	978	1	0.841592033407629	1	0	1	1	1
TFIIIA_04	0	0	0	0	978	1	1	1	0	1	1	1
TFIII_Q6	908	889	3952	3874	978	0.0680978735783863	0.0563257202671732	0.191607208899476	4.18348622738656	0.411836777906586	0.420920585239821	0.889238049562731
TFIII_Q6_01	943	927	4349	4289	978	0.0487780461124336	0.451455643700283	0.262359883205521	2.75778658027042	0.328954384148485	1	1
THAP1_01	978	966	9090	8899	978	0.000235993038951617	0.102558322309721	0.0774296550180468	6.49599150675793	0.0130504150540244	0.535418240066091	0.599219812878401
THRA_01	0	1	0	1	978	1	0.841592033407629	1	0	1	1	1
THRB_02	0	1	0	2	978	1	0.841592033407629	1	0	1	1	1
THRB_03	0	0	0	0	978	1	1	1	0	1	1	1
TITF1_Q3	897	876	4443	4668	978	0.060129436360538	0.91227425889984	0.9911736105861	-10.1443295443026	0.387216681174534	1	1
TP63_01	0	0	0	0	978	1	1	1	0	1	1	1
TRF1_01	0	0	0	0	978	1	1	1	0	1	1	1
TRPS1_Q3	19	29	20	31	978	0.946495204105429	0.927831849219773	0.954044645480137	-7.41773370802511	1	1	1
TST1_01	894	848	5215	5638	978	0.000538733201605509	0.889601090281121	0.99997755536713	-20.2049540191202	0.0185690049200095	1	1
VDR_01	2	0	2	0	978	0.249872122762148	0.0787026523773948	0.249999883807345	0	0.810006178509455	0.500259560733056	0.987247488809849
WT1_01	677	600	3604	3512	978	0.000151749619940975	0.00187079740353937	0.13994935168768	15.2801732011681	0.0119882199753371	0.0470250438253305	0.792928736637523
YY1_08	885	877	2726	2919	978	0.298270636063027	0.984381494009015	0.995140787952989	-10.2287007333306	0.872717786999228	1	1
YY1_12	900	887	2780	3038	978	0.167094861810073	0.995341937392342	0.999663912395664	-15.1821266347302	0.676415038258114	1	1
ZASC1_01	0	0	0	0	978	1	1	1	0	1	1	1
ZASC1_02	0	0	0	0	978	1	1	1	0	1	1	1
ZBP89_Q4_01	654	591	3541	3785	978	0.00177455448088446	0.012494922330242	0.997931583578018	0.758953239652927	0.0423725217232011	0.168529074356678	1
ZBTB11_02	1	0	1	0	978	0.5	0.158902794249874	0.5	0	1	0.632181620289068	1
ZBTB1_01	0	0	0	0	978	1	1	1	0	1	1	1
ZBTB26_01	0	0	0	0	978	1	1	1	0	1	1	1
ZBTB2_Q3	354	338	458	436	978	0.239065917454997	0.18421980800327	0.241196861748615	3.10548707489315	0.806946099172809	0.682643353643928	0.987247488809849
ZBTB2_Q3_01	833	817	2580	2518	978	0.175254691516831	0.152421017556285	0.196179099541868	4.47387162459674	0.682505946540898	0.632181620289068	0.889238049562731
ZBTB33_05	86	49	116	80	978	0.000624151065684851	0.000563446153271916	0.00610950874145729	14.647366141173	0.0185690049200095	0.0269598835939697	0.0889094298427863
ZBTB34_01	17	38	17	42	978	0.998840094180014	0.998018827835655	0.999707867129868	-12.2255351147421	1	1	1
ZBTB38_01	3	0	3	0	978	0.124808184143223	0.0416059163381323	0.124999825711018	0	0.552151406649617	0.359501120859175	0.751357648023835
ZBTB38_02	28	34	30	35	978	0.816789701469377	0.779056516616058	0.771493019041242	-2.69977775091932	1	1	1
ZBTB40_01	246	266	304	330	978	0.859966523562349	0.843605447113781	0.858249076408266	-4.02546251884243	1	1	1
ZBTB40_02	26	26	33	27	978	0.555804600785531	0.496962124959573	0.25947607470203	3.220881266045	1	1	1
ZBTB41_01	0	1	0	1	978	1	0.841592033407629	1	0	1	1	1
ZBTB44_01	739	692	1408	1289	978	0.00943457824664667	0.00368152459093845	0.0114862561265191	7.40255617237734	0.116854218099935	0.0678627699596321	0.158797490949127
ZBTB46_01	1	4	1	4	978	0.968909723777309	0.910440594522327	0.968750145240717	-4.82256308797385	1	1	1
ZBTB49_01	3	0	3	0	978	0.124808184143223	0.0416059163381323	0.124999825711018	0	0.552151406649617	0.359501120859175	0.751357648023835
ZBTB49_02	0	0	0	0	978	1	1	1	0	1	1	1
ZBTB5_01	200	195	222	229	978	0.410887751735968	0.444012553763276	0.646796086168924	-1.09698900436011	1	1	1
ZEC_01	0	0	0	0	978	1	1	1	0	1	1	1
ZF5_B	940	926	13379	11751	978	0.0801424843132433	8.45361787489738e-05	2.64874145504715e-25	44.695357048118	0.438799938863599	0.0116871267120456	1.46475402464107e-22
ZFP41_02	4	4	4	5	978	0.636999127102536	0.500722394598834	0.746094207509535	-1.55069932372538	1	1	1
ZFP64_03	19	9	20	9	978	0.0424543301757125	0.0284187185684347	0.0307133058700073	9.9448188381464	0.297180311229988	0.308148066045969	0.314527002705815
ZFP64_04	0	0	0	0	978	1	1	1	0	1	1	1
ZFP64_05	0	0	0	0	978	1	1	1	0	1	1	1
ZFP64_06	0	0	0	0	978	1	1	1	0	1	1	1
ZFP91_01	0	1	0	1	978	1	0.841592033407629	1	0	1	1	1
ZFPM1_01	5	6	5	8	978	0.726164660674356	0.619489214187996	0.866577878614549	-3.57125806566815	1	1	1
ZFX_01	246	240	329	336	978	0.396815132056369	0.445444396739943	0.621810561756473	-0.858951289963474	0.997448945578054	1	1
ZFX_03	43	38	44	40	978	0.325060515944399	0.285540779916152	0.371819669711587	2.42736366861215	0.891216042778879	0.83107395417701	1
ZFX_04	0	0	0	0	978	1	1	1	0	1	1	1
ZGPAT_01	919	898	9876	8884	978	0.0390358646267507	0.00131563540962756	1.81472173946471e-13	33.7845908353207	0.284037278139383	0.0382919148170549	2.00708224384797e-11
ZID_01	111	109	123	113	978	0.4714827435586	0.424348099756943	0.279023406335851	3.27560160076138	1	1	1
ZNF131_01	1	0	1	0	978	0.5	0.158902794249874	0.5	0	1	0.632181620289068	1
ZNF131_02	0	0	0	0	978	1	1	1	0	1	1	1
ZNF135_01	10	8	10	8	978	0.406835156191082	0.318026149494291	0.407264321564748	2.29200144513031	1	0.892733302895142	1
ZNF135_02	10	12	10	13	978	0.739457302115676	0.666809416903083	0.797564820602486	-2.80159693991742	1	1	1
ZNF135_03	79	79	81	83	978	0.533050577762382	0.502774497381019	0.592568080137049	-0.744957495279465	1	1	1
ZNF135_04	1	2	1	2	978	0.875191815856777	0.718447755425357	0.875000174288982	-2.45183330808792	1	1	1
ZNF143_03	2	2	2	2	978	0.687691963180784	0.500204114882176	0.687500174289104	0	1	1	1
ZNF236_01	0	0	0	0	978	1	1	1	0	1	1	1
ZNF236_02	7	4	7	4	978	0.273835339325644	0.182323134424052	0.274413538269959	4.89965954794996	0.836635042249066	0.682643353643928	1
ZNF236_04	0	0	0	0	978	1	1	1	0	1	1	1
ZNF236_05	2	1	2	1	978	0.499999999999999	0.281951091532373	0.5	3.46689717351654	1	0.829356136262779	1
ZNF236_06	6	8	6	9	978	0.78887171962268	0.704789816911277	0.849121945623817	-3.36703160945005	1	1	1
ZNF236_07	13	10	14	11	978	0.337905826260158	0.264926063229772	0.34501811851316	3.83107302403445	0.902714598656364	0.81603898895065	1
ZNF236_08	1	0	1	0	978	0.5	0.158902794249874	0.5	0	1	0.632181620289068	1
ZNF282_01	3	10	3	10	978	0.988983000902136	0.974275830273143	0.988769725962794	-8.89456737288499	1	1	1
ZNF282_02	0	1	0	1	978	1	0.841592033407629	1	0	1	1	1
ZNF295_01	949	939	13507	12526	978	0.13324880866331	0.000255081539951525	4.93109926035308e-10	33.7849810025858	0.575676493678207	0.0201514416561705	3.40862236371907e-08
ZNF312_01	0	2	0	2	978	1	0.921509515976452	1	0	1	1	1
ZNF319_01	71	71	74	73	978	0.534702657637288	0.497512660383986	0.5	0.123558439748935	1	1	1
ZNF319_02	17	11	17	11	978	0.170713050783088	0.126807908130255	0.172462645259503	5.95488034987176	0.676415038258114	0.616554959586213	0.853610685079954
ZNF335_01	0	0	0	0	978	1	1	1	0	1	1	1
ZNF335_02	0	1	0	1	978	1	0.841592033407629	1	0	1	1	1
ZNF339_01	6	4	6	4	978	0.376637457813987	0.263173473538182	0.376952839056341	3.39200850458089	0.959818037654999	0.81603898895065	1
ZNF341_01	50	53	71	77	978	0.657146305170628	0.618162404862021	0.717420746657319	-2.28586707421037	1	1	1
ZNF362_01	4	1	4	1	978	0.18718006136536	0.0897076212992502	0.18749970951816	9.79916879690536	0.711837593974917	0.521569480569491	0.878706265792734
ZNF366_02	0	1	0	1	978	1	0.841592033407629	1	0	1	1	1
ZNF367_01	248	262	283	307	978	0.780086330139253	0.794346981270967	0.84835018108384	-4.24246051371602	1	1	1
ZNF384_02	57	73	61	80	978	0.93874834126925	0.928269091146221	0.954120699501508	-6.76642000562072	1	1	1
ZNF410_01	0	0	0	0	978	1	1	1	0	1	1	1
ZNF436_01	27	21	28	21	978	0.232661796138292	0.189535512458224	0.195798747117931	5.03387094172378	0.804137332902972	0.689560120982881	0.889238049562731
ZNF436_02	7	3	7	3	978	0.171244313483067	0.102486740365757	0.171874428113214	7.57249417751227	0.676415038258114	0.535418240066091	0.853610685079954
ZNF438_01	28	35	28	36	978	0.847218206289555	0.815948422417494	0.86978581340749	-4.83156524918642	1	1	1
ZNF450_01	57	44	59	45	978	0.109992475815298	0.0915884573622664	0.101081097332106	6.49628672484584	0.51987896688769	0.522148628054983	0.681681058837254
ZNF499_01	9	10	9	10	978	0.677013203236944	0.59123184395454	0.676197789026981	-1.09653803929249	1	1	1
ZNF507_01	45	47	48	50	978	0.625575091485215	0.582541663044006	0.618984526752019	-1.01373176051053	1	1	1
ZNF513_01	0	0	0	0	978	1	1	1	0	1	1	1
ZNF515_02	0	0	0	0	978	1	1	1	0	1	1	1
ZNF516_01	188	202	214	226	978	0.802017275105286	0.773147380946985	0.732285975976691	-2.51901836118063	1	1	1
ZNF521_01	15	7	15	7	978	0.0658066763300614	0.0432073163773343	0.066899261150973	9.9719073144529	0.404345466783599	0.367594553179475	0.552168528604299
ZNF521_02	0	0	0	0	978	1	1	1	0	1	1	1
ZNF521_03	1	2	1	11	978	0.875191815856777	0.718647025673612	0.999755866863901	-10.0460195215394	1	1	1
ZNF536_01	46	49	48	50	978	0.662923568854559	0.621710300192541	0.618984526752019	-0.872280817183484	1	1	1
ZNF536_03	0	0	0	0	978	1	1	1	0	1	1	1
ZNF592_02	960	935	4296	4058	978	0.00079141326702607	0.0305857202050509	0.00468585701190865	12.4960203697917	0.0218825768332708	0.325267370642176	0.0740365407881567
ZNF651_01	1	0	1	0	978	0.5	0.158902794249874	0.5	0	1	0.632181620289068	1
ZNF652_03	0	0	0	0	978	1	1	1	0	1	1	1
ZNF672_02	11	7	11	7	978	0.239311320550345	0.171897598535615	0.24034025554532	4.47271056255328	0.806946099172809	0.674179943192874	0.987247488809849
ZNF672_03	26	41	34	43	978	0.977033169209554	0.967249462030525	0.87285192280294	-4.57602096080092	1	1	1
ZNF687_01	0	0	0	0	978	1	1	1	0	1	1	1
ZNF710_01	1	2	1	2	978	0.875191815856777	0.718447755425357	0.875000174288982	-2.64759981823572	1	1	1
ZNF710_02	0	0	0	0	978	1	1	1	0	1	1	1
ZNF711_02	2	2	2	2	978	0.687691963180784	0.500204114882176	0.687500174289104	0	1	1	1
ZNF76_01	1	1	1	1	978	0.750127877237852	0.500288514255494	0.750000116192655	0	1	1	1
ZNF770_01	16	16	17	52	978	0.570554329791625	0.501381067063478	0.999995453905368	-15.1988749216624	1	1	1
ZNF775_02	14	11	14	11	978	0.344059586527093	0.27308428098973	0.34501811851316	2.81285844861988	0.910358618897045	0.816300580472002	1
ZNF777_02	962	952	7311	6483	978	0.0797973617551681	2.61880998619088e-06	7.96364959056469e-13	44.1186071462237	0.438799938863599	0.000724100961181778	7.33983037263712e-11
ZXDB_01	422	400	850	803	978	0.168033363977184	0.20608771213087	0.128845710231069	4.15382797896203	0.676415038258114	0.730554518002379	0.75659663023114
ZXDL_01	0	0	0	0	978	1	1	1	0	1	1	1
