transcription_factor	no_search_sites	no_background_sites	sum_search_sites	sum_background_sites	no_gene_sites	fisher_pval	wilcox_pval	fisher_pval2	zscore	fisher_adjusted	wilcox_adjusted	fisher2_adjusted
AEBP2_02	0	0	0	0	617	1	1	1	0	1	1	1
AFP1_Q6	33	40	36	41	617	0.83278541130109	0.796000076269933	0.75281500605627	-2.79117930811719	1	1	1
AHRARNT_01	431	377	968	878	617	0.000746174526733126	0.00173475974415461	0.0190783970229358	11.439497895796	0.0266470722795328	0.0564307140304412	0.215313337830275
AHRARNT_02	455	436	1069	1036	617	0.126346932307197	0.195356531674383	0.242590250908859	1.44196341284656	0.612893452332279	0.831016630891798	1
AHR_01	520	480	1386	1309	617	0.0022777570736195	0.0189094977985427	0.0713944440221744	9.26973153305814	0.0535079446551065	0.243184936804514	0.584653393995758
AIOLOS_01	5	3	5	3	617	0.362836092200537	0.239302535069306	0.363280847114177	3.91677054585445	1	0.88222867928884	1
ALX4_01	0	1	0	1	617	1	0.841736601235672	1	0	1	1	1
AMYB_01	0	2	0	2	617	1	0.921602571008796	1	0	1	1	1
AP1FJ_Q2	563	540	1576	1610	617	0.0208572204994783	0.658717572006257	0.732632868834794	-3.28733968620151	0.20235163045985	1	1
AP2ALPHA_03	594	567	11205	10332	617	0.000770982199769485	0.0138639416864701	1.04682218188203e-09	23.1613702321722	0.0266470722795328	0.230172800367851	1.44723166645191e-07
AP2_Q6	541	513	5739	5418	617	0.0146170262160195	0.0214771304556035	0.00117408667208314	15.2749562384671	0.168400322863724	0.254183707240634	0.0249719203716144
AP4_01	0	0	0	0	617	1	1	1	0	1	1	1
APA1_02	2	0	2	0	617	0.249797242497973	0.078733684327829	0.249999815824234	0	0.920835830107994	0.506276339500865	1
AREB6_01	524	502	1366	1326	617	0.05506963138397	0.198487069050788	0.225903424557462	3.95599958203957	0.37138422140653	0.832466725572801	1
ARNTLBHLHA15_01	0	0	0	0	617	1	1	1	0	1	1	1
ARNTL_01	1	3	2	6	617	0.937804012720851	0.841835479445226	0.964844152884042	-3.56039748045949	1	1	1
AR_02	447	409	889	797	617	0.0111253011572221	0.0178868125533225	0.0132765622549142	15.1303317500022	0.136717589776529	0.243184936804514	0.185192730782211
AR_12	0	0	0	0	617	1	1	1	0	1	1	1
ATF3_05	5	2	5	2	617	0.225895578387719	0.127968172438607	0.226561895671934	6.92913558612361	0.907350565553406	0.729550508851028	1
ATF4TEF_01	11	12	11	12	617	0.662635938034913	0.583455276725784	0.66118156397356	-1.04177718963218	1	1	1
BACH1_01	129	124	156	162	617	0.388974661154072	0.395322867718759	0.652655241557777	-2.60301186280648	1	1	1
BATF3_01	0	0	0	0	617	1	1	1	0	1	1	1
BATFJUN_01	23	26	27	27	617	0.71988196249631	0.662113993021245	0.554039499355874	-1.13881780116662	1	1	1
BATF_04	2	0	2	0	617	0.249797242497973	0.078733684327829	0.249999815824234	0	0.920835830107994	0.506276339500865	1
BCL11A_03	44	42	46	43	617	0.455528842927246	0.40883193599507	0.41612615820512	0.893603323682363	1	1	1
BCL6_02	541	519	1753	1772	617	0.0428164571866603	0.339343697361416	0.632051598185514	-0.905187984261637	0.328854178114211	1	1
BEN_02	615	605	5102	4659	617	0.00622865349455922	0.00171554599883343	3.54977141946873e-06	17.6490483212551	0.0883191123715705	0.0564307140304412	0.000151001814997401
BMAL1_Q6	186	192	228	233	617	0.667218989077957	0.608452402969772	0.610049719195527	-0.996799868693496	1	1	1
BRACH_01	0	0	0	0	617	1	1	1	0	1	1	1
BRN3B_01	4	5	4	5	617	0.746895034039032	0.631173126926178	0.746094475194481	-1.41622333661664	1	1	1
BTEB3_Q5	599	578	7413	7157	617	0.00310555606452136	0.00536801190220202	0.0168334700550137	16.8241432137366	0.0636063890251967	0.109944836367323	0.20236758566136
CACCCBINDINGFACTOR_Q6	540	493	2328	2296	617	0.000186505705059915	0.0322090799978978	0.323959751962939	2.34557139872602	0.0257844137245332	0.349247475271323	1
CARF_01	3	4	3	4	617	0.774104421612281	0.647842271298486	0.773438104328066	-1.73374643146904	1	1	1
CDC5_01	83	110	94	123	617	0.985989160755914	0.980801146055814	0.97928350179207	-8.69471363736678	1	1	1
CDPCR3_01	471	458	1070	1103	617	0.214217867819788	0.682381347945526	0.767287609143833	-3.53558505775208	0.877499858550689	1	1
CDP_01	535	539	2124	2427	617	0.664059321105701	0.97891004696311	0.999996841133769	-19.2769876338874	1	1	1
CDP_Q6_01	487	485	1399	1526	617	0.472257490125882	0.840915466006681	0.99109597429211	-10.9182045294346	1	1	1
CEBPGELF1_01	54	52	58	57	617	0.459567775978296	0.423609484277491	0.5	0.502184095113076	1	1	1
CEBPG_Q6	532	532	2515	3038	617	0.532901799278063	0.994042483858358	0.999999999999114	-31.445571488649	1	1	1
CIZ_03	1	0	1	0	617	0.5	0.159047744710906	0.5	0	1	0.745367820551957	1
CLOCKFIGLA_01	89	59	107	72	617	0.00543002747524008	0.00429240678531485	0.00541735990796772	19.6204887015748	0.0793381807431719	0.0949480380911646	0.0936187509095671
CLOCKNHLH1_01	23	25	23	26	617	0.670428088556985	0.617934034854594	0.715917305797835	-2.71864289323024	1	1	1
CMYB_01	0	0	0	0	617	1	1	1	0	1	1	1
CMYC_02	348	306	849	663	617	0.00966195826238841	0.000831116246672047	9.39410364211702e-07	18.9450808827582	0.12425727718839	0.0429064794305614	5.07400332651764e-05
COE2_02	0	0	0	0	617	1	1	1	0	1	1	1
CP2_01	614	593	3864	3934	617	2.06454930411045e-05	0.65260669752911	0.789975507613086	-2.27943920714137	0.00941774818935677	1	1
CPEB1_01	406	440	1006	1258	617	0.984096670610696	0.999832248170362	0.999999950072934	-19.021614991189	1	1	1
CREB3L1_02	0	2	0	2	617	1	0.921602571008796	1	0	1	1	1
CREBP1_Q2	378	353	741	692	617	0.0821952496611637	0.0391856236559758	0.10227200350371	3.58444988783037	0.468597660439418	0.380169296171134	0.706955224219393
CRX_02	279	280	375	428	617	0.545526448426252	0.752474481016137	0.971720501569067	-9.28640522162469	1	1	1
CTCF_04	503	460	2017	1878	617	0.00191295133606427	0.034451511286106	0.0133954958974475	12.3539037215847	0.0503743851830259	0.357815601692088	0.185192730782211
CTCF_06	601	579	3409	3306	617	0.0015619402573467	0.12037018373657	0.106045819716238	5.5288913668451	0.0454606822269855	0.715749587164766	0.711546885197911
CTF1_01	494	466	1519	1418	617	0.0321454855738102	0.0203370616711761	0.0323485867277284	6.99283181069856	0.257629761193	0.249919891203564	0.319442293936318
CTIP2_01	1	1	1	1	617	0.750202757502028	0.500457389292136	0.750000184175766	0	1	1	1
CUX1HOXA13_01	3	2	3	2	617	0.5	0.327359997399242	0.5	2.74010337437321	1	1	1
CUX1HOXB13_01	9	8	9	8	617	0.5	0.403720327641563	0.5	1.32377988031427	1	1	1
CUX1NHLH1_02	0	2	0	2	617	1	0.921602571008796	1	0	1	1	1
CUX1RFX5_01	11	11	11	12	617	0.584853532887781	0.501668478907469	0.66118156397356	-1.38504867709454	1	1	1
CUX1SRF_01	1	1	1	1	617	0.750202757502028	0.500457389292136	0.750000184175766	0	1	1	1
CUX1_06	0	1	0	1	617	1	0.841736601235672	1	0	1	1	1
CUX2_02	0	0	0	0	617	1	1	1	0	1	1	1
DEAF1_02	30	31	34	33	617	0.603469449846717	0.549352227950365	0.5	0.693306968942479	1	1	1
DEC_Q1	530	480	1388	1199	617	0.000141679393860267	0.000397717786561947	0.000107260657615133	17.4400313458525	0.0257844137245332	0.0274922419960946	0.00312184966637729
DLX3_01	362	403	976	1314	617	0.993133909476388	0.999702424593055	0.999999999999389	-34.4123282096504	1	1	1
DMRT2_01	15	26	15	26	617	0.972301753913144	0.959658005197881	0.97020996854347	-8.3828271121583	1	1	1
DRRS_02	37	35	39	37	617	0.451718032074373	0.404471568497046	0.454387185703484	0.959229441512789	1	1	1
E2F1EOMES_02	32	22	33	24	617	0.105025404378233	0.083595547080376	0.144616797607861	9.98215182851361	0.553133796392029	0.531360201556873	0.888589878634965
E2F1HES7_02	16	14	18	15	617	0.426873778910747	0.354647337465594	0.364164639307796	3.43599357715128	1	1	1
E2F1NHLH1_01	14	13	15	13	617	0.5	0.421407855360758	0.425276238914108	2.74642362164493	1	1	1
E2F2_05	0	0	0	0	617	1	1	1	0	1	1	1
E2F3DRGX_01	10	11	10	11	617	0.669567274123358	0.58720698075952	0.668189334151943	-1.04554775078608	1	1	1
E2F3FOXI1_01	52	40	56	45	617	0.116531395087501	0.0995263427088427	0.159854642952699	6.11842674376866	0.578728456306228	0.611534083533222	0.96086540818307
E2F3ONECUT2_01	0	0	0	0	617	1	1	1	0	1	1	1
E2F7_01	0	0	0	0	617	1	1	1	0	1	1	1
E2F_01	600	581	2613	2596	617	0.00542062407539569	0.312395820670661	0.412113522093344	1.75972080892344	0.0793381807431719	1	1
E4BP4_01	23	20	26	24	617	0.378307810442071	0.321973175280401	0.443861379724676	0.740911677432044	1	1	1
EGR3_05	0	0	0	0	617	1	1	1	0	1	1	1
EGR4_02	0	0	0	0	617	1	1	1	0	1	1	1
EGR_Q6	433	409	1929	1842	617	0.0797913912350646	0.0438903743883449	0.0803923248679468	8.97569154610028	0.468597660439418	0.397891426832045	0.600269079525758
ELK1FOXI1_01	0	2	0	2	617	1	0.921602571008796	1	0	1	1	1
ELK1HOXA3_01	15	17	15	18	617	0.704136882515201	0.641593945418183	0.756577547716514	-3.41678091044555	1	1	1
ELK1PAX9_01	0	0	0	0	617	1	1	1	0	1	1	1
ELK1SREBF2_02	1	7	1	7	617	0.996181916833125	0.983329068104584	0.996093830576452	-9.11914536929718	1	1	1
ERBETA_Q5	489	493	1249	1155	617	0.637960401542772	0.429748483720301	0.0288067510394977	7.65463792891488	1	1	0.289638787724404
ERFCLOCK_01	17	12	17	12	617	0.226427446738463	0.173891665043919	0.229126738570249	6.25946686666993	0.907350565553406	0.786069829870991	1
ERFMAX_01	0	1	0	1	617	1	0.841736601235672	1	0	1	1	1
ERFONECUT2_01	8	0	8	0	617	0.00381808316687467	0.00228472593778066	0.00390616942354777	0	0.065981249727553	0.0701918579773726	0.0696810222974812
ERFSREBF2_02	3	1	3	1	617	0.312195493150387	0.158556692945871	0.312499723736047	7.87509282615871	1	0.745367820551957	1
ESRRG_02	0	1	0	1	617	1	0.841736601235672	1	0	1	1	1
ETS1_03	0	0	0	0	617	1	1	1	0	1	1	1
ETV2ONECUT2_01	1	3	1	3	617	0.937804012720851	0.841835479445226	0.937500276263547	-4.69113682677018	1	1	1
ETV2RFX5_02	1	0	1	0	617	0.5	0.159047744710906	0.5	0	1	0.745367820551957	1
ETV2SPDEF_01	0	0	0	0	617	1	1	1	0	1	1	1
ETV2TBX21_03	0	2	0	2	617	1	0.921602571008796	1	0	1	1	1
ETV2TCF3_01	41	45	44	48	617	0.711804173298118	0.671820792141817	0.698800029972102	-2.32876122969378	1	1	1
ETV5EOMES_01	128	131	153	148	617	0.610094360019255	0.559848884908104	0.408843468542395	2.16459050757674	1	1	1
ETV5HES7_01	406	346	1321	1143	617	0.000284929631233351	0.00130369832458898	0.00017820350478879	20.2683377106523	0.0261239116442948	0.0514960838212648	0.00492732690741004
ETV6_01	4	12	4	12	617	0.989766896631931	0.977926124481071	0.989364992282462	-8.68063786988972	1	1	1
ETV7TBX21_01	8	5	8	5	617	0.289501767868963	0.201668240312901	0.29052641783	6.09984732033269	0.99437563746296	0.832466725572801	1
EVI1_01	18	13	20	21	617	0.233719008873085	0.183513439415961	0.622387474523522	2.20452208402362	0.920835830107994	0.805420095214497	1
EVI1_03	43	31	49	33	617	0.0934451649862902	0.0733127376625313	0.0485104168443391	8.84958722530034	0.516751762374185	0.506276339500865	0.447104341915326
EVI1_09	0	1	0	2	617	1	0.841736601235672	1	0	1	1	1
EVX2_03	532	523	2546	3223	617	0.25895930394027	0.999558021414724	1	-32.4769256644015	0.929858496805152	1	1
EVX2_04	6	10	6	11	617	0.896435197524184	0.843509679348323	0.928269684708939	-4.33794489142147	1	1	1
FKHL14_Q2	131	142	183	206	617	0.794729201028386	0.747547555325495	0.888225932375886	-3.90861144111412	1	1	1
FLI1CEBPB_01	0	0	0	0	617	1	1	1	0	1	1	1
FOXC1_Q4	410	426	1069	1256	617	0.849734834231376	0.980295462410635	0.999952744821845	-15.0041652499179	1	1	1
FOXD2_04	0	0	0	0	617	1	1	1	0	1	1	1
FOXG1_01	0	0	0	0	617	1	1	1	0	1	1	1
FOXG1_02	0	0	0	0	617	1	1	1	0	1	1	1
FOXI1_03	0	0	0	0	617	1	1	1	0	1	1	1
FOXJ2_02	402	437	1368	1909	617	0.986013183856869	0.999947655249132	1	-34.8358175565511	1	1	1
FOXJ2_03	2	4	2	4	617	0.891195718091952	0.793555484565215	0.890625517994722	-3.67502958767382	1	1	1
FOXL2_Q2	180	207	232	300	617	0.957133908788687	0.97531891949143	0.998631651490307	-12.2056695963031	1	1	1
FOXL2_Q5	394	422	858	967	617	0.959477672237377	0.974818459307646	0.995021232086986	-11.3781613613288	1	1	1
FOXM1_Q3	572	548	3044	3279	617	0.0117012840910976	0.907378662126944	0.998535771764015	-12.8494548004411	0.140669784834282	1	1
FOXN4_01	617	611	9253	8528	617	0.0154353779619206	0.000853474274387297	2.29966282751749e-08	38.6244891543846	0.170715280258842	0.0429064794305614	1.58964192952147e-06
FOXO1ETV7_01	4	4	4	4	617	0.637163907799463	0.500229253612361	0.636719152885823	0	1	1	1
FOXO3_01	400	391	865	894	617	0.317497520495641	0.596438185026371	0.762926385382767	-2.51364633079764	1	1	1
FOXO3_03	0	0	0	0	617	1	1	1	0	1	1	1
FOXO6_03	2	10	2	10	617	0.996942594591813	0.989836103916881	0.996826278710349	-9.16613419663945	1	1	1
FOXP1_01	0	0	0	0	617	1	1	1	0	1	1	1
FXR_Q3	331	320	535	569	617	0.284277536147972	0.647543428983746	0.854015850639032	-4.07537987840391	0.99437563746296	1	1
GATA5_06	113	123	125	147	617	0.787025469631219	0.806708063481429	0.918510549332886	-4.37075784294365	1	1	1
GATAD2A_01	608	600	3926	3884	617	0.0820610829021132	0.224763207730284	0.320868023870287	1.29039473671593	0.468597660439418	0.871999332618855	1
GCM1CEBPB_01	0	0	0	0	617	1	1	1	0	1	1	1
GCM1ELF1_02	100	93	111	110	617	0.31913843865081	0.296472362567661	0.5	0.344402808641475	1	1	1
GCM1ELK3_01	3	3	3	3	617	0.65663109806416	0.500264503607515	0.656250345330323	0	1	1	1
GCM1ETV4_01	40	27	40	46	617	0.0655655342508837	0.0539436938666706	0.774733405557866	-3.33134735398551	0.421601633031845	0.450644704158244	1
GCM1ETV7_01	6	6	6	10	617	0.613345201916712	0.501312429207191	0.894944587601703	-5.96763606314694	1	1	1
GCM1FOXI1_01	81	65	97	74	617	0.0929981997862319	0.0752500214484257	0.0460915599743995	9.53406164033461	0.516751762374185	0.506276339500865	0.434368580702247
GCM1MAX_03	0	2	0	2	617	1	0.921602571008796	1	0	1	1	1
GCM1NHLH1_01	123	134	148	158	617	0.799881370721286	0.746572031798561	0.73525827652409	-3.95075787704709	1	1	1
GCM1ONECUT2_01	2	0	2	0	617	0.249797242497973	0.078733684327829	0.249999815824234	0	0.920835830107994	0.506276339500865	1
GCM1PITX1_02	192	159	261	228	617	0.0216928823740501	0.0273078417966945	0.0738616187722862	9.76952190449824	0.203324812760165	0.302024730271441	0.584653393995758
GCM1SOX2_01	1	1	1	1	617	0.750202757502028	0.500457389292136	0.750000184175766	0	1	1	1
GCM1TBX21_02	14	18	14	19	617	0.814615297824915	0.76439515133137	0.85189976513839	-5.98473337430184	1	1	1
GCM1_05	17	25	22	35	617	0.921546831070311	0.897422839793718	0.968634406738195	-6.86328141206918	1	1	1
GCM2E2F8_01	248	229	474	489	617	0.146338187972836	0.205794664267797	0.69698304222122	-2.40088714484114	0.680042167638472	0.840979025912618	1
GCM2HES7_01	270	247	476	468	617	0.102150990796901	0.133795951968524	0.409865575531228	1.92194230410832	0.548403431169616	0.745367820551957	1
GCM2HOXA13_01	8	6	8	6	617	0.394664684822225	0.295658902860287	0.395263131754403	3.00068168771063	1	1	1
GCM2MAX_01	178	144	213	170	617	0.0161650399825954	0.0153406267990462	0.0158532070436427	12.6903347183634	0.17527974726226	0.230172800367851	0.194818299891876
GCM2SOX15_01	64	61	71	65	617	0.425203829304407	0.378746102869799	0.33412509518733	3.46297369692725	1	1	1
GCM2TBX21_02	6	0	8	0	617	0.0154353779619206	0.00706769304357764	0.00390616942354777	0	0.170715280258842	0.1386150961955	0.0696810222974812
GCNF_01	9	8	9	8	617	0.5	0.403720327641563	0.5	1.41500510607301	1	1	1
GFI1B_01	413	434	851	961	617	0.911486388196317	0.98775901077727	0.99547362707886	-12.0040739207967	1	1	1
GLI3_03	0	0	0	0	617	1	1	1	0	1	1	1
GLIS1_01	0	0	0	0	617	1	1	1	0	1	1	1
GMEB2_02	2	0	3	0	617	0.249797242497973	0.078733752616771	0.124999723736352	0	0.920835830107994	0.506276339500865	0.794501210684337
GMEB2_03	2	3	2	3	617	0.813007511416022	0.673163970480331	0.812500460439923	-2.23746780614456	1	1	1
GRE_C	612	595	4364	4234	617	0.000674110519334708	0.163730116500268	0.0814108154872185	7.10570028759239	0.0266470722795328	0.76086348256007	0.600269079525758
GRHL1_01	12	14	15	21	617	0.723530009990799	0.658057408832065	0.878510656758041	-3.24684185509275	1	1	1
GZF1_01	0	0	0	0	617	1	1	1	0	1	1	1
HELIOS_01	3	2	3	2	617	0.5	0.327359997399242	0.5	2.3474691758091	1	1	1
HES1_Q2	525	502	1391	1375	617	0.0467721405644799	0.139216921714582	0.387633065182776	0.742591258996558	0.335610763203662	0.745367820551957	1
HES5_01	0	1	0	2	617	1	0.841736601235672	1	0	1	1	1
HESX1_02	2	2	3	3	617	0.687804506849613	0.500323685517781	0.656250345330323	0	1	1	1
HIC1_03	426	403	1076	1009	617	0.0911248350203472	0.0408784964836486	0.0740067587336403	8.12221270911296	0.514204426186245	0.384155190718932	0.584653393995758
HIC2_01	594	568	3066	2904	617	0.00109579848255673	0.0256711843099707	0.0183803699393847	8.79184586563091	0.0336653644918819	0.289717651498241	0.211757178676661
HIC2_03	0	0	0	0	617	1	1	1	0	1	1	1
HIF1_Q5	411	368	932	776	617	0.00658212103543005	0.00288390658833349	8.6585491085167e-05	16.117653957528	0.0909978233148205	0.0759428734927818	0.00266009869833874
HINFP_02	0	0	0	0	617	1	1	1	0	1	1	1
HINFP_03	1	0	2	0	617	0.5	0.159047744710906	0.249999815824234	0	1	0.745367820551957	1
HMX1_01	1	2	1	2	617	0.875304136253041	0.718622948211031	0.875000276263648	-2.23920116720683	1	1	1
HNF1B_01	452	460	1445	1605	617	0.720172413460225	0.955893518006181	0.998244946061742	-14.7125369498506	1	1	1
HNF1_C	172	178	263	286	617	0.670765513547441	0.720197376123609	0.847202677385953	-6.554705350095	1	1	1
HNF3B_01	370	382	981	1074	617	0.775922958829886	0.83636327657137	0.981026855119931	-9.16890039428278	1	1	1
HNF4A_09	506	491	1314	1242	617	0.155833119489259	0.0601702712897586	0.0799026139362035	5.52550725345571	0.712195992376532	0.479633489691977	0.600269079525758
HNF4GAMMA_01	0	0	0	0	617	1	1	1	0	1	1	1
HNF6_Q6	142	164	175	211	617	0.935302636726793	0.937759503191053	0.970255094989506	-7.91970403737239	1	1	1
HOX13_01	405	414	783	933	617	0.726582366407308	0.985294339131105	0.999868706501883	-24.2855680975454	1	1	1
HOXB13EOMES_01	524	521	1603	1804	617	0.437213287025514	0.95845176159208	0.999735859906044	-17.9724389913362	1	1	1
HOXB13TBX3_01	94	86	104	97	617	0.286236492494724	0.263606624383021	0.336113543769811	2.71628211468263	0.99437563746296	0.934451687716735	1
HOXB2ELK1_02	0	5	0	5	617	1	0.987468485243821	1	0	1	1	1
HOXB2ESRRB_01	2	0	2	0	617	0.249797242497973	0.078733684327829	0.249999815824234	0	0.920835830107994	0.506276339500865	1
HOXB2PITX1_01	95	125	104	147	617	0.989506333732745	0.990248233313908	0.997313437181912	-12.5847365192729	1	1	1
HOXB2RFX5_01	78	91	81	102	617	0.87684678014058	0.871531632922442	0.948196875344289	-8.90375043658824	1	1	1
HOXB2_03	2	1	2	1	617	0.5	0.282009386069353	0.5	3.00418590915477	1	0.987032851242734	1
HOXC10TBX21_01	10	22	10	22	617	0.990748320099908	0.984174521837257	0.989969915749815	-9.25598941118979	1	1	1
HOXD10_Q2	148	191	210	306	617	0.99751302500035	0.998362663080041	0.999990782008116	-15.7962556000812	1	1	1
HOXD12EOMES_01	1	0	1	0	617	0.5	0.159047744710906	0.5	0	1	0.745367820551957	1
HOXD12ETV4_01	0	0	0	0	617	1	1	1	0	1	1	1
HOXD12TBX21_01	2	3	2	3	617	0.813007511416022	0.673163970480331	0.812500460439923	-2.38165408128332	1	1	1
HOXD13_01	316	357	572	719	617	0.991845836871839	0.998784368223867	0.999981486482255	-21.7160368025596	1	1	1
HOXD13_04	17	12	17	12	617	0.226427446738463	0.173891665043919	0.229126738570249	4.51911062590042	0.907350565553406	0.786069829870991	1
HOXD9_Q2	321	340	535	635	617	0.873192284850598	0.976273248144593	0.998440008500451	-11.7599668027838	1	1	1
HSF2_02	140	154	174	197	617	0.841908076983544	0.832884805253537	0.893680610775211	-5.80930094398311	1	1	1
HSF2_Q6	58	70	59	81	617	0.88762880886756	0.885966458222229	0.974244220632457	-6.6719108703764	1	1	1
HSFY1_01	77	74	110	101	617	0.431065800575924	0.399929427249404	0.290942804393946	4.32823455530036	1	1	1
IK1_01	615	606	4321	4071	617	0.0108927683677278	0.0673527424446477	0.00319835627994601	12.3337826659666	0.136717589776529	0.506276339500865	0.0630256975827561
IK3_01	609	602	3833	3645	617	0.102874450822354	0.073757879040348	0.0150590500501012	11.0007933651815	0.548403431169616	0.506276339500865	0.193666387853627
IRF4_05	1	0	1	0	617	0.5	0.159047744710906	0.5	0	1	0.745367820551957	1
IRF4_09	366	309	700	504	617	0.000676324453049486	8.65231104509264e-05	8.78827108489991e-09	29.1536676119555	0.0266470722795328	0.0159490933597874	6.94273415707093e-07
IRF4_Q5	123	117	153	141	617	0.359597329756891	0.306703663298004	0.260600674408478	2.75221076000712	1	1	1
IRF7_04	4	1	4	1	617	0.186992488583978	0.0896203935691384	0.187499539560077	11.8751399759536	0.78338519838591	0.55685480498577	1
IRF7_Q3	320	320	619	535	617	0.522715379208469	0.227066733991167	0.00723842432428959	8.50348110150791	1	0.871999332618855	0.111190240314782
ISL2_03	608	594	4653	4713	617	0.00925167990009172	0.480042180502511	0.736466775716187	-2.07849831578021	0.121813785351208	1	1
ISRE_01	104	115	120	125	617	0.814351508400383	0.77657284125303	0.64923226753997	-2.2203657993294	1	1	1
KAISO_01	184	178	239	217	617	0.377298452014653	0.285789677033848	0.162662517712625	4.47550177078719	1	0.993972901885019	0.967229809624531
KAISO_Q2	598	577	11178	10312	617	0.00357115054295525	0.00404496533872504	1.35171232267814e-09	30.3383741584123	0.065981249727553	0.0949480380911646	1.49499382888202e-07
KLF13_01	8	9	11	17	617	0.686684307217926	0.597809225077379	0.907535597968812	-6.0895319363118	1	1	1
KLF8_01	13	15	13	15	617	0.716443657987674	0.648947950308106	0.714207909592004	-1.59238486503248	1	1	1
KLF9_01	142	121	174	163	617	0.0821838374597548	0.0737368686332426	0.292977499611127	3.08553671790685	0.468597660439418	0.506276339500865	1
LBX2_03	588	573	4315	4860	617	0.0452769586917018	0.952800704760955	0.999999994710777	-26.407575104068	0.335610763203662	1	1
LEF1_05	378	381	696	756	617	0.59250748479066	0.913400569192913	0.945403986813561	-8.03322195974165	1	1	1
LHX2_03	6	9	9	15	617	0.850614889104419	0.783252993328563	0.924206992520685	-3.7865524283094	1	1	1
LHX3_01	289	334	1036	1369	617	0.995605188496268	0.999527904135297	0.999999999995679	-25.8282757019337	1	1	1
LHX6_06	2	5	4	8	617	0.93803223668382	0.871773874547057	0.927002843428757	-5.25417776509599	1	1	1
LHX6_07	1	2	1	4	617	0.875304136253041	0.71925446857519	0.968750230219453	-2.45184797662835	1	1	1
LRF_Q6	516	469	2241	2146	617	0.000538201812294687	0.0115654448272155	0.07758169753035	7.41289045725662	0.0266470722795328	0.213189699648339	0.595870537976161
LYF1_01	555	543	1685	1722	617	0.158667978529186	0.545743759354732	0.742745939851296	-2.59562471932032	0.719208132185574	1	1
MAFA_Q4_01	529	516	1381	1345	617	0.171438982176158	0.342291795414016	0.251104434469415	3.70693405827284	0.752426643995362	1	1
MAFB_Q4	603	589	2712	2529	617	0.0200231589250537	0.0035967064665832	0.00588319047808923	12.0681675714345	0.197728694384905	0.0904081216372959	0.0985880101328286
MAFF_01	2	3	3	5	617	0.813007511416022	0.673425505933161	0.855469475193412	-2.23746780614456	1	1	1
MAFF_04	0	1	0	1	617	1	0.841736601235672	1	0	1	1	1
MAX_11	36	32	38	35	617	0.354239410674994	0.312185701721874	0.407558165904135	1.0007498965682	1	1	1
MEF2_01	0	0	0	0	617	1	1	1	0	1	1	1
MEF2_04	225	258	322	436	617	0.976347700650343	0.99485644097394	0.999985789901089	-24.2491479584931	1	1	1
MEIS1AHOXA9_01	593	584	3311	3456	617	0.138916015628665	0.815773126881102	0.962405477085902	-7.79948028017009	0.656585954210699	1	1
MEIS1DLX3_01	16	40	17	43	617	0.999742443431184	0.9994862920144	0.999803035158034	-14.3229241652388	1	1	1
MEIS1DRGX_01	524	507	1463	1551	617	0.109582968570904	0.599591407899744	0.947706132851166	-7.64192785229098	0.571692279431228	1	1
MEIS1EOMES_01	606	583	3062	2743	617	0.000330682425877149	0.00499616242823937	1.43412421929349e-05	18.6612967741035	0.0261239116442948	0.106264531646784	0.000528713795512865
MEIS1SOX2_01	7	10	7	10	617	0.835542089235629	0.76815060111239	0.833848576238438	-3.83471369651557	1	1	1
MEIS1_02	135	124	153	136	617	0.242285030756796	0.216588611043217	0.17328979370409	5.69034122837888	0.920835830107994	0.861679869833805	0.987930473385175
MEIS1_06	2	3	2	3	617	0.813007511416022	0.673163970480331	0.812500460439923	-2.00194171365379	1	1	1
MEIS2ONECUT2_01	3	1	3	1	617	0.312195493150387	0.158556692945871	0.312499723736047	8.12504519695592	1	0.745367820551957	1
MEIS2_05	0	0	0	0	617	1	1	1	0	1	1	1
MEOX2_03	4	3	4	4	617	0.5	0.353526727410198	0.636719152885823	0	1	1	1
MGADLX2_01	8	20	8	21	617	0.994208855644538	0.989156296982645	0.995935300496069	-9.44321398937012	1	1	1
MIBP1_Q6	385	376	661	707	617	0.319757230344875	0.704073927271182	0.898210874904944	-5.71536826955803	1	1	1
MIZF_03	0	0	0	0	617	1	1	1	0	1	1	1
MRF2_01	33	46	33	49	617	0.948511357931026	0.936980814197302	0.970099676732022	-8.26495026175877	1	1	1
MSX1_01	509	493	1386	1395	617	0.137213322002831	0.423564374201669	0.575273260518468	-0.661382088223583	0.654129026444529	1	1
MSX1_Q5	72	93	82	110	617	0.967248448405569	0.961573763080326	0.981964859909663	-11.5911747362034	1	1	1
MSX2_03	6	7	6	7	617	0.710498232131037	0.609939511068051	0.70947358217	-1.60436302662095	1	1	1
MSX2_Q3	533	543	1822	2191	617	0.825650058553216	0.995149768421605	0.999999997591971	-24.4273884460985	1	1	1
MTF1_01	612	597	3016	2845	617	0.00186345837226909	0.0145172722028776	0.0130239668832122	14.0892048856359	0.0503743851830259	0.230172800367851	0.185192730782211
MTF1_07	0	0	0	0	617	1	1	1	0	1	1	1
MYBL1ELF1_01	0	0	0	0	617	1	1	1	0	1	1	1
MYBL1FIGLA_01	23	26	24	27	617	0.71988196249631	0.66882784830884	0.712078931680398	-2.53964700385503	1	1	1
MYBL1HOXA13_01	2	2	2	2	617	0.687804506849613	0.500323685944294	0.687500276263954	0	1	1	1
MYBL1ONECUT2_01	44	49	45	51	617	0.741097680877313	0.70743584435467	0.762431802557738	-3.16399774015481	1	1	1
MYBL2_02	11	20	11	22	617	0.966376425448559	0.949831790250259	0.982460078798882	-7.62077541468166	1	1	1
MYBL2_03	0	1	0	1	617	1	0.841736601235672	1	0	1	1	1
MYBL2_05	3	4	4	6	617	0.774104421612281	0.648297527909077	0.828125906492767	-1.93772394697653	1	1	1
MYOD_01	0	0	0	0	617	1	1	1	0	1	1	1
MYOGNF1_01	615	601	5646	5038	617	0.000608089436565848	2.43217191159508e-06	1.84792562868681e-09	43.7455134143368	0.0266470722795328	0.000672495533556041	1.70317145443968e-07
NERF_Q2	604	593	3159	2888	617	0.0469105903226597	0.00412144030743851	0.000250332253971128	17.5587878058837	0.335610763203662	0.0949480380911646	0.0062924425657288
NFAT5_02	3	4	3	4	617	0.774104421612281	0.647842271298486	0.773438104328066	-1.87218488428666	1	1	1
NFATC1_01	5	3	5	3	617	0.362836092200537	0.239302535069306	0.363280847114177	4.96720492645942	1	0.88222867928884	1
NFATC1_02	2	2	4	4	617	0.687804506849613	0.500323685944294	0.636719152885823	0	1	1	1
NFATC1_03	0	0	0	0	617	1	1	1	0	1	1	1
NFIA_03	47	43	48	46	617	0.371382719401492	0.334219584860912	0.458960112626937	0.860340517018663	1	1	1
NFKB_C	354	350	699	704	617	0.431516842242939	0.329968578139595	0.56366139077199	-2.74919263916087	1	1	1
NFY_C	444	441	879	876	617	0.449707642988895	0.317777855360302	0.480949922384132	1.21254079208052	1	1	1
NKX22_01	329	347	635	740	617	0.861424359612942	0.967822020682382	0.997890468475111	-10.8900673482074	1	1	1
NKX23_04	9	11	9	11	617	0.750047982236418	0.674028596824044	0.748279257258299	-2.59432050260248	1	1	1
NKX25_03	601	589	3433	3536	617	0.0451095249772516	0.714171049897457	0.894170760441044	-6.72581973942458	0.335610763203662	1	1
NKX31_06	315	311	451	493	617	0.432186905884451	0.47949127779211	0.919263719279091	-5.34591294673668	1	1	1
NKX61_01	178	218	254	332	617	0.993818243840807	0.994985626434641	0.999459731990361	-14.2156425465592	1	1	1
NKX62_Q2	346	368	855	1144	617	0.907587953837553	0.9962532761082	0.999999999960419	-25.0938645149079	1	1	1
NOR1_02	0	0	0	0	617	1	1	1	0	1	1	1
NR2E1_02	54	59	59	66	617	0.723060726754722	0.688243130066934	0.762799407583188	-2.96356650293751	1	1	1
NR2F1_05	509	492	1200	1242	617	0.122230729496538	0.914967492570146	0.808103706576655	-4.95395240339718	0.59817339302288	1	1
NR4A2_02	0	2	0	4	617	1	0.921602571008796	1	0	1	1	1
NR4A2_03	1	1	1	1	617	0.750202757502028	0.500457389292136	0.750000184175766	0	1	1	1
NR4A2_04	19	30	20	31	617	0.960377152492297	0.945259008852094	0.954045769079996	-6.27741205360666	1	1	1
NRF1_02	12	12	34	29	617	0.581385118455126	0.497202279912475	0.307323382553652	1.62083364744447	1	1	1
NRSF_01	2	3	2	3	617	0.813007511416022	0.673163970480331	0.812500460439923	-2.64665561036546	1	1	1
OCT1_01	273	283	478	506	617	0.735433952665505	0.786841921933121	0.822467646220838	-6.91152909535293	1	1	1
OCT1_06	564	553	3274	3586	617	0.165606413157953	0.898613932001244	0.99992444596107	-15.7149734297305	0.744555662409333	1	1
OLF1_01	305	283	465	460	617	0.1156584150561	0.214721167318289	0.4476691787364	0.228185162820746	0.578728456306228	0.860440619760971	1
OSR2_05	0	0	0	0	617	1	1	1	0	1	1	1
OTX2_Q3	121	135	138	177	617	0.8538518663859	0.886714880969977	0.987978798387084	-9.90988916388349	1	1	1
P73_Q6	276	246	388	350	617	0.0473375036706793	0.0561171252975161	0.0865215492676764	9.68054488563181	0.335610763203662	0.456364268963624	0.629558115066119
PAX1_B	0	0	0	0	617	1	1	1	0	1	1	1
PAX2_01	497	518	1256	1420	617	0.949486277988666	0.990097628064084	0.999297677166666	-19.5863163312194	1	1	1
PAX2_Q2	542	515	1602	1464	617	0.0172522802142414	0.0460414759859426	0.00661825624968345	10.1556131927323	0.18290279794385	0.404141844765496	0.104568448744998
PAX3_01	616	610	5653	5213	617	0.0347132610548967	0.000836248461695232	1.17403778429121e-05	21.7987847541837	0.274234762333684	0.0429064794305614	0.000463744924795029
PAX5_01	615	601	7618	6556	617	0.000608089436565848	5.31620787564855e-07	1.58168330182636e-19	60.0918460252354	0.0266470722795328	0.000293986295523365	8.74670865909977e-17
PAX5_Q6	602	582	2975	2709	617	0.00278484287721672	0.0532938810240719	0.000213414488037623	15.3312974388214	0.061600724444034	0.450644704158244	0.00561991485165741
PAX9_01	0	0	0	0	617	1	1	1	0	1	1	1
PBX1_02	276	282	418	453	617	0.655550497732772	0.846720829870096	0.888817192769922	-7.4827810009777	1	1	1
PBX1_05	605	588	2790	2866	617	0.00509716565391256	0.529046323534779	0.847551810357247	-3.80750902115321	0.0793381807431719	1	1
PBX4_01	0	0	0	0	617	1	1	1	0	1	1	1
PIT1_Q6	507	488	1920	2062	617	0.0973428249563849	0.630121705403918	0.988385900951717	-13.073508715414	0.53297606139486	1	1
PITX1EOMES_01	73	78	79	87	617	0.698829743312836	0.677554087112153	0.75753509009075	-3.42199706727166	1	1	1
PITX1FIGLA_01	65	57	71	63	617	0.252258304205118	0.225202369195392	0.272757247006177	4.54372060965147	0.920835830107994	0.871999332618855	1
PITX1HES7_01	6	3	6	3	617	0.253104965960968	0.157998475475699	0.253905524805519	6.4037871693103	0.920835830107994	0.745367820551957	1
PITX1TBX21_01	2	2	2	2	617	0.687804506849613	0.500323685944294	0.687500276263954	0	1	1	1
PLAG1_02	440	416	3172	3648	617	0.0777253444496864	0.190420510849032	0.999999996539586	-16.554004882222	0.465118037652486	0.816298779066004	1
PLAG1_04	7	9	12	9	617	0.77424770840481	0.691393985673855	0.331810665848057	3.26661115382718	1	1	1
PLAG1_06	0	0	0	0	617	1	1	1	0	1	1	1
PLAG1_08	0	1	0	1	617	1	0.841736601235672	1	0	1	1	1
PLAGL2_02	0	0	0	0	617	1	1	1	0	1	1	1
PLAGL2_03	152	137	191	163	617	0.173340222374078	0.146738615344192	0.0755611592438442	5.27519146597194	0.754780653329649	0.745367820551957	0.588525648758392
PLAGL2_05	0	0	0	0	617	1	1	1	0	1	1	1
PLZFB_Q3	478	458	1303	1268	617	0.103135545825751	0.267185264578621	0.251056459054156	3.03096298909719	0.548403431169616	0.941104785426606	1
POU2F1DLX2_01	0	2	0	2	617	1	0.921602571008796	1	0	1	1	1
POU2F1EOMES_01	456	447	1025	981	617	0.303633876273227	0.300490626994526	0.168332074307666	5.08705873788479	1	1	0.981963099422301
POU2F1ETV4_01	0	1	0	1	617	1	0.841736601235672	1	0	1	1	1
POU2F1FOXO6_01	5	10	5	12	617	0.941881157018951	0.903713477062867	0.975479821579504	-10.9115428199156	1	1	1
POU2F1HOXB13_01	35	34	35	40	617	0.5	0.467528116180426	0.755664539878249	-3.08363792867945	1	1	1
POU2F1SOX2_01	31	33	31	36	617	0.649779389376372	0.608793084837179	0.768096726726589	-3.25029598395371	1	1	1
POU2F1TBX21_01	5	12	6	15	617	0.976242074296306	0.956406455530762	0.986698722498117	-9.29335209017026	1	1	1
POU3F1_Q6	489	467	1588	1489	617	0.076182350990727	0.176261589338161	0.0384631805434784	6.23896429573907	0.462954286789803	0.786069829870991	0.373160330535852
POU3F2_01	460	477	2160	2527	617	0.8846791755962	0.961869020337759	0.999999964226562	-17.3838450910605	1	1	1
POU4F2_01	1	1	1	1	617	0.750202757502028	0.500457389292136	0.750000184175766	0	1	1	1
POU4F2_02	20	27	21	30	617	0.883087034789714	0.851807857923188	0.919614130943603	-4.96091892147458	1	1	1
POU5F1_01	597	576	4779	4741	617	0.00406838851402264	0.251144690269881	0.351769691614138	1.24291829596208	0.0661711425957212	0.907732115812055	1
POU6F2_01	0	2	0	4	617	1	0.921602571008796	1	0	1	1	1
PPARG_02	615	604	7123	7249	617	0.00352576069510826	0.822972360270194	0.856566045930557	-6.19020759777323	0.065981249727553	1	1
PRDM10_01	0	0	0	0	617	1	1	1	0	1	1	1
PRDM12_01	11	4	11	4	617	0.0581188429810487	0.0345840250147412	0.0592336064204747	11.5331827832506	0.382615716291904	0.357815601692088	0.496305823492765
PRDM14_01	3	9	3	9	617	0.981168601945094	0.959096731597065	0.98071330609825	-6.68398897629255	1	1	1
PRDM14_02	122	123	142	148	617	0.556734789819565	0.535718547699534	0.65946349555768	-1.74788654860358	1	1	1
PRDM15_01	27	38	28	38	617	0.937187773272904	0.918275182565879	0.912362351483171	-4.89491297724355	1	1	1
PRDM15_02	0	0	0	0	617	1	1	1	0	1	1	1
PRDM15_03	0	5	0	5	617	1	0.987468485243821	1	0	1	1	1
PRDM15_04	1	1	1	1	617	0.750202757502028	0.500457389292136	0.750000184175766	0	1	1	1
PRDM16_05	414	447	824	870	617	0.982502525719431	0.916571096118987	0.873411087947026	-3.52465188597142	1	1	1
PRDM1_03	447	423	802	752	617	0.0755121322986978	0.0670838119620702	0.106796367941097	5.22066832233687	0.462954286789803	0.506276339500865	0.711546885197911
PRDM4_01	0	0	0	0	617	1	1	1	0	1	1	1
PRDM5_02	1	0	1	0	617	0.5	0.159047744710906	0.5	0	1	0.745367820551957	1
PRDM5_03	5	8	5	10	617	0.867855979189777	0.799851731210437	0.940766393579525	-5.29214624881358	1	1	1
PREP1_Q3	422	426	786	808	617	0.620565786072072	0.63069499381971	0.717827445819091	-2.1271286776757	1	1	1
PROX1_01	4	3	4	3	617	0.5	0.352613757620755	0.5	1.82785982550998	1	1	1
PRRX2_05	0	0	0	0	617	1	1	1	0	1	1	1
PRX2_Q2	493	488	2007	2453	617	0.388974661154072	0.98834200152727	0.999999999990256	-23.2721880361173	1	1	1
PSF_Q5	335	297	531	461	617	0.0175295629132443	0.0200542445788031	0.0141806108227455	8.59579434243728	0.18290279794385	0.249919891203564	0.186711375832815
RARB_01	0	0	0	0	617	1	1	1	0	1	1	1
RBPJK_01	404	387	687	627	617	0.171189653499584	0.0468583061333399	0.0517006028249651	7.48351661479047	0.752426643995362	0.40488505143339	0.463344853081488
RELA_03	595	567	2944	3131	617	0.000460383464713657	0.434683784935279	0.992188724663439	-9.6120878924992	0.0266470722795328	1	1
REST_04	50	70	52	75	617	0.978369342920125	0.973658081802449	0.98360928678519	-9.59857340169522	1	1	1
RFX2_02	0	0	0	0	617	1	1	1	0	1	1	1
RFX3BHLHA15_01	7	4	7	4	617	0.273494800744871	0.182009427217139	0.274413231547072	6.12433134295505	0.969504005204575	0.805209706008624	1
RFX3FIGLA_02	35	29	37	30	617	0.260629415921878	0.219331191068016	0.231903273273411	5.40280988061179	0.929858496805152	0.866358204718664	1
RFX3HES7_01	12	6	12	6	617	0.117210826593667	0.077269546168667	0.118940695623463	10.0507528399154	0.578728456306228	0.506276339500865	0.773814172703236
RFX3SREBF2_01	1	1	2	2	617	0.750202757502028	0.500457389292136	0.687500276263954	0	1	1	1
RFX3SRF_01	107	95	120	108	617	0.198707147530895	0.185889883744875	0.23317599985002	5.7222044925579	0.826203402891617	0.80942602921981	1
RFX5_02	2	9	2	14	617	0.99431359581736	0.983106640910698	0.999740618121797	-9.83987121895305	1	1	1
RFX_Q6	346	339	534	521	617	0.365544729794393	0.299720531275721	0.355852239197783	1.73426378702401	1	1	1
RLF_01	8	12	8	12	617	0.870372587715796	0.816409002981704	0.86841378789897	-3.69745414846398	1	1	1
ROAZ_01	0	4	0	7	617	1	0.977424604108744	1	0	1	1	1
RORA2_01	165	189	213	247	617	0.9422275369558	0.930032525860792	0.948728893293761	-7.48544763196175	1	1	1
RORA_05	0	0	0	0	617	1	1	1	0	1	1	1
RORA_06	0	0	0	0	617	1	1	1	0	1	1	1
RP58_01	34	21	34	21	617	0.0485182848917826	0.0365352633809685	0.0523912300877756	9.37740762010622	0.339627994242478	0.360785725887064	0.463344853081488
RREB1_01	530	525	2409	2434	617	0.373255267959111	0.51800606915873	0.645898547121253	0.206511090098469	1	1	1
RREB1_04	0	0	0	0	617	1	1	1	0	1	1	1
RREB1_05	0	1	0	1	617	1	0.841736601235672	1	0	1	1	1
RREB_Q5	221	224	336	339	617	0.593716801627144	0.586078366345693	0.561187161932543	-0.680118488105306	1	1	1
RUNX2_02	44	34	83	37	617	0.146180307253324	0.122233089490887	1.62030512740372e-05	25.4367553286516	0.680042167638472	0.719094664770859	0.00056001795965891
RUNX3_01	15	10	15	10	617	0.209781606205336	0.156355603583332	0.212175958040846	6.08357183246475	0.865740509190678	0.745367820551957	1
RXRA_05	1	0	1	0	617	0.5	0.159047744710906	0.5	0	1	0.745367820551957	1
SALL1_01	137	126	153	151	617	0.243507741673912	0.254769317563085	0.477135339261284	0.528184588473564	0.920835830107994	0.910533693379951	1
SALL1_03	40	40	45	42	617	0.545978681523335	0.493948554105794	0.415183817976624	0.572963806330764	1	1	1
SALL3_01	220	243	303	325	617	0.920906779812835	0.884256148398847	0.820688707677101	-3.98383987914504	1	1	1
SALL3_02	2	2	2	2	617	0.687804506849613	0.500323685944294	0.687500276263954	0	1	1	1
SATB1_Q3	85	125	100	148	617	0.999075151021255	0.998814996320546	0.99909878540172	-15.3513326410408	1	1	1
SC1_01	2	3	2	3	617	0.813007511416022	0.673163970480331	0.812500460439923	-2.00194171365379	1	1	1
SCRT2_01	5	5	5	5	617	0.623548290502798	0.50020521812345	0.623047328247052	0	1	1	1
SIP1_Q6	2	0	2	0	617	0.249797242497973	0.078733684327829	0.249999815824234	0	0.920835830107994	0.506276339500865	1
SIX1_Q3	229	212	310	286	617	0.170948317106679	0.149567917501422	0.173017343261365	4.4129080000504	0.752426643995362	0.745367820551957	0.987930473385175
SIX3_Q6	344	375	731	975	617	0.967673012735228	0.99892499342448	0.999999998620825	-24.0459904533812	1	1	1
SIX4_01	599	584	2698	2582	617	0.0221395887928696	0.234803345816929	0.0563968709654215	7.24828151238683	0.204053210040948	0.88222867928884	0.479807225290432
SMAD3_Q6	587	577	2353	2328	617	0.133969256035512	0.232527381905153	0.362649130517896	-0.414981467059536	0.644217379022942	0.88222867928884	1
SMAD3_Q6_01	534	525	1382	1336	617	0.256985721079129	0.226364189827522	0.19379071093511	4.5164523638961	0.928843815403648	0.871999332618855	1
SMAD4_Q6	616	606	5338	5257	617	0.00305740540818719	0.20171888106104	0.21761870953325	6.60363385290384	0.0636063890251967	0.832466725572801	1
SMAD5_02	0	2	0	2	617	1	0.921602571008796	1	0	1	1	1
SMAD5_Q5	600	589	5997	5489	617	0.063997333536382	0.00246006000924117	1.00929541757132e-06	16.3962150926839	0.416359122889638	0.0716006939531773	5.07400332651764e-05
SMAD7_01	12	21	12	22	617	0.961935576523573	0.944210147916765	0.971195215485802	-6.54773374175838	1	1	1
SNAP190_01	0	2	0	2	617	1	0.921602571008796	1	0	1	1	1
SOX10_03	0	0	0	0	617	1	1	1	0	1	1	1
SOX10_05	0	0	0	0	617	1	1	1	0	1	1	1
SOX10_08	496	492	1169	1166	617	0.415383574177584	0.454329057560945	0.483479208057878	0.0887848136450937	1	1	1
SOX18_Q5_01	99	98	104	114	617	0.5	0.528171650091484	0.77184760250272	-3.03834079371915	1	1	1
SOX5_01	396	412	884	1000	617	0.845632892908582	0.956811078092151	0.996513783303723	-9.88828779798463	1	1	1
SOX6TBX21_01	167	159	211	204	617	0.325666361098601	0.302043342591563	0.384180574576546	1.34456282185421	1	1	1
SOX8_07	0	0	0	0	617	1	1	1	0	1	1	1
SOX9_05	0	0	0	0	617	1	1	1	0	1	1	1
SOX9_09	391	385	752	723	617	0.38415061057946	0.35768159334528	0.232867791058215	1.82671003967652	1	1	1
SOX_Q6	590	581	2994	3034	617	0.150399294755452	0.614012808608863	0.701683368169337	-2.11298020706567	0.693090083331373	1	1
SP1SP3_Q4	365	330	2289	2360	617	0.0254804358086848	0.0615804299604528	0.854923944982702	1.28615804696853	0.227269048422624	0.479633489691977	1
SP2_04	605	589	5236	5065	617	0.00744869834498772	0.0128758090229914	0.046343121630077	8.82186551980303	0.100466589872639	0.229687819023041	0.434368580702247
SP2_06	0	0	0	0	617	1	1	1	0	1	1	1
SP3_Q3	574	568	3530	3351	617	0.294056564924052	0.0228533892142244	0.0157231947961159	11.4153931130187	1	0.263290088238877	0.194818299891876
SP5_Q2	49	47	56	50	617	0.457711476596629	0.403784250455196	0.313708749293073	2.92026638278915	1	1	1
SPDEF_06	0	0	0	0	617	1	1	1	0	1	1	1
SPDEF_07	5	3	5	3	617	0.362836092200537	0.239302535069306	0.363280847114177	4.39774615054641	1	0.88222867928884	1
SPI1_06	443	444	950	931	617	0.550379663369271	0.521956136932828	0.338960660216624	0.475333622734852	1	1	1
SREBP1_02	592	569	2989	2751	617	0.00377708934583468	0.0182583718709463	0.00085863088648182	14.5557408770788	0.065981249727553	0.243184936804514	0.0189929152089779
SREBP1_Q5	488	487	1083	1077	617	0.5	0.377496787433266	0.457130925368162	0.834573283942204	1	1	1
SRF_01	31	35	39	50	617	0.736359141770259	0.690247460476329	0.898449001711526	-7.75871651473246	1	1	1
STAF_05	0	0	0	0	617	1	1	1	0	1	1	1
STAT1_10	371	370	737	733	617	0.5	0.523909110872921	0.46880104172507	-0.630836424486152	1	1	1
STAT3_01	355	338	867	777	617	0.179329050906155	0.102185936296422	0.0140181288453893	8.58036428043311	0.768751667838015	0.620976074416717	0.186711375832815
STAT5A_02	605	586	4788	4590	617	0.0023222254461529	0.0683253508322613	0.0206054280155515	11.9263754629023	0.0535079446551065	0.506276339500865	0.224387854279712
STAT5A_Q6	64	57	89	76	617	0.282943657367849	0.247909303640088	0.175102523633818	5.21714725101939	0.99437563746296	0.901933190216898	0.988078526219399
T3RBETA_Q6_01	456	447	969	1019	617	0.303633876273227	0.308882350398656	0.873830098153244	-4.92822652935993	1	1	1
TAL1BETAITF2_01	513	507	1345	1354	617	0.353512635910838	0.498767500769852	0.576391948535102	0.965256353888827	1	1	1
TAL1GATA1_02	46	37	49	39	617	0.181656179982649	0.152531622820992	0.168691671690992	6.5860521630842	0.772737442541575	0.745367820551957	0.981963099422301
TAL1_01	431	418	873	834	617	0.230476227563322	0.17434691058978	0.178703904614364	5.05863016929612	0.916930603183574	0.786069829870991	0.998214739916599
TAXCREB_01	498	474	1275	1261	617	0.0546285988576877	0.17562239795795	0.398056221952556	0.29540998049347	0.37138422140653	0.786069829870991	1
TAXCREB_02	615	607	5463	5001	617	0.0188313980549065	0.00108012717912674	3.02271377397009e-06	23.6342672316718	0.191787479993674	0.0459469484659296	0.000139296726417121
TBX15_02	0	0	0	0	617	1	1	1	0	1	1	1
TBX18_01	0	0	0	0	617	1	1	1	0	1	1	1
TBX1_01	0	1	0	1	617	1	0.841736601235672	1	0	1	1	1
TBX1_04	0	0	0	0	617	1	1	1	0	1	1	1
TBX1_05	1	0	2	0	617	0.5	0.159047744710906	0.249999815824234	0	1	0.745367820551957	1
TBX20_05	99	66	116	72	617	0.00364917812471951	0.00268497459469623	0.000819626186332214	19.4008401036624	0.065981249727553	0.0742395475433507	0.0188855533767381
TBX21_01	0	0	0	0	617	1	1	1	0	1	1	1
TBX5CSX_Q5	11	3	11	3	617	0.0279945229026792	0.0158165757938126	0.0286858933023745	17.2053558886289	0.23816878715664	0.230172800367851	0.289638787724404
TBX5_04	0	0	0	0	617	1	1	1	0	1	1	1
TCF11MAFG_01	559	542	1741	1719	617	0.0708309671882395	0.188286497841832	0.360374063901192	3.43139445679547	0.450224423621798	0.813456510207289	1
TEAD4ALX4_01	26	45	31	48	617	0.99301387572531	0.989549120167152	0.978920258075096	-10.5259336915445	1	1	1
TEAD4CEBPD_01	12	12	13	14	617	0.581385118455126	0.501731972372995	0.649447412071309	-1.71804112691024	1	1	1
TEAD4CLOCK_01	130	119	145	132	617	0.239088256179999	0.2105183430831	0.235461380307658	5.3060033281626	0.920835830107994	0.849756523539812	1
TEAD4ELK3_01	0	0	0	0	617	1	1	1	0	1	1	1
TEAD4EOMES_01	94	91	108	100	617	0.436664474974481	0.380571764960039	0.313749546818041	4.18641500314181	1	1	1
TEAD4ERG_02	1	1	1	1	617	0.750202757502028	0.500457389292136	0.750000184175766	0	1	1	1
TEAD4ESRRB_01	34	49	35	52	617	0.965783076061636	0.95672243435093	0.973502236011444	-10.29940531802	1	1	1
TEAD4ETV7_01	0	1	0	1	617	1	0.841736601235672	1	0	1	1	1
TEAD4FIGLA_01	12	12	12	12	617	0.581385118455126	0.50013323187075	0.580590841359218	0	1	1	1
TEAD4FOXI1_01	91	122	106	139	617	0.992103034731123	0.990880070519257	0.98519019013881	-10.1172621921253	1	1	1
TEAD4GATA3_01	31	29	34	30	617	0.447417164831997	0.395825278685152	0.35398707679804	2.89939065590559	1	1	1
TEAD4MAX_02	11	3	11	3	617	0.0279945229026792	0.0158165757938126	0.0286858933023745	19.5286534636184	0.23816878715664	0.230172800367851	0.289638787724404
TEAD4ONECUT2_01	2	3	2	3	617	0.813007511416022	0.673163970480331	0.812500460439923	-2.31068018079557	1	1	1
TEAD4RFX5_01	17	25	17	26	617	0.921546831070311	0.896172124854177	0.936858261159416	-9.19507186165666	1	1	1
TEAD4SOX15_01	135	139	153	158	617	0.633978052735731	0.600291156933951	0.633142056881845	-1.38787386434713	1	1	1
TEAD4SOX6_01	7	13	7	13	617	0.94381156508278	0.911886551704216	0.942342185189695	-7.09408993166482	1	1	1
TEF3_Q3	506	498	1963	2287	617	0.304459061057673	0.975714104478092	0.999999706473539	-17.6781318124858	1	1	1
TEF_01	278	294	400	406	617	0.834091334772935	0.805883915729256	0.597396420129691	-0.850330853558824	1	1	1
TEF_05	0	0	0	0	617	1	1	1	0	1	1	1
TEF_08	0	0	0	0	617	1	1	1	0	1	1	1
TFAP2B_04	87	86	154	145	617	0.5	0.43968402791597	0.321825204446905	-0.368597736731168	1	1	1
TFAP2CDLX3_03	98	105	113	122	617	0.730449609724243	0.69340130522456	0.742880134106745	-3.32975392844416	1	1	1
TFAP2CELK1_01	9	13	9	14	617	0.859040674360741	0.806106736653534	0.894982129907127	-5.75564672481509	1	1	1
TFAP2CHOXB13_01	13	20	13	20	617	0.921453253195081	0.891576646196511	0.918624727439815	-6.4824213402213	1	1	1
TFAP2CMAX_02	14	5	15	5	617	0.0307792699165969	0.0186956576859278	0.020693997410968	20.4466882177552	0.254043824834001	0.243184936804514	0.224387854279712
TFAP2CONECUT2_01	8	8	8	8	617	0.598832868527137	0.500162638287436	0.598190886318467	0	1	1	1
TFAP4MAX_02	2	4	2	4	617	0.891195718091952	0.793555484565215	0.890625517994722	-4.52830454337132	1	1	1
TFCP2_03	14	17	18	21	617	0.766280991126915	0.706165699560393	0.738804318133491	-3.07394362618977	1	1	1
TFE_Q6	310	248	475	400	617	0.000239972398680596	0.000387355630071448	0.00614478185532914	10.7018346275214	0.0261239116442948	0.0274922419960946	0.0999430695881476
TFIIIA_03	0	1	0	1	617	1	0.841736601235672	1	0	1	1	1
TFIIIA_04	0	0	0	0	617	1	1	1	0	1	1	1
TFIII_Q6	574	544	2482	2282	617	0.00225019410885742	0.0216033168902528	0.00193485971766081	12.3264152475453	0.0535079446551065	0.254183707240634	0.0396287934765344
TFIII_Q6_01	596	580	2798	2700	617	0.0213917863300264	0.124475299698221	0.0949530121786333	5.52715085587596	0.203324812760165	0.719674321227844	0.680726632152492
THAP1_01	617	607	5881	5515	617	0.000941325225798195	0.000396491625019758	0.000297538657089846	20.1827904934558	0.0306207558744942	0.0274922419960946	0.00715386423350802
THRA_01	0	0	0	0	617	1	1	1	0	1	1	1
THRB_02	0	0	0	0	617	1	1	1	0	1	1	1
THRB_03	0	0	0	0	617	1	1	1	0	1	1	1
TITF1_Q3	560	567	2708	2912	617	0.790765709617645	0.953818100824447	0.996932616486049	-11.6501765236778	1	1	1
TP63_01	0	0	0	0	617	1	1	1	0	1	1	1
TRF1_01	0	0	0	0	617	1	1	1	0	1	1	1
TRPS1_Q3	9	10	9	10	617	0.677495819130536	0.59153037178998	0.676198220256451	-1.22560008224929	1	1	1
TST1_01	549	534	3087	3695	617	0.111919757140286	0.997290317335549	0.999999999999941	-34.8622940223052	0.572782075309989	1	1
VDR_01	0	1	0	1	617	1	0.841736601235672	1	0	1	1	1
WT1_01	443	376	2271	2201	617	3.4060572113406e-05	0.00143167871503091	0.150682292811791	15.011087258772	0.00941774818935677	0.0527812219608061	0.915684702471655
YY1_08	559	554	1695	1833	617	0.350968650411784	0.974266480754812	0.990447638366863	-9.22598725019173	1	1	1
YY1_12	571	556	1826	1800	617	0.078220574144089	0.354118858560496	0.338808218623277	2.40910075330837	0.465118037652486	1	1
ZASC1_01	0	0	0	0	617	1	1	1	0	1	1	1
ZASC1_02	0	0	0	0	617	1	1	1	0	1	1	1
ZBP89_Q4_01	404	369	2237	2256	617	0.0226809781081344	0.0449147515141069	0.617478313064831	1.26197061151371	0.205616080226202	0.400610606246792	1
ZBTB11_02	0	0	0	0	617	1	1	1	0	1	1	1
ZBTB1_01	0	0	0	0	617	1	1	1	0	1	1	1
ZBTB26_01	0	0	0	0	617	1	1	1	0	1	1	1
ZBTB2_Q3	219	209	284	269	617	0.295203547593825	0.255212879699625	0.275786806626231	2.65686409792416	1	0.910533693379951	1
ZBTB2_Q3_01	535	513	1715	1622	617	0.0472787620262711	0.0545989062904202	0.0553971179458751	7.15975358711415	0.335610763203662	0.450644704158244	0.478665722251077
ZBTB33_05	48	33	66	43	617	0.0535279359271763	0.0416987477048512	0.0173040674178265	11.2862309319326	0.370011857096606	0.384323458013045	0.203598920894852
ZBTB34_01	18	27	20	28	617	0.936002666463618	0.913713897818956	0.903297615810126	-4.81178781470085	1	1	1
ZBTB38_01	0	1	0	1	617	1	0.841736601235672	1	0	1	1	1
ZBTB38_02	27	20	29	20	617	0.186195317376729	0.14685534884027	0.126430572405464	6.32953835770552	0.78338519838591	0.745367820551957	0.794501210684337
ZBTB40_01	175	155	223	198	617	0.110838454451407	0.119075094935799	0.12100962558932	4.96817514584202	0.572782075309989	0.715744864124968	0.778120034312718
ZBTB40_02	21	19	22	34	617	0.436273732673686	0.374370131717925	0.959289725157288	-3.32604358061565	1	1	1
ZBTB41_01	0	0	0	0	617	1	1	1	0	1	1	1
ZBTB44_01	479	439	918	823	617	0.00545180988831923	0.0072691460934349	0.0120755777043593	7.38818016895906	0.0793381807431719	0.1386150961955	0.180480931635424
ZBTB46_01	1	2	1	2	617	0.875304136253041	0.718622948211031	0.875000276263648	-2.34790597079452	1	1	1
ZBTB49_01	0	0	0	0	617	1	1	1	0	1	1	1
ZBTB49_02	0	0	0	0	617	1	1	1	0	1	1	1
ZBTB5_01	135	108	153	132	617	0.0312859220126657	0.0361528559939837	0.118016492508206	5.52267675740032	0.254428159897119	0.360785725887064	0.773814172703236
ZEC_01	1	0	1	0	617	0.5	0.159047744710906	0.5	0	1	0.745367820551957	1
ZF5_B	598	581	8293	7294	617	0.0132322871668259	0.000259203407750469	4.39407167489538e-16	37.7267141675042	0.155690527728824	0.0274922419960946	1.21496081810857e-13
ZFP41_02	4	2	4	2	617	0.34336890193584	0.20682305158068	0.343749654669676	4.58388969543562	1	0.840979025912618	1
ZFP64_03	11	4	11	5	617	0.0581188429810487	0.034940402335213	0.105055412398297	7.97557352726214	0.382615716291904	0.357815601692088	0.711546885197911
ZFP64_04	0	0	0	0	617	1	1	1	0	1	1	1
ZFP64_05	0	0	0	0	617	1	1	1	0	1	1	1
ZFP64_06	0	0	0	0	617	1	1	1	0	1	1	1
ZFP91_01	0	0	0	0	617	1	1	1	0	1	1	1
ZFPM1_01	2	4	2	5	617	0.891195718091952	0.793933224303964	0.937500483461384	-4.51732211795427	1	1	1
ZFX_01	152	152	239	240	617	0.526333189804277	0.526292137732563	0.536405728705394	-2.36173564158228	1	1	1
ZFX_03	31	28	32	30	617	0.394923756254415	0.347343584574134	0.449537004350997	1.1838238840959	1	1	1
ZFX_04	0	0	0	0	617	1	1	1	0	1	1	1
ZGPAT_01	585	569	6104	5688	617	0.0411587153985764	0.0154146682009738	6.18297719155524e-05	17.7903202372025	0.320574219935391	0.230172800367851	0.00201128610995885
ZID_01	79	62	87	66	617	0.0760126802160673	0.0610947724013843	0.0527861225029543	8.94188218918121	0.462954286789803	0.479633489691977	0.463344853081488
ZNF131_01	0	0	0	0	617	1	1	1	0	1	1	1
ZNF131_02	0	0	0	0	617	1	1	1	0	1	1	1
ZNF135_01	9	3	9	3	617	0.0720167351038776	0.0409858160079873	0.072997156571243	11.4023636734194	0.452559710368685	0.384155190718932	0.584653393995758
ZNF135_02	10	8	10	9	617	0.406581147826034	0.319015281668169	0.5	1.05536668046724	1	1	1
ZNF135_03	44	43	45	45	617	0.5	0.455962512268779	0.541936951794501	0	1	1	1
ZNF135_04	2	0	2	0	617	0.249797242497973	0.078733684327829	0.249999815824234	0	0.920835830107994	0.506276339500865	1
ZNF143_03	1	2	1	2	617	0.875304136253041	0.718622948211031	0.875000276263648	-2.82996242634802	1	1	1
ZNF236_01	0	0	0	0	617	1	1	1	0	1	1	1
ZNF236_02	2	3	2	3	617	0.813007511416022	0.673163970480331	0.812500460439923	-2.00194171365379	1	1	1
ZNF236_04	0	0	0	0	617	1	1	1	0	1	1	1
ZNF236_05	0	0	0	0	617	1	1	1	0	1	1	1
ZNF236_06	3	7	3	7	617	0.946025312730693	0.897969681612107	0.945313147492926	-5.07153334889156	1	1	1
ZNF236_07	5	8	5	9	617	0.867855979189777	0.799219316089213	0.910218410402519	-3.50020887386064	1	1	1
ZNF236_08	0	2	0	2	617	1	0.921602571008796	1	0	1	1	1
ZNF282_01	2	2	2	2	617	0.687804506849613	0.500323685944294	0.687500276263954	0	1	1	1
ZNF282_02	0	0	0	0	617	1	1	1	0	1	1	1
ZNF295_01	601	576	8536	7631	617	0.000484512266218627	0.000140407324745504	4.20600510980872e-13	36.1982460281886	0.0266470722795328	0.0194113126460659	7.75306941908075e-11
ZNF312_01	0	0	0	0	617	1	1	1	0	1	1	1
ZNF319_01	39	39	42	40	617	0.546520412736587	0.494178827333377	0.456076977070486	0.691484557645855	1	1	1
ZNF319_02	12	7	12	9	617	0.177757254475956	0.124934421044978	0.331810665848057	3.26661115382718	0.767966888478153	0.719674321227844	1
ZNF335_01	0	0	0	0	617	1	1	1	0	1	1	1
ZNF335_02	0	0	0	0	617	1	1	1	0	1	1	1
ZNF339_01	1	3	1	3	617	0.937804012720851	0.841835479445226	0.937500276263547	-4.08344163291209	1	1	1
ZNF341_01	32	27	42	30	617	0.296960401345542	0.247601426208534	0.0972466617360703	7.24059724458655	1	0.901933190216898	0.680726632152492
ZNF362_01	4	4	4	4	617	0.637163907799463	0.500229253612361	0.636719152885823	0	1	1	1
ZNF366_02	1	0	1	0	617	0.5	0.159047744710906	0.5	0	1	0.745367820551957	1
ZNF367_01	161	160	189	189	617	0.5	0.470971709830669	0.520508666013686	0	1	1	1
ZNF384_02	28	39	28	45	617	0.934434465749116	0.919873061264475	0.982794452297882	-8.43057319969069	1	1	1
ZNF410_01	0	1	0	1	617	1	0.841736601235672	1	0	1	1	1
ZNF436_01	14	5	19	5	617	0.0307792699165969	0.0186956576859278	0.00330514508119336	20.6987744807755	0.254043824834001	0.243184936804514	0.0630256975827561
ZNF436_02	3	2	3	2	617	0.5	0.327359997399242	0.5	2.23864380474763	1	1	1
ZNF438_01	14	19	14	20	617	0.855182422388679	0.812241358369793	0.885262418340853	-4.86929609987067	1	1	1
ZNF450_01	29	31	29	34	617	0.654182980802033	0.609205013449896	0.775024009830004	-2.87062772316914	1	1	1
ZNF499_01	6	5	6	5	617	0.5	0.381230425663181	0.5	1.41587708174686	1	1	1
ZNF507_01	34	24	35	24	617	0.112899179401065	0.0885890187003199	0.0962583910371876	6.70314284266226	0.572782075309989	0.556701447059965	0.680726632152492
ZNF513_01	0	0	0	0	617	1	1	1	0	1	1	1
ZNF515_02	0	0	0	0	617	1	1	1	0	1	1	1
ZNF516_01	110	113	127	134	617	0.616331992969587	0.596350678528324	0.689740528232381	-1.83014824322079	1	1	1
ZNF521_01	4	7	4	7	617	0.887766766191605	0.818249756808687	0.88671969965839	-3.81789589186218	1	1	1
ZNF521_02	0	0	0	0	617	1	1	1	0	1	1	1
ZNF521_03	0	0	0	0	617	1	1	1	0	1	1	1
ZNF536_01	31	37	36	37	617	0.808676210579402	0.761443346132104	0.592441834095865	-0.520724553964085	1	1	1
ZNF536_03	0	0	0	0	617	1	1	1	0	1	1	1
ZNF592_02	602	583	2549	2472	617	0.00403091938895932	0.235846471637304	0.141289414451247	5.60428224373394	0.0661711425957212	0.88222867928884	0.877899395410555
ZNF651_01	0	0	0	0	617	1	1	1	0	1	1	1
ZNF652_03	0	0	0	0	617	1	1	1	0	1	1	1
ZNF672_02	8	5	8	5	617	0.289501767868963	0.201668240312901	0.29052641783	3.95051772845695	0.99437563746296	0.832466725572801	1
ZNF672_03	27	34	29	34	617	0.853300913281218	0.817162117091879	0.775024009830004	-2.87062772316914	1	1	1
ZNF687_01	0	0	0	0	617	1	1	1	0	1	1	1
ZNF710_01	0	2	0	2	617	1	0.921602571008796	1	0	1	1	1
ZNF710_02	0	0	0	0	617	1	1	1	0	1	1	1
ZNF711_02	1	1	1	2	617	0.750202757502028	0.50091477768219	0.875000276263648	-2.34790597079452	1	1	1
ZNF76_01	1	0	1	0	617	0.5	0.159047744710906	0.5	0	1	0.745367820551957	1
ZNF770_01	11	11	13	12	617	0.584853532887781	0.5	0.5	0.867304059516243	1	1	1
ZNF775_02	11	3	11	3	617	0.0279945229026792	0.0158165757938126	0.0286858933023745	14.5149685738495	0.23816878715664	0.230172800367851	0.289638787724404
ZNF777_02	606	593	4531	4075	617	0.0190747041585028	0.00105884013020744	4.29645800017697e-07	28.2094753566833	0.191787479993674	0.0459469484659296	2.63993474899763e-05
ZXDB_01	252	251	555	544	617	0.5	0.469545365844177	0.381421370059673	1.14924612313902	1	1	1
ZXDL_01	0	0	0	0	617	1	1	1	0	1	1	1
