ensembl_gene_id	chromosome_name	start_position	end_position	strand
ENSGALG00000000504	26	1539943	1544102	-1
ENSGALG00000045021	2	431018	442278	-1
ENSGALG00000044935	2	417866	419527	1
ENSGALG00000051954	7	35095688	35100528	-1
ENSGALG00000009479	2	22911382	22916121	-1
ENSGALG00000006855	9	12619518	12636112	-1
ENSGALG00000045085	6	20187816	20191669	1
ENSGALG00000006378	6	20166929	20179294	-1
ENSGALG00000013575	2	89717661	89722211	1
ENSGALG00000045511	7	28261411	28270003	1
ENSGALG00000012075	7	28256073	28261454	-1
ENSGALG00000013569	2	89693065	89697358	-1
ENSGALG00000012072	7	28237978	28253588	-1
ENSGALG00000026422	7	28217915	28235171	-1
ENSGALG00000017135	1	180188436	180238997	1
ENSGALG00000017126	1	179883997	179922552	1
ENSGALG00000043909	6	18666888	18670807	1
ENSGALG00000004848	21	6397421	6405423	-1
ENSGALG00000015712	4	83930355	83937106	1
ENSGALG00000013576	4	61619295	61668372	-1
ENSGALG00000021569	21	6079357	6081398	-1
ENSGALG00000029669	21	6076987	6078857	-1
ENSGALG00000013462	2	89303231	89335819	-1
ENSGALG00000016289	3	86843658	87137461	1
ENSGALG00000028357	2	19428947	19462031	-1
ENSGALG00000014659	1	78058485	78065761	-1
ENSGALG00000014603	1	78045961	78055022	1
ENSGALG00000007158	14	9342202	9344743	1
ENSGALG00000013503	4	61340939	61353442	1
ENSGALG00000011220	5	48730241	48739091	-1
ENSGALG00000004009	19	6026937	6029799	-1
ENSGALG00000015422	Z	54043441	54141518	-1
ENSGALG00000007030	14	9114379	9129367	1
ENSGALG00000025743	14	9101306	9114177	-1
ENSGALG00000006982	14	9045104	9069244	1
ENSGALG00000010561	3	32119832	32134369	-1
ENSGALG00000010560	3	32108928	32127395	1
ENSGALG00000029000	12	3640843	3643608	-1
ENSGALG00000013723	12	3635427	3637460	-1
ENSGALG00000045052	1	174520441	174521798	1
ENSGALG00000009639	4	24959132	24997825	-1
ENSGALG00000048091	27	7924157	7931121	1
ENSGALG00000038141	1	51574103	51584520	-1
ENSGALG00000011499	4	49916846	49938073	1
ENSGALG00000011402	7	22491551	22503173	-1
ENSGALG00000005257	8	12271795	12279181	1
ENSGALG00000010303	3	30966869	30977586	1
ENSGALG00000008439	1	11333589	11371413	-1
ENSGALG00000013999	1	77526063	77541005	1
ENSGALG00000012801	2	64889269	64914270	-1
ENSGALG00000006034	19	9974434	10024381	1
ENSGALG00000008040	15	11192649	11209492	1
ENSGALG00000010149	3	30280731	30303453	-1
ENSGALG00000005609	20	8328212	8337556	1
ENSGALG00000017032	1	171829720	171845524	-1
ENSGALG00000009594	9	22591912	22599539	1
ENSGALG00000011190	4	46423727	46424857	-1
ENSGALG00000020193	4	46421939	46423376	-1
ENSGALG00000041400	21	5269524	5273140	-1
ENSGALG00000026152	12	2699650	2704153	-1
ENSGALG00000008021	20	13795918	13801015	-1
ENSGALG00000013642	21	4968293	5020062	-1
ENSGALG00000031872	21	4912755	4915107	1
ENSGALG00000017012	1	170697168	170700171	1
ENSGALG00000017011	1	170690519	170696381	1
ENSGALG00000019094	1	170550122	170564885	1
ENSGALG00000041192	7	21044187	21071090	1
ENSGALG00000003818	13	12072751	12112751	-1
ENSGALG00000007381	5	17253818	17261848	-1
ENSGALG00000004859	20	6715285	6727531	-1
ENSGALG00000016834	1	138951176	139094938	-1
ENSGALG00000053121	19	4963041	4964040	-1
ENSGALG00000028256	Z	8363698	8366694	-1
ENSGALG00000054196	19	4954691	4955870	-1
ENSGALG00000039989	9	20022139	20024015	-1
ENSGALG00000049551	19	4947059	4948277	-1
ENSGALG00000014585	19	4941785	4942879	1
ENSGALG00000010903	4	45493922	45604213	1
ENSGALG00000024470	19	4937405	4939029	1
ENSGALG00000023294	15	9721482	9724691	1
ENSGALG00000029983	2	131756078	131920640	-1
ENSGALG00000039269	18	9489328	9537525	-1
ENSGALG00000006963	18	9480639	9489310	-1
ENSGALG00000009179	9	19447018	19455676	1
ENSGALG00000015778	3	75770652	75790286	1
ENSGALG00000013911	1	71375201	71400743	-1
ENSGALG00000030661	33	6934615	6940207	1
ENSGALG00000014297	5	16053125	16056590	1
ENSGALG00000043036	5	39074525	39084657	1
ENSGALG00000014569	5	15965565	15987045	-1
ENSGALG00000001666	19	3581614	3584062	-1
ENSGALG00000003863	15	5714657	5727150	1
ENSGALG00000008162	1	1655960	1680468	-1
ENSGALG00000012610	Z	41419265	41425489	1
ENSGALG00000045115	30	595215	599886	1
ENSGALG00000001256	11	631380	666403	1
ENSGALG00000001470	10	3071342	3074466	1
ENSGALG00000044155	1	47922457	47927316	-1
ENSGALG00000007418	24	5487325	5489870	-1
ENSGALG00000030571	1	168025737	168042111	-1
ENSGALG00000016964	1	167989491	168020290	-1
ENSGALG00000021399	18	7902891	7923210	-1
ENSGALG00000026970	5	1814210	1815550	1
ENSGALG00000053220	2	130588631	130595013	1
ENSGALG00000016050	1	108342783	108401530	1
ENSGALG00000047617	28	3504947	3508192	1
ENSGALG00000023821	27	7642263	7646075	-1
ENSGALG00000031388	4	69391529	69417940	-1
ENSGALG00000003457	27	7553413	7558599	1
ENSGALG00000006794	13	17625973	17643175	1
ENSGALG00000038540	24	4498522	4569876	-1
ENSGALG00000006785	13	17591206	17597339	-1
ENSGALG00000050352	26	3760561	3763313	-1
ENSGALG00000016808	1	137784416	137797037	1
ENSGALG00000044279	3	109820943	109830241	1
ENSGALG00000029857	2	4138557	4140735	1
ENSGALG00000000081	16	2367597	2478250	1
ENSGALG00000051311	22	5436740	5457397	-1
ENSGALG00000041621	2	148338397	148344678	-1
ENSGALG00000039869	4	35039467	35039990	-1
ENSGALG00000042001	4	35025993	35044154	1
ENSGALG00000004831	4	1889130	1893556	1
ENSGALG00000041867	1	106580169	106592227	1
ENSGALG00000037629	2	45896594	45935972	-1
ENSGALG00000003319	18	6639244	6650095	1
ENSGALG00000003841	4	1834265	1850149	-1
ENSGALG00000007701	9	15424639	15428284	1
ENSGALG00000042227	22	5262428	5263904	-1
ENSGALG00000015844	1	105995337	106000048	1
ENSGALG00000052829	17	918451	928380	-1
ENSGALG00000031408	10	1522444	1539392	-1
ENSGALG00000003144	18	6279757	6287152	-1
ENSGALG00000044260	1	137767278	137788052	1
ENSGALG00000016904	1	151668738	151671260	1
ENSGALG00000034478	19	576608	578177	1
ENSGALG00000011046	2	32217070	32251177	1
ENSGALG00000052894	1	137753896	137760396	1
ENSGALG00000001231	20	630016	655765	-1
ENSGALG00000030016	3	107370910	107378810	-1
ENSGALG00000016661	3	107236167	107271386	1
ENSGALG00000002841	18	4976515	4983928	1
ENSGALG00000007651	7	7912708	7932691	-1
ENSGALG00000005305	2	2162908	2166703	1
ENSGALG00000005903	5	9791730	9802780	1
ENSGALG00000030268	2	2020319	2058934	1
ENSGALG00000009168	4	18189034	18535906	-1
ENSGALG00000014834	3	59835089	59902821	-1
ENSGALG00000004367	4	1219019	1224786	1
ENSGALG00000051459	22	4148130	4153627	-1
ENSGALG00000021475	25	2955362	2966558	-1
ENSGALG00000015693	1	99983468	100073181	1
ENSGALG00000050182	2	1055416	1056745	1
ENSGALG00000054264	2	1043157	1061857	1
ENSGALG00000051536	2	1043156	1061846	1
ENSGALG00000051027	2	1038303	1039777	1
ENSGALG00000047837	2	1024177	1026865	1
ENSGALG00000000652	21	622081	629374	1
ENSGALG00000049288	2	1011262	1014817	1
ENSGALG00000052737	2	999915	1030300	1
ENSGALG00000017299	1	197370910	197373989	1
ENSGALG00000052434	31	2741115	2742551	1
ENSGALG00000010629	8	24751096	24784695	-1
ENSGALG00000045037	14	2665656	2672249	-1
ENSGALG00000004818	15	6679247	6682601	-1
ENSGALG00000009968	4	31026953	31052941	-1
ENSGALG00000027762	1	197076798	197090770	1
ENSGALG00000041202	2	138061819	138086470	-1
ENSGALG00000039051	33	7622308	7637089	1
ENSGALG00000043208	15	6590284	6599691	1
ENSGALG00000007052	12	12191823	12223412	1
ENSGALG00000013057	1	62069663	62083647	1
ENSGALG00000029569	2	519057	520883	-1
ENSGALG00000053964	2	511301	514049	1
ENSGALG00000000557	26	1717215	1724197	-1
ENSGALG00000011490	2	40384646	40393391	-1
ENSGALG00000012350	Z	71017085	71057636	-1
ENSGALG00000000775	25	165228	169865	-1
ENSGALG00000040666	1	56329183	56352026	1
ENSGALG00000046187	1	55733220	55749482	1
ENSGALG00000039347	5	555689	559351	1
ENSGALG00000013481	27	7069465	7091251	-1
ENSGALG00000036069	5	526897	533211	-1
ENSGALG00000017204	1	186709569	186747771	1
ENSGALG00000012766	1	55560638	55572432	1
ENSGALG00000012761	1	55492486	55507806	-1
ENSGALG00000039354	8	18989399	19032035	1
ENSGALG00000012200	5	56530534	56547633	1
ENSGALG00000016400	3	94991681	95016338	1
ENSGALG00000028790	8	16993720	17017021	-1
ENSGALG00000017186	1	183926160	183936332	-1
ENSGALG00000016392	3	93709143	93717206	1
ENSGALG00000002024	15	1326281	1366341	1
ENSGALG00000015133	1	84316703	84317788	1
ENSGALG00000037200	3	5066010	5424543	1
ENSGALG00000030291	20	10063682	10066572	-1
ENSGALG00000016759	1	133809550	133813733	-1
ENSGALG00000023773	3	4589332	4617178	1
ENSGALG00000008025	6	24063674	24088541	-1
ENSGALG00000004180	17	5992369	5998468	1
ENSGALG00000023709	17	5990121	5992857	1
ENSGALG00000023395	10	13263392	13268054	1
ENSGALG00000052581	18	9878498	9879591	-1
ENSGALG00000038671	18	9873216	9874223	1
ENSGALG00000005701	12	9362450	9382321	1
ENSGALG00000019894	3	88430716	88436533	-1
ENSGALG00000053254	9	3724157	3747564	-1
ENSGALG00000011341	3	42501436	42522334	1
ENSGALG00000046992	14	13968210	13971188	1
ENSGALG00000025991	4	11340030	11346550	-1
ENSGALG00000036747	4	90938865	90943532	-1
ENSGALG00000006138	20	9732482	9752786	1
