ensembl_gene_id	chromosome_name	start_position	end_position	strand
ENSGALG00000008297	10	20469938	20483264	1
ENSGALG00000001118	17	9627008	9673191	1
ENSGALG00000008614	3	16096879	16112242	1
ENSGALG00000016870	1	145329072	145382220	1
ENSGALG00000000504	26	1539943	1544102	-1
ENSGALG00000015464	1	93435286	93470481	1
ENSGALG00000013993	3	56889501	56916337	1
ENSGALG00000037675	2	136788122	136908061	1
ENSGALG00000036942	26	1492029	1493771	-1
ENSGALG00000036163	10	20457103	20464813	1
ENSGALG00000045021	2	431018	442278	-1
ENSGALG00000033887	1	61607575	61627406	1
ENSGALG00000006027	10	11664716	11683763	1
ENSGALG00000006002	10	11535844	11547540	1
ENSGALG00000044935	2	417866	419527	1
ENSGALG00000031348	10	11184028	11211748	1
ENSGALG00000030120	10	11166145	11169393	-1
ENSGALG00000028158	10	10988962	11016023	1
ENSGALG00000007489	6	23106192	23119460	-1
ENSGALG00000007484	6	23099863	23103500	1
ENSGALG00000004960	10	10623539	10768837	-1
ENSGALG00000007304	6	23021332	23035696	1
ENSGALG00000051954	7	35095688	35100528	-1
ENSGALG00000013990	3	56858322	56862421	-1
ENSGALG00000016105	4	90633304	90698669	-1
ENSGALG00000002033	14	13797492	13799633	1
ENSGALG00000051831	10	8707667	8717325	-1
ENSGALG00000035935	10	8592962	8676758	-1
ENSGALG00000016693	1	130482654	130498132	-1
ENSGALG00000035584	7	618031	671774	-1
ENSGALG00000040388	1	127826528	127886710	1
ENSGALG00000016622	1	127723784	127825809	-1
ENSGALG00000012121	5	5568465	5575654	1
ENSGALG00000002683	14	13403863	13409668	1
ENSGALG00000014118	4	88644122	88649461	1
ENSGALG00000009479	2	22911382	22916121	-1
ENSGALG00000032247	1	81030190	81054213	-1
ENSGALG00000011870	5	54161509	54192262	-1
ENSGALG00000014997	1	80955255	80972874	-1
ENSGALG00000028520	3	15683584	15685913	1
ENSGALG00000042079	3	37941890	37973181	1
ENSGALG00000010843	3	37893859	37919523	-1
ENSGALG00000012156	7	29190336	29372124	-1
ENSGALG00000045085	6	20187816	20191669	1
ENSGALG00000006378	6	20166929	20179294	-1
ENSGALG00000004038	10	6684696	6695463	1
ENSGALG00000027501	10	20435393	20443467	-1
ENSGALG00000011687	5	52000607	52016763	-1
ENSGALG00000012112	7	28381630	28385331	-1
ENSGALG00000013575	2	89717661	89722211	1
ENSGALG00000016563	1	123496180	123509692	1
ENSGALG00000012087	7	28275428	28285479	1
ENSGALG00000008976	2	20850062	20974465	1
ENSGALG00000045511	7	28261411	28270003	1
ENSGALG00000012075	7	28256073	28261454	-1
ENSGALG00000049308	5	51719243	51729815	1
ENSGALG00000017302	1	195701721	195741913	1
ENSGALG00000012072	7	28237978	28253588	-1
ENSGALG00000026422	7	28217915	28235171	-1
ENSGALG00000012067	7	28207851	28216993	-1
ENSGALG00000011608	5	51691469	51709667	1
ENSGALG00000005309	12	7348689	7371332	-1
ENSGALG00000010433	8	21981390	21991112	-1
ENSGALG00000011572	5	50822509	50872096	1
ENSGALG00000053916	2	20712045	20753904	-1
ENSGALG00000041344	2	121272547	121278022	1
ENSGALG00000003802	10	5926089	5995672	1
ENSGALG00000008813	2	20644330	20664067	1
ENSGALG00000017126	1	179883997	179922552	1
ENSGALG00000055021	3	36252106	36294690	1
ENSGALG00000005969	6	18741815	18788695	-1
ENSGALG00000008163	3	2948220	3011913	1
ENSGALG00000025886	12	7057412	7082243	-1
ENSGALG00000026154	12	7037584	7054038	-1
ENSGALG00000011806	7	27920485	27939639	-1
ENSGALG00000033260	4	85384333	85405148	-1
ENSGALG00000026891	12	7012303	7029920	1
ENSGALG00000008764	2	20492485	20575251	1
ENSGALG00000043234	14	12510348	12511196	1
ENSGALG00000016543	1	122350876	122496961	-1
ENSGALG00000049024	18	3703058	3711715	1
ENSGALG00000031890	1	79075430	79099949	1
ENSGALG00000053281	2	120210420	120249139	1
ENSGALG00000004848	21	6397421	6405423	-1
ENSGALG00000016431	Z	82009343	82120633	1
ENSGALG00000037164	2	119316650	119443316	1
ENSGALG00000005123	12	6435529	6467522	-1
ENSGALG00000038549	3	2416491	2431112	1
ENSGALG00000029476	3	2366625	2408562	-1
ENSGALG00000015712	4	83930355	83937106	1
ENSGALG00000005739	6	18321285	18340590	-1
ENSGALG00000045478	5	50363371	50382143	-1
ENSGALG00000043035	1	178373699	178377553	-1
ENSGALG00000032701	2	118035819	118043555	1
ENSGALG00000011446	5	50330268	50347510	1
ENSGALG00000002021	23	3918293	3926741	-1
ENSGALG00000044299	12	5600969	5622221	1
ENSGALG00000005024	12	5546824	5591184	-1
ENSGALG00000021569	21	6079357	6081398	-1
ENSGALG00000029669	21	6076987	6078857	-1
ENSGALG00000004771	21	6073556	6075682	-1
ENSGALG00000034708	1	177672597	177703974	1
ENSGALG00000016420	1	121385060	121606919	1
ENSGALG00000008098	1	14365885	14392312	-1
ENSGALG00000011389	5	50027923	50071113	1
ENSGALG00000027035	1	177652330	177658052	-1
ENSGALG00000034346	2	117729843	117755436	1
ENSGALG00000014867	Z	13710579	13744178	-1
ENSGALG00000035252	2	117723223	117730489	-1
ENSGALG00000013462	2	89303231	89335819	-1
ENSGALG00000011376	5	49842461	49843339	-1
ENSGALG00000050742	4	83238778	83290229	-1
ENSGALG00000015705	4	83217917	83228766	-1
ENSGALG00000033854	26	1287074	1293880	1
ENSGALG00000005922	8	14447758	14455256	-1
ENSGALG00000014692	Z	56417094	56440973	1
ENSGALG00000005653	6	17767580	17775671	1
ENSGALG00000016289	3	86843658	87137461	1
ENSGALG00000049538	28	981982	983363	-1
ENSGALG00000011686	7	26550205	26731077	-1
ENSGALG00000016379	1	120425336	120468539	-1
ENSGALG00000014688	1	78201045	78212460	-1
ENSGALG00000004969	12	5131077	5237794	-1
ENSGALG00000011677	7	26448702	26481703	-1
ENSGALG00000015058	Z	28784783	29141409	-1
ENSGALG00000014846	Z	13176241	13262529	-1
ENSGALG00000024295	23	3409942	3412216	1
ENSGALG00000015666	4	82441244	82449180	1
ENSGALG00000004004	11	7505176	7578698	-1
ENSGALG00000014674	1	78071723	78086627	1
ENSGALG00000008346	7	11436085	11444574	1
ENSGALG00000014662	1	78070071	78071702	-1
ENSGALG00000015665	4	82359242	82394778	-1
ENSGALG00000007171	14	9474126	9492269	-1
ENSGALG00000004531	21	5515436	5532562	-1
ENSGALG00000014659	1	78058485	78065761	-1
ENSGALG00000004930	12	4781954	4783378	1
ENSGALG00000014835	Z	12908352	12956390	1
ENSGALG00000001475	23	3387729	3398400	1
ENSGALG00000014603	1	78045961	78055022	1
ENSGALG00000011762	4	51615757	51647742	-1
ENSGALG00000007158	14	9342202	9344743	1
ENSGALG00000012139	5	4803099	4810319	1
ENSGALG00000008308	12	18986975	18991321	1
ENSGALG00000030022	3	944350	972862	-1
ENSGALG00000011220	5	48730241	48739091	-1
ENSGALG00000015433	Z	54811100	54902450	-1
ENSGALG00000013468	4	61315317	61322880	1
ENSGALG00000011635	7	26038309	26066954	-1
ENSGALG00000000558	28	792585	812847	-1
ENSGALG00000037901	3	269054	321343	-1
ENSGALG00000003385	28	4068722	4075053	1
ENSGALG00000003792	Z	12272880	12313334	-1
ENSGALG00000011166	5	48376335	48382152	1
ENSGALG00000003747	Z	12167208	12182395	1
ENSGALG00000040426	1	93005542	93010409	1
ENSGALG00000048563	Z	12151363	12167569	1
ENSGALG00000015399	Z	53942652	53953359	1
ENSGALG00000009885	1	34535707	34549257	1
ENSGALG00000025743	14	9101306	9114177	-1
ENSGALG00000010561	3	32119832	32134369	-1
ENSGALG00000003733	Z	12007437	12057034	-1
ENSGALG00000010560	3	32108928	32127395	1
ENSGALG00000017380	8	21951261	21952830	1
ENSGALG00000001545	18	3365331	3388901	1
ENSGALG00000009879	1	34489776	34497789	-1
ENSGALG00000003966	19	5949676	5952152	1
ENSGALG00000039238	11	5932736	5950003	1
ENSGALG00000004661	12	3654065	3659153	-1
ENSGALG00000029000	12	3640843	3643608	-1
ENSGALG00000005326	6	17053947	17058803	-1
ENSGALG00000013723	12	3635427	3637460	-1
ENSGALG00000043352	28	194557	243536	-1
ENSGALG00000036790	3	74821	76716	1
ENSGALG00000003663	11	4991886	5011381	-1
ENSGALG00000029621	12	3580056	3597490	1
ENSGALG00000019555	2	67621788	67629938	-1
ENSGALG00000011290	2	37133710	37139279	1
ENSGALG00000031794	Z	27685252	27700855	1
ENSGALG00000043092	1	51752609	51820554	1
ENSGALG00000020386	5	46575153	46577714	1
ENSGALG00000011079	5	46259416	46265888	1
ENSGALG00000004588	13	13844163	13849165	1
ENSGALG00000053130	13	13792284	13795799	-1
ENSGALG00000009639	4	24959132	24997825	-1
ENSGALG00000048091	27	7924157	7931121	1
ENSGALG00000005086	6	16341344	16349555	-1
ENSGALG00000051431	14	8714188	8720429	-1
ENSGALG00000026448	10	20166772	20171502	-1
ENSGALG00000037325	9	23804524	23806330	1
ENSGALG00000011469	7	23255548	23307791	-1
ENSGALG00000010448	3	31248689	31430389	-1
ENSGALG00000000818	1	195032674	195039220	1
ENSGALG00000026517	15	11491954	11494693	-1
ENSGALG00000012827	2	66321163	66341383	-1
ENSGALG00000010313	8	21688967	21772686	1
ENSGALG00000038141	1	51574103	51584520	-1
ENSGALG00000000538	27	5196842	5203338	1
ENSGALG00000050441	1	51558852	51565932	-1
ENSGALG00000038834	1	11833981	12556826	1
ENSGALG00000004496	13	13753105	13762545	1
ENSGALG00000015925	3	81528332	81532592	1
ENSGALG00000011499	4	49916846	49938073	1
ENSGALG00000027872	4	49898196	49899818	-1
ENSGALG00000011457	4	49640272	49655415	1
ENSGALG00000010881	5	45556294	45580842	-1
ENSGALG00000025881	1	51541954	51569755	-1
ENSGALG00000029837	3	104460533	104460646	-1
ENSGALG00000011402	7	22491551	22503173	-1
ENSGALG00000005257	8	12271795	12279181	1
ENSGALG00000008164	10	20114123	20157777	1
ENSGALG00000010303	3	30966869	30977586	1
ENSGALG00000040522	2	135418685	135499641	-1
ENSGALG00000031700	2	134839746	135006696	-1
ENSGALG00000035993	33	7079848	7081224	-1
ENSGALG00000036838	20	9036712	9076856	-1
ENSGALG00000003374	11	3254661	3298212	1
ENSGALG00000011403	4	49243125	49258059	1
ENSGALG00000050814	2	15910728	15919796	1
ENSGALG00000048869	2	15866607	15871487	1
ENSGALG00000044466	11	2644433	2658115	1
ENSGALG00000006179	11	18734052	18738360	1
ENSGALG00000040478	1	194700308	194747859	-1
ENSGALG00000003373	Z	10563505	10567859	1
ENSGALG00000014362	1	77307980	77318936	1
ENSGALG00000012801	2	64889269	64914270	-1
ENSGALG00000007941	5	19755982	19795325	1
ENSGALG00000003353	Z	10460141	10544706	1
ENSGALG00000011930	1	76409969	76447113	-1
ENSGALG00000036949	23	2336751	2352001	-1
ENSGALG00000017046	1	173372443	173406135	1
ENSGALG00000002193	9	2459432	2493573	-1
ENSGALG00000039032	5	19419316	19420470	1
ENSGALG00000011319	4	47983446	48374220	1
ENSGALG00000007356	2	15014348	15032488	1
ENSGALG00000044525	3	30373847	30381379	1
ENSGALG00000005781	20	8784838	8801814	1
ENSGALG00000015311	Z	52053817	52075093	1
ENSGALG00000003288	Z	10102092	10116802	1
ENSGALG00000039080	5	19191268	19248208	1
ENSGALG00000042077	19	5668833	5673549	1
ENSGALG00000015301	Z	51686031	51736428	-1
ENSGALG00000008294	12	18802449	18953172	1
ENSGALG00000010287	8	21578677	21586117	-1
ENSGALG00000030706	23	2046642	2056508	-1
ENSGALG00000003072	19	5568657	5590184	1
ENSGALG00000007443	4	10998969	11014124	-1
ENSGALG00000015032	Z	27663890	27681451	1
ENSGALG00000012988	1	60296873	60354263	1
ENSGALG00000009560	4	23878783	23885142	1
ENSGALG00000010149	3	30280731	30303453	-1
ENSGALG00000016285	1	116059996	116093676	-1
ENSGALG00000045584	4	10959282	10973769	-1
ENSGALG00000035325	Z	9445555	9446532	1
ENSGALG00000017036	1	172289679	172427314	1
ENSGALG00000052396	5	18776803	18784074	-1
ENSGALG00000015895	3	80084761	80087769	1
ENSGALG00000005609	20	8328212	8337556	1
ENSGALG00000002722	12	2901547	2905708	1
ENSGALG00000003169	11	2344366	2385704	1
ENSGALG00000004971	17	5320444	5338453	-1
ENSGALG00000039728	9	22759713	22763777	1
ENSGALG00000012296	1	51097092	51106741	-1
ENSGALG00000004352	15	5989099	5991828	1
ENSGALG00000003161	28	3843368	3845601	1
ENSGALG00000000681	1	194484628	194551701	1
ENSGALG00000036527	2	132583836	132627922	-1
ENSGALG00000026424	17	5296481	5300411	1
ENSGALG00000034029	5	18629829	18649356	-1
ENSGALG00000005338	20	7932950	7938510	-1
ENSGALG00000002783	19	5454360	5480180	-1
ENSGALG00000006140	14	7329807	7338318	1
ENSGALG00000041294	4	46430335	46437404	-1
ENSGALG00000034100	10	20049223	20076407	-1
ENSGALG00000047479	14	7329541	7331353	1
ENSGALG00000000820	23	1741624	1757003	1
ENSGALG00000040184	1	75676381	75723185	1
ENSGALG00000011190	4	46423727	46424857	-1
ENSGALG00000020193	4	46421939	46423376	-1
ENSGALG00000027682	1	33715792	33724023	-1
ENSGALG00000034475	30	1010526	1018772	1
ENSGALG00000013207	2	88491627	88549212	1
ENSGALG00000015874	3	79204850	79232930	-1
ENSGALG00000040156	5	44452433	44535237	-1
ENSGALG00000035903	3	78460986	78465358	1
ENSGALG00000012281	1	50979471	50998677	1
ENSGALG00000026152	12	2699650	2704153	-1
ENSGALG00000012277	1	50976162	50979138	-1
ENSGALG00000014432	2	111204409	111207110	-1
ENSGALG00000015264	Z	50057859	50100505	-1
ENSGALG00000002548	Z	9172857	9204072	1
ENSGALG00000008021	20	13795918	13801015	-1
ENSGALG00000033635	8	10713267	10722126	1
ENSGALG00000017025	1	171725372	171734808	-1
ENSGALG00000025945	Z	9164659	9166088	1
ENSGALG00000023622	Z	9152592	9154039	1
ENSGALG00000007700	5	18140181	18164052	1
ENSGALG00000000731	23	1564116	1568510	1
ENSGALG00000003886	13	12229467	12420212	-1
ENSGALG00000026655	Z	9145291	9146416	-1
ENSGALG00000007625	5	18066746	18084292	1
ENSGALG00000013642	21	4968293	5020062	-1
ENSGALG00000016232	1	113370872	113375131	1
ENSGALG00000011132	7	21626535	21764185	1
ENSGALG00000041808	5	17981909	18053418	1
ENSGALG00000017019	1	171476437	171542217	1
ENSGALG00000011248	2	34519722	34632243	1
ENSGALG00000012172	1	50691560	50697388	1
ENSGALG00000016227	1	113198416	113202575	-1
ENSGALG00000007001	17	3938812	3944462	1
ENSGALG00000017012	1	170697168	170700171	1
ENSGALG00000017011	1	170690519	170696381	1
ENSGALG00000013738	1	7225803	7245380	1
ENSGALG00000012702	2	61065775	61271210	1
ENSGALG00000014508	4	76602399	76622926	-1
ENSGALG00000052612	10	4594910	4600543	1
ENSGALG00000017010	1	170670674	170685701	-1
ENSGALG00000042797	3	27820731	27874634	1
ENSGALG00000014447	Z	27452882	27469311	-1
ENSGALG00000039786	22	2646153	2661037	-1
ENSGALG00000036491	26	1067102	1075345	1
ENSGALG00000008005	20	13486258	13534186	1
ENSGALG00000000142	26	1041982	1065980	-1
ENSGALG00000007819	12	17007247	17127236	-1
ENSGALG00000000154	26	1029892	1037452	1
ENSGALG00000003999	5	1958644	2261543	1
ENSGALG00000013967	1	6851074	6858323	-1
ENSGALG00000015846	3	77640791	77711585	1
ENSGALG00000021355	Z	9015759	9024777	1
ENSGALG00000019094	1	170550122	170564885	1
ENSGALG00000012915	2	108001950	108013186	1
ENSGALG00000004700	8	7994109	8002276	-1
ENSGALG00000041192	7	21044187	21071090	1
ENSGALG00000003818	13	12072751	12112751	-1
ENSGALG00000007381	5	17253818	17261848	-1
ENSGALG00000039990	17	3013995	3098173	-1
ENSGALG00000010909	4	45615049	45636930	1
ENSGALG00000035563	1	6569105	6679372	-1
ENSGALG00000004859	20	6715285	6727531	-1
ENSGALG00000006939	2	11439678	11481488	1
ENSGALG00000021230	20	6698519	6707788	1
ENSGALG00000053181	25	1889504	1902980	1
ENSGALG00000003744	13	12027893	12054652	1
ENSGALG00000004758	20	6525285	6624185	-1
ENSGALG00000015414	1	91182435	91202043	1
ENSGALG00000053121	19	4963041	4964040	-1
ENSGALG00000054685	23	319933	327145	1
ENSGALG00000006723	2	10454430	10459537	-1
ENSGALG00000003217	14	1329782	1337607	1
ENSGALG00000028256	Z	8363698	8366694	-1
ENSGALG00000054196	19	4954691	4955870	-1
ENSGALG00000039989	9	20022139	20024015	-1
ENSGALG00000040003	17	2804710	2819836	1
ENSGALG00000017002	1	170318524	170431070	1
ENSGALG00000049551	19	4947059	4948277	-1
ENSGALG00000014585	19	4941785	4942879	1
ENSGALG00000011976	1	49758949	49773616	-1
ENSGALG00000010903	4	45493922	45604213	1
ENSGALG00000026677	1	138924431	138937050	-1
ENSGALG00000015409	1	91099246	91130574	-1
ENSGALG00000006703	2	10442049	10453087	1
ENSGALG00000024470	19	4937405	4939029	1
ENSGALG00000007220	5	16995951	17000513	-1
ENSGALG00000014496	4	76507126	76565949	1
ENSGALG00000033938	13	17989659	18090319	1
ENSGALG00000015208	Z	44480987	44631748	-1
ENSGALG00000007203	5	16964921	16979956	-1
ENSGALG00000023294	15	9721482	9724691	1
ENSGALG00000002225	19	4627665	4651317	1
ENSGALG00000006575	2	9698844	9749846	-1
ENSGALG00000002103	11	1222442	1224448	1
ENSGALG00000035945	11	1196515	1201519	1
ENSGALG00000007042	18	9551560	9562020	-1
ENSGALG00000007809	20	12555394	12760723	-1
ENSGALG00000049065	11	18340542	18369822	1
ENSGALG00000029983	2	131756078	131920640	-1
ENSGALG00000007027	18	9542784	9545703	1
ENSGALG00000007018	18	9537931	9542135	-1
ENSGALG00000005490	14	6539294	6541961	-1
ENSGALG00000012304	4	60786295	60843850	1
ENSGALG00000004321	20	5492048	5500197	1
ENSGALG00000010697	Z	43598380	43681200	-1
ENSGALG00000001824	11	1164536	1167744	1
ENSGALG00000015800	3	76380620	76418162	-1
ENSGALG00000039269	18	9489328	9537525	-1
ENSGALG00000035596	12	1075941	1100520	-1
ENSGALG00000052469	2	56131629	56134279	1
ENSGALG00000006963	18	9480639	9489310	-1
ENSGALG00000015403	1	90418011	90635463	1
ENSGALG00000040131	15	5736465	5747274	-1
ENSGALG00000028145	3	75832004	75833128	1
ENSGALG00000035626	27	2275923	2278771	1
ENSGALG00000009179	9	19447018	19455676	1
ENSGALG00000045636	Z	7621689	7637215	-1
ENSGALG00000005398	14	6439886	6448948	-1
ENSGALG00000002990	13	10914280	10916096	-1
ENSGALG00000011894	1	49408394	49417609	1
ENSGALG00000036471	7	10250112	10278917	-1
ENSGALG00000011872	1	49252184	49267900	1
ENSGALG00000054926	11	1066886	1069128	-1
ENSGALG00000049254	11	1062451	1063994	-1
ENSGALG00000042511	3	23428366	23460375	1
ENSGALG00000006190	4	4200870	4231430	1
ENSGALG00000015768	3	75547294	75651254	-1
ENSGALG00000053446	11	1056792	1059251	-1
ENSGALG00000052887	11	1052951	1055440	-1
ENSGALG00000006157	4	4132552	4164537	1
ENSGALG00000017394	2	7910368	7918977	1
ENSGALG00000049652	11	1049413	1051612	-1
ENSGALG00000054104	Z	7421956	7422718	1
ENSGALG00000053207	Z	7414251	7415013	1
ENSGALG00000042994	13	10892512	10899511	-1
ENSGALG00000021451	11	1044286	1046844	-1
ENSGALG00000041978	1	4059566	4071675	1
ENSGALG00000052209	Z	7410282	7411044	1
ENSGALG00000012921	1	71449364	71582019	1
ENSGALG00000054619	1	193942684	194025658	1
ENSGALG00000004074	20	5178294	5182050	1
ENSGALG00000004290	8	6716174	6733176	1
ENSGALG00000013911	1	71375201	71400743	-1
ENSGALG00000030661	33	6934615	6940207	1
ENSGALG00000050924	Z	7401271	7402033	1
ENSGALG00000044725	Z	7399231	7399942	1
ENSGALG00000010745	4	43290527	43292715	-1
ENSGALG00000047139	26	5436273	5442401	-1
ENSGALG00000048874	Z	7395233	7395995	1
ENSGALG00000053058	25	1550189	1553398	1
ENSGALG00000003932	20	5127284	5143926	1
ENSGALG00000054368	Z	7391261	7392023	1
ENSGALG00000053752	Z	7387284	7388046	1
ENSGALG00000000226	26	910864	914096	1
ENSGALG00000003901	15	5727682	5734094	1
ENSGALG00000054396	Z	7385475	7386237	1
ENSGALG00000010124	8	21119710	21124237	1
ENSGALG00000047630	Z	7381503	7382265	1
ENSGALG00000006950	15	9338543	9369255	-1
ENSGALG00000046996	Z	7377531	7378293	1
ENSGALG00000005759	Z	7372029	7372640	1
ENSGALG00000004257	6	11622065	11633629	1
ENSGALG00000012629	Z	42177767	42182052	-1
ENSGALG00000014297	5	16053125	16056590	1
ENSGALG00000029583	1	48905356	48942414	-1
ENSGALG00000039335	5	16016176	16051789	1
ENSGALG00000003111	14	1232513	1241144	1
ENSGALG00000042851	4	73938490	74100704	1
ENSGALG00000031807	26	5096691	5103540	-1
ENSGALG00000003519	26	5083108	5085044	-1
ENSGALG00000011802	1	48286846	48299555	-1
ENSGALG00000041981	13	10860859	10861648	1
ENSGALG00000004017	8	6457160	6463744	1
ENSGALG00000029238	8	6449607	6455597	-1
ENSGALG00000003267	27	7716059	7727343	-1
ENSGALG00000034811	5	15988312	15993624	-1
ENSGALG00000023760	26	5081076	5100133	-1
ENSGALG00000043036	5	39074525	39084657	1
ENSGALG00000001465	18	9097963	9100480	1
ENSGALG00000009864	3	22364629	22387324	-1
ENSGALG00000016986	1	169350498	169399736	-1
ENSGALG00000006233	2	6578374	6618231	1
ENSGALG00000008437	1	1772740	1784158	-1
ENSGALG00000001666	19	3581614	3584062	-1
ENSGALG00000037940	2	54930529	54947966	-1
ENSGALG00000001350	11	719306	751138	1
ENSGALG00000037697	1	138832131	138850368	-1
ENSGALG00000009848	3	22185167	22240475	1
ENSGALG00000021473	11	708886	719090	-1
ENSGALG00000055101	1	1699253	1745742	-1
ENSGALG00000044480	4	3392323	3404401	1
ENSGALG00000037246	2	54476377	54526547	1
ENSGALG00000001316	11	668262	707441	1
ENSGALG00000007699	24	5664030	5665784	-1
ENSGALG00000055078	20	4966750	4971884	1
ENSGALG00000003863	15	5714657	5727150	1
ENSGALG00000003833	8	6089202	6161870	-1
ENSGALG00000019261	1	69831525	69908956	1
ENSGALG00000008162	1	1655960	1680468	-1
ENSGALG00000041380	16	2606528	2609057	-1
ENSGALG00000003670	20	4690689	4693338	-1
ENSGALG00000006181	2	6273813	6290633	1
ENSGALG00000036775	Z	2630793	2878710	-1
ENSGALG00000045115	30	595215	599886	1
ENSGALG00000010659	4	39817848	39827168	-1
ENSGALG00000043386	9	17441931	17531426	1
ENSGALG00000021653	19	3470554	3659524	-1
ENSGALG00000001256	11	631380	666403	1
ENSGALG00000001559	10	3088213	3090606	1
ENSGALG00000029381	16	2592345	2605843	1
ENSGALG00000040504	15	8643118	8659668	1
ENSGALG00000011738	1	47987082	47995411	1
ENSGALG00000040136	Z	2160803	2176161	1
ENSGALG00000001470	10	3071342	3074466	1
ENSGALG00000042986	8	5989880	5995320	1
ENSGALG00000021525	10	3054272	3057527	-1
ENSGALG00000010858	7	18736749	18812213	1
ENSGALG00000013861	3	54664503	54683327	-1
ENSGALG00000008518	17	2287820	2308533	1
ENSGALG00000004234	5	1824446	1833694	-1
ENSGALG00000030571	1	168025737	168042111	-1
ENSGALG00000016964	1	167989491	168020290	-1
ENSGALG00000021395	18	7924961	7946282	-1
ENSGALG00000010642	4	39520122	39561578	1
ENSGALG00000021399	18	7902891	7923210	-1
ENSGALG00000052425	3	21915154	21919280	1
ENSGALG00000031493	26	4677456	4689316	1
ENSGALG00000010638	4	39494858	39510633	1
ENSGALG00000006350	15	8408011	8410445	1
ENSGALG00000026970	5	1814210	1815550	1
ENSGALG00000002466	21	3244323	3253164	-1
ENSGALG00000003026	14	1142254	1156542	1
ENSGALG00000010636	4	39481425	39497440	-1
ENSGALG00000010164	Z	26326425	26436050	1
ENSGALG00000037011	28	3540874	3544871	-1
ENSGALG00000014938	2	102443796	102465867	-1
ENSGALG00000016954	1	167287899	167297490	1
ENSGALG00000037939	11	532295	541816	-1
ENSGALG00000008623	17	2166268	2170923	1
ENSGALG00000050631	14	1121719	1136699	1
ENSGALG00000035498	9	1294733	1337979	1
ENSGALG00000014178	1	68564109	68765156	-1
ENSGALG00000002813	26	4376564	4382087	1
ENSGALG00000031430	8	5495630	5502809	1
ENSGALG00000043681	4	60099126	60121038	1
ENSGALG00000053220	2	130588631	130595013	1
ENSGALG00000005968	15	8274524	8282968	1
ENSGALG00000016949	1	167168760	167191131	1
ENSGALG00000011118	8	28936620	28965800	1
ENSGALG00000033932	16	2565405	2595262	1
ENSGALG00000008933	6	28458646	28478945	1
ENSGALG00000043178	1	1216193	1275443	-1
ENSGALG00000016050	1	108342783	108401530	1
ENSGALG00000047617	28	3504947	3508192	1
ENSGALG00000017485	4	69518863	69524197	1
ENSGALG00000001428	9	1130123	1145518	1
ENSGALG00000009690	3	21085200	21149788	-1
ENSGALG00000023821	27	7642263	7646075	-1
ENSGALG00000016941	1	164781979	164862248	-1
ENSGALG00000015388	3	68350477	68445504	-1
ENSGALG00000030038	30	491364	674579	1
ENSGALG00000046712	25	677769	702522	-1
ENSGALG00000029817	14	4960357	5048156	1
ENSGALG00000016042	1	108001836	108019446	1
ENSGALG00000001239	13	9062003	9071099	-1
ENSGALG00000009730	1	31222996	31253936	-1
ENSGALG00000011531	1	46718130	46743511	1
ENSGALG00000043662	11	352125	367971	-1
ENSGALG00000002644	26	4130378	4134782	1
ENSGALG00000026816	18	7066866	7101589	-1
ENSGALG00000007930	10	19374080	19496976	1
ENSGALG00000042796	27	7558533	7578198	-1
ENSGALG00000031388	4	69391529	69417940	-1
ENSGALG00000033001	14	4796009	4797562	-1
ENSGALG00000026396	16	2549855	2554710	-1
ENSGALG00000011504	1	46668979	46691156	1
ENSGALG00000043555	4	38549409	38592266	-1
ENSGALG00000016813	1	138242421	138251129	-1
ENSGALG00000005757	11	17590414	17597150	-1
ENSGALG00000001727	22	1887126	1890661	1
ENSGALG00000003457	27	7553413	7558599	1
ENSGALG00000039682	1	359020	371025	1
ENSGALG00000010192	5	37864102	37880025	-1
ENSGALG00000029760	2	149468979	149495570	-1
ENSGALG00000032588	14	4766374	4772041	1
ENSGALG00000039891	25	639275	652509	1
ENSGALG00000000150	4	69289315	69296300	1
ENSGALG00000026727	3	18978772	18984357	1
ENSGALG00000032997	2	101038793	101069808	-1
ENSGALG00000003584	18	6978815	6984489	-1
ENSGALG00000005884	2	4797808	4866093	-1
ENSGALG00000001774	10	2272014	2467955	1
ENSGALG00000013826	3	54176664	54179502	-1
ENSGALG00000033609	33	6876344	6886461	1
ENSGALG00000013824	3	54130235	54163918	-1
ENSGALG00000030703	7	18009896	18018295	-1
ENSGALG00000001788	10	2179000	2190828	-1
ENSGALG00000007652	12	15139287	15242142	-1
ENSGALG00000035017	21	2682333	2709511	-1
ENSGALG00000016810	1	138070166	138156158	1
ENSGALG00000037015	1	158037290	158403765	1
ENSGALG00000038540	24	4498522	4569876	-1
ENSGALG00000039935	2	48126705	48416766	1
ENSGALG00000008806	17	1924726	1946331	1
ENSGALG00000019835	16	2493004	2535671	1
ENSGALG00000027363	21	2649964	2665120	-1
ENSGALG00000000107	16	2482327	2491638	-1
ENSGALG00000006899	24	4423180	4426923	-1
ENSGALG00000001956	26	3801282	3803089	1
ENSGALG00000049665	16	2444068	2445718	-1
ENSGALG00000050503	21	2550327	2557418	1
ENSGALG00000005710	2	4568785	4637109	1
ENSGALG00000001872	21	2535880	2548699	1
ENSGALG00000010953	8	27815241	27824970	-1
ENSGALG00000006785	13	17591206	17597339	-1
ENSGALG00000010074	8	20507881	20527431	1
ENSGALG00000050352	26	3760561	3763313	-1
ENSGALG00000016808	1	137784416	137797037	1
ENSGALG00000031525	2	148892100	148896528	-1
ENSGALG00000038649	1	106776186	106781484	-1
ENSGALG00000016927	1	157439308	157456502	-1
ENSGALG00000004629	14	4599649	4651582	-1
ENSGALG00000044279	3	109820943	109830241	1
ENSGALG00000029857	2	4138557	4140735	1
ENSGALG00000046794	16	2397112	2437757	1
ENSGALG00000040098	2	148865563	148883104	-1
ENSGALG00000051737	16	2376519	2384324	-1
ENSGALG00000016925	1	156469523	156560260	1
ENSGALG00000000081	16	2367597	2478250	1
ENSGALG00000016709	3	109712120	109777458	-1
ENSGALG00000008873	17	1807509	1811764	1
ENSGALG00000016708	3	109694867	109702468	1
ENSGALG00000038461	Z	380895	391872	1
ENSGALG00000049448	16	2302998	2422327	1
ENSGALG00000006427	5	13266596	13301342	1
ENSGALG00000050131	16	2296187	2298233	1
ENSGALG00000040276	3	109295891	109443058	1
ENSGALG00000015177	Z	37796494	37913443	-1
ENSGALG00000054599	32	249821	252607	1
ENSGALG00000004952	4	2025936	2028063	-1
ENSGALG00000039983	2	46739295	46798842	-1
ENSGALG00000002157	10	1790978	1793271	-1
ENSGALG00000043642	2	46674840	46702450	-1
ENSGALG00000002771	8	4371681	4375045	-1
ENSGALG00000011320	1	45195312	45317916	-1
ENSGALG00000002160	10	1784065	1786985	1
ENSGALG00000034196	26	3495149	3506642	1
ENSGALG00000049461	16	2283023	2395890	1
ENSGALG00000043582	2	148366525	148371835	-1
ENSGALG00000041621	2	148338397	148344678	-1
ENSGALG00000013235	7	17699379	17709260	-1
ENSGALG00000016919	1	155850483	155873611	-1
ENSGALG00000015166	Z	37363154	37376174	1
ENSGALG00000005135	9	8473943	8497084	-1
ENSGALG00000033960	2	147556277	147834791	1
ENSGALG00000042001	4	35025993	35044154	1
ENSGALG00000033256	Z	37074185	37334639	1
ENSGALG00000004831	4	1889130	1893556	1
ENSGALG00000041867	1	106580169	106592227	1
ENSGALG00000033038	2	45981247	46001437	-1
ENSGALG00000010338	4	34985338	34986964	-1
ENSGALG00000009601	1	30463434	30606675	-1
ENSGALG00000015026	3	66029757	66056035	1
ENSGALG00000054469	3	17987120	18072995	-1
ENSGALG00000037629	2	45896594	45935972	-1
ENSGALG00000003651	27	7505169	7510246	-1
ENSGALG00000026279	4	66813979	66817962	1
ENSGALG00000007711	10	18942659	18948763	-1
ENSGALG00000010025	5	36126018	36150075	-1
ENSGALG00000003319	18	6639244	6650095	1
ENSGALG00000009388	3	17861903	17932443	1
ENSGALG00000035242	5	1191915	1220816	-1
ENSGALG00000010316	4	34756078	34919149	-1
ENSGALG00000013768	3	52409174	52528843	-1
ENSGALG00000015887	1	106243613	106287385	-1
ENSGALG00000007701	9	15424639	15428284	1
ENSGALG00000002942	6	8516356	8663452	1
ENSGALG00000052732	16	2095761	2115687	-1
ENSGALG00000009360	3	17779866	17799623	-1
ENSGALG00000006507	24	3059934	3100446	1
ENSGALG00000049444	16	2069172	2071163	1
ENSGALG00000015844	1	105995337	106000048	1
ENSGALG00000006494	24	2929796	3036108	-1
ENSGALG00000022875	2	98074041	98078558	-1
ENSGALG00000012913	1	58821965	58864004	1
ENSGALG00000040754	5	1183120	1184856	1
ENSGALG00000052686	16	2043313	2045183	-1
ENSGALG00000005158	9	8445710	8469090	-1
ENSGALG00000042838	17	895590	912182	-1
ENSGALG00000003185	18	6293718	6304458	1
ENSGALG00000001049	19	844308	849704	1
ENSGALG00000003144	18	6279757	6287152	-1
ENSGALG00000030878	2	145698580	145699798	1
ENSGALG00000040644	17	876650	879509	-1
ENSGALG00000029502	4	1823156	1828005	-1
ENSGALG00000044260	1	137767278	137788052	1
ENSGALG00000001042	19	801748	844553	-1
ENSGALG00000043064	17	865358	868425	-1
ENSGALG00000032143	11	16909051	16934252	1
ENSGALG00000013754	3	52353589	52378280	1
ENSGALG00000007611	9	15278279	15281121	1
ENSGALG00000042289	2	44446651	44489221	-1
ENSGALG00000026373	1	66955605	66963463	1
ENSGALG00000015144	Z	35747523	35762090	-1
ENSGALG00000050329	16	2031899	2037166	-1
ENSGALG00000042134	2	97729887	98023150	1
ENSGALG00000014940	3	63799081	63805160	1
ENSGALG00000006096	5	11951870	11956268	-1
ENSGALG00000034478	19	576608	578177	1
ENSGALG00000013244	1	66874049	66946411	1
ENSGALG00000007557	9	15165984	15184391	-1
ENSGALG00000048063	16	2019863	2057283	-1
ENSGALG00000052894	1	137753896	137760396	1
ENSGALG00000032717	19	539445	570383	-1
ENSGALG00000016471	3	100541466	100547451	-1
ENSGALG00000051266	20	10886028	10887227	1
ENSGALG00000047380	16	2001694	2114403	1
ENSGALG00000035079	2	44295275	44300137	-1
ENSGALG00000001231	20	630016	655765	-1
ENSGALG00000030016	3	107370910	107378810	-1
ENSGALG00000013747	3	52304980	52312768	1
ENSGALG00000013218	1	66793430	66796768	1
ENSGALG00000016665	3	107359160	107370240	1
ENSGALG00000041927	19	460506	462675	-1
ENSGALG00000049185	2	2309489	2316006	-1
ENSGALG00000039696	17	765767	773576	1
ENSGALG00000030115	2	141922045	141957880	1
ENSGALG00000045796	5	25554599	25572134	-1
ENSGALG00000038096	19	9342031	9361245	-1
ENSGALG00000017644	11	16818088	16836168	-1
ENSGALG00000051088	16	1967655	1973720	-1
ENSGALG00000002932	18	5064083	5066287	1
ENSGALG00000008950	5	25532127	25551896	-1
ENSGALG00000049208	16	1962072	2057699	-1
ENSGALG00000013356	26	2475894	2486807	1
ENSGALG00000015195	28	3300429	3302247	1
ENSGALG00000008734	3	12111551	12286838	-1
ENSGALG00000040606	18	4988188	4993464	-1
ENSGALG00000014078	4	66184701	66219754	-1
ENSGALG00000005206	9	8222654	8263172	1
ENSGALG00000007651	7	7912708	7932691	-1
ENSGALG00000005305	2	2162908	2166703	1
ENSGALG00000047559	5	9843039	9988806	1
ENSGALG00000004310	14	3646453	3710836	-1
ENSGALG00000002710	6	5966532	5997073	1
ENSGALG00000013948	4	65944536	65948246	-1
ENSGALG00000014868	3	61372227	61386774	1
ENSGALG00000033675	5	1072537	1085377	1
ENSGALG00000003321	15	5282073	5285226	1
ENSGALG00000030268	2	2020319	2058934	1
ENSGALG00000048749	16	1949851	1956061	-1
ENSGALG00000040447	2	43004556	43025574	1
ENSGALG00000004276	14	3534997	3541893	1
ENSGALG00000009547	1	29702686	29770993	1
ENSGALG00000026490	1	39833011	39835915	1
ENSGALG00000040999	14	3509391	3525587	1
ENSGALG00000015107	Z	34485673	34580466	1
ENSGALG00000013929	4	65398425	65431696	-1
ENSGALG00000035506	33	6629529	6630228	1
ENSGALG00000015746	1	103822633	103856294	1
ENSGALG00000020078	3	17240827	17247359	-1
ENSGALG00000014834	3	59835089	59902821	-1
ENSGALG00000041161	22	5154950	5165163	1
ENSGALG00000010077	4	33235392	33239654	1
ENSGALG00000000695	26	2178133	2192431	1
ENSGALG00000047025	16	1927171	1938255	-1
ENSGALG00000042505	2	94652557	94656207	1
ENSGALG00000017334	1	197487500	197530937	-1
ENSGALG00000036616	26	2075202	2083441	-1
ENSGALG00000030251	2	140875182	140993382	-1
ENSGALG00000010721	8	25257022	25429515	-1
ENSGALG00000052371	16	1926484	1964781	-1
ENSGALG00000021231	6	5819141	5824328	1
ENSGALG00000042607	3	59341241	59399436	-1
ENSGALG00000015062	Z	34282011	34285224	-1
ENSGALG00000040182	28	3270292	3274542	-1
ENSGALG00000053682	16	1913575	1929106	-1
ENSGALG00000028142	Z	34263630	34278183	-1
ENSGALG00000032618	6	26933849	26942958	1
ENSGALG00000005549	19	8884139	8898622	1
ENSGALG00000021475	25	2955362	2966558	-1
ENSGALG00000007511	7	7177686	7189495	-1
ENSGALG00000041491	2	42256779	42262620	1
ENSGALG00000015693	1	99983468	100073181	1
ENSGALG00000005632	5	9121570	9145502	1
ENSGALG00000050182	2	1055416	1056745	1
ENSGALG00000015681	1	99699127	99764877	-1
ENSGALG00000040866	9	14139404	14193800	1
ENSGALG00000054264	2	1043157	1061857	1
ENSGALG00000008555	6	26774727	26826626	1
ENSGALG00000035949	2	42247131	42275377	-1
ENSGALG00000051536	2	1043156	1061846	1
ENSGALG00000051027	2	1038303	1039777	1
ENSGALG00000047837	2	1024177	1026865	1
ENSGALG00000000652	21	622081	629374	1
ENSGALG00000049288	2	1011262	1014817	1
ENSGALG00000000402	22	1351044	1386815	1
ENSGALG00000035461	1	188868223	188880800	1
ENSGALG00000052737	2	999915	1030300	1
ENSGALG00000003194	15	5211809	5226925	-1
ENSGALG00000017299	1	197370910	197373989	1
ENSGALG00000009130	3	16861604	16894451	-1
ENSGALG00000005473	11	15783046	15786682	1
ENSGALG00000009119	3	16850310	16858699	-1
ENSGALG00000002234	18	4655895	4661873	1
ENSGALG00000028301	18	4630255	4636230	1
ENSGALG00000047152	1	197279998	197281946	-1
ENSGALG00000015339	1	86469530	86473519	-1
ENSGALG00000047663	2	41515331	41521079	1
ENSGALG00000047341	2	41502573	41507421	1
ENSGALG00000004070	14	2927831	2938908	-1
ENSGALG00000012222	4	59688409	59777549	1
ENSGALG00000008584	5	24796212	24810473	1
ENSGALG00000016595	3	105351728	105356515	1
ENSGALG00000052434	31	2741115	2742551	1
ENSGALG00000010629	8	24751096	24784695	-1
ENSGALG00000050332	14	2745676	2753557	1
ENSGALG00000042771	1	96501042	96681455	1
ENSGALG00000052935	21	270998	276395	1
ENSGALG00000007015	20	10622623	10626251	1
ENSGALG00000013091	1	62935249	63064741	-1
ENSGALG00000040672	27	7262040	7267335	1
ENSGALG00000004818	15	6679247	6682601	-1
ENSGALG00000009968	4	31026953	31052941	-1
ENSGALG00000010623	8	24728882	24744108	-1
ENSGALG00000026995	1	197093201	197097605	-1
ENSGALG00000031163	2	41213767	41265858	-1
ENSGALG00000013672	2	91334478	91387810	-1
ENSGALG00000047376	25	2862703	2865970	-1
ENSGALG00000041435	25	2844773	2862713	-1
ENSGALG00000027762	1	197076798	197090770	1
ENSGALG00000028077	4	30919367	30919539	-1
ENSGALG00000008385	10	20594970	20635489	1
ENSGALG00000049903	1	62146832	62148967	-1
ENSGALG00000042726	4	64610177	64635020	-1
ENSGALG00000003466	1	62141900	62159550	-1
ENSGALG00000005416	Z	31833333	31861093	-1
ENSGALG00000053854	1	62127588	62136095	-1
ENSGALG00000008569	5	24756733	24773702	1
ENSGALG00000038772	2	128339132	128375825	-1
ENSGALG00000019284	1	62118528	62125904	-1
ENSGALG00000043208	15	6590284	6599691	1
ENSGALG00000045122	1	62104591	62113753	-1
ENSGALG00000007052	12	12191823	12223412	1
ENSGALG00000038494	11	15556046	15651941	1
ENSGALG00000016580	3	105090968	105109766	1
ENSGALG00000013655	4	63178948	63206134	-1
ENSGALG00000010152	1	36249788	36266933	-1
ENSGALG00000034030	3	57964558	58039567	-1
ENSGALG00000011214	1	196648341	196655118	-1
ENSGALG00000013057	1	62069663	62083647	1
ENSGALG00000041500	W	2356561	2358300	-1
ENSGALG00000040855	1	36025156	36168865	-1
ENSGALG00000009606	6	32367978	32382286	1
ENSGALG00000002282	3	57842516	57843985	-1
ENSGALG00000003939	28	4484819	4487194	-1
ENSGALG00000009865	4	29771882	29886214	-1
ENSGALG00000017330	1	196638370	196645721	1
ENSGALG00000003146	15	5140595	5154005	1
ENSGALG00000029569	2	519057	520883	-1
ENSGALG00000021539	18	4438665	4461906	1
ENSGALG00000053964	2	511301	514049	1
ENSGALG00000045581	2	505017	507099	1
ENSGALG00000009803	4	29358225	29368088	1
ENSGALG00000011490	2	40384646	40393391	-1
ENSGALG00000011484	2	40304543	40340905	1
ENSGALG00000008544	3	16420525	16490003	1
ENSGALG00000000551	26	1618156	1637334	1
ENSGALG00000035677	17	9823212	9826911	-1
ENSGALG00000012350	Z	71017085	71057636	-1
ENSGALG00000018942	24	328157	329913	-1
ENSGALG00000037522	28	3038438	3080297	-1
ENSGALG00000027159	3	50251379	50311064	-1
ENSGALG00000012032	5	5842994	5851053	1
ENSGALG00000027142	12	19875504	19877779	-1
ENSGALG00000048781	3	56901720	56903309	1
ENSGALG00000013625	3	50167911	50232264	-1
ENSGALG00000047929	30	21711	44840	1
ENSGALG00000009514	1	28704251	28843445	1
ENSGALG00000012850	1	56771259	56776787	1
ENSGALG00000000775	25	165228	169865	-1
ENSGALG00000006198	7	6913221	6923292	-1
ENSGALG00000002982	17	7235916	7240174	-1
ENSGALG00000028998	Z	70935594	70942308	1
ENSGALG00000002022	Z	70837600	70855202	-1
ENSGALG00000009492	1	28562689	28571188	-1
ENSGALG00000012211	4	58197414	58313786	1
ENSGALG00000008970	4	17200089	17295351	1
ENSGALG00000026298	3	10421943	10440264	-1
ENSGALG00000023066	Z	70797443	70805858	1
ENSGALG00000012186	4	58145236	58153306	1
ENSGALG00000043405	22	669570	683049	-1
ENSGALG00000012823	1	56379268	56436811	-1
ENSGALG00000032452	18	207371	310620	-1
ENSGALG00000042148	26	76711	94225	-1
ENSGALG00000006367	13	16352132	16368162	-1
ENSGALG00000039216	7	6782467	6808501	1
ENSGALG00000030076	10	18068294	18090172	-1
ENSGALG00000013505	3	49258198	49530795	-1
ENSGALG00000010961	2	31154360	31262400	-1
ENSGALG00000004438	Z	22502339	22568346	1
ENSGALG00000010949	2	31127614	31144995	1
ENSGALG00000004518	Z	22436116	22452194	-1
ENSGALG00000040141	13	16116567	16161844	1
ENSGALG00000006775	20	10367592	10377566	1
ENSGALG00000016444	3	96780811	96788676	-1
ENSGALG00000047290	20	10352602	10361305	1
ENSGALG00000006756	20	10341499	10348637	-1
ENSGALG00000005360	19	8243835	8262292	-1
ENSGALG00000008620	4	16501944	16504398	1
ENSGALG00000046187	1	55733220	55749482	1
ENSGALG00000026838	1	25905669	25955951	-1
ENSGALG00000008613	4	16492920	16494113	-1
ENSGALG00000036069	5	526897	533211	-1
ENSGALG00000012395	3	48624389	48741485	1
ENSGALG00000031934	1	25316566	25342793	-1
ENSGALG00000003478	17	7053329	7062205	1
ENSGALG00000008593	4	16441331	16448493	-1
ENSGALG00000029429	13	15872416	15893088	-1
ENSGALG00000044985	28	2865118	2871277	1
ENSGALG00000042356	28	2836616	2844024	1
ENSGALG00000015799	Z	67625314	67708073	-1
ENSGALG00000017205	1	186760966	186767598	-1
ENSGALG00000034024	2	30628323	30744614	-1
ENSGALG00000029480	5	331424	335364	1
ENSGALG00000003661	17	6788839	6816609	-1
ENSGALG00000001658	27	6926456	6929003	1
ENSGALG00000012763	1	55519674	55560047	1
ENSGALG00000038328	2	78183490	78221561	-1
ENSGALG00000012761	1	55492486	55507806	-1
ENSGALG00000039222	2	126174227	126200357	1
ENSGALG00000032051	5	330501	333446	-1
ENSGALG00000008901	8	19088734	19108187	-1
ENSGALG00000034109	4	15743145	15884846	-1
ENSGALG00000012756	1	55369893	55417954	-1
ENSGALG00000001634	27	6855155	6857164	-1
ENSGALG00000054680	2	29400058	29520708	1
ENSGALG00000030157	10	15422025	15517080	1
ENSGALG00000012200	5	56530534	56547633	1
ENSGALG00000006871	10	14786967	14897705	1
ENSGALG00000010854	2	29076224	29386193	1
ENSGALG00000029834	17	6378663	6390710	1
ENSGALG00000039245	1	54771871	54848374	-1
ENSGALG00000017195	1	184494415	184532824	1
ENSGALG00000012173	5	56457111	56460218	-1
ENSGALG00000029416	1	184326387	184418640	1
ENSGALG00000003923	7	4846504	4899768	1
ENSGALG00000002484	14	15374063	15382016	-1
ENSGALG00000002442	14	15365556	15370961	1
ENSGALG00000006325	12	11116418	11157789	1
ENSGALG00000003614	23	5476662	5483514	1
ENSGALG00000015691	Z	66668700	66692579	-1
ENSGALG00000050943	23	5446874	5449628	-1
ENSGALG00000038154	1	183975461	184057285	-1
ENSGALG00000052056	14	15347240	15350850	1
ENSGALG00000015683	Z	66590950	66596998	-1
ENSGALG00000035136	Z	66555133	66586861	1
ENSGALG00000016400	3	94991681	95016338	1
ENSGALG00000005006	11	11119446	11136709	-1
ENSGALG00000015682	Z	66458648	66484239	-1
ENSGALG00000011673	3	46008049	46008915	1
ENSGALG00000033300	5	217280	222627	-1
ENSGALG00000004917	19	7178655	7196511	1
ENSGALG00000017186	1	183926160	183936332	-1
ENSGALG00000016392	3	93709143	93717206	1
ENSGALG00000017185	1	183903226	183920317	1
ENSGALG00000004900	19	7138271	7140397	1
ENSGALG00000027389	Z	20155082	20189943	1
ENSGALG00000032974	13	14367414	14532703	1
ENSGALG00000023689	17	6180976	6201571	1
ENSGALG00000015669	Z	66269978	66319837	1
ENSGALG00000034965	33	5645989	5704717	-1
ENSGALG00000004793	19	7065537	7069275	1
ENSGALG00000047526	5	123422	124480	-1
ENSGALG00000032803	5	120674	122219	1
ENSGALG00000001525	27	6118078	6127639	1
ENSGALG00000015656	Z	65797112	66041637	1
ENSGALG00000030291	20	10063682	10066572	-1
ENSGALG00000016759	1	133809550	133813733	-1
ENSGALG00000004727	19	6954591	6988531	1
ENSGALG00000006426	9	4807197	4827091	-1
ENSGALG00000008025	6	24063674	24088541	-1
ENSGALG00000003337	23	5299800	5304088	-1
ENSGALG00000004691	19	6940495	6948527	1
ENSGALG00000014730	Z	18876427	18908652	-1
ENSGALG00000006864	8	16434266	16549728	1
ENSGALG00000004180	17	5992369	5998468	1
ENSGALG00000023709	17	5990121	5992857	1
ENSGALG00000054048	19	6867165	6920815	-1
ENSGALG00000011881	4	53933630	53938773	1
ENSGALG00000037805	KZ626826.1	5251	9454	-1
ENSGALG00000052421	KZ626826.1	21	3050	1
ENSGALG00000017179	1	183232405	183372535	1
ENSGALG00000011880	4	53918279	53933298	1
ENSGALG00000033957	33	5447898	5465635	1
ENSGALG00000006804	8	16385301	16404071	1
ENSGALG00000032335	23	5269045	5270797	1
ENSGALG00000008701	3	4475544	4516350	1
ENSGALG00000004669	19	6849327	6858068	-1
ENSGALG00000006511	10	13078381	13081323	1
ENSGALG00000033157	28	1861080	1896528	-1
ENSGALG00000050400	33	5388108	5393861	-1
ENSGALG00000029709	1	133491845	133561055	-1
ENSGALG00000001593	15	961140	967346	-1
ENSGALG00000044716	4	53737302	53838529	-1
ENSGALG00000001841	14	14764139	14776196	1
ENSGALG00000008127	5	23185094	23206765	1
ENSGALG00000033195	9	4590676	4607425	1
ENSGALG00000039861	1	20649179	20822048	-1
ENSGALG00000051054	KZ626819.1	106256	112945	-1
ENSGALG00000032672	33	5260250	5267112	-1
ENSGALG00000007753	6	23706735	23775916	1
ENSGALG00000025999	2	26015143	26019015	-1
ENSGALG00000043118	1	132986041	133096377	1
ENSGALG00000008597	3	4363776	4365845	-1
ENSGALG00000014716	Z	17026875	17060827	-1
ENSGALG00000005701	12	9362450	9382321	1
ENSGALG00000038467	1	20448935	20462470	1
ENSGALG00000005688	12	9331542	9335224	-1
ENSGALG00000006170	8	15464547	15478321	-1
ENSGALG00000030781	2	122766240	122822370	1
ENSGALG00000012017	5	55009316	55090253	-1
ENSGALG00000027786	18	9837554	9839601	1
ENSGALG00000011450	13	14271909	14274538	1
ENSGALG00000054070	KZ626819.1	50569	123604	1
ENSGALG00000033884	28	1553131	1561535	1
ENSGALG00000007181	18	9820165	9837087	-1
ENSGALG00000047314	KZ626819.1	10440	13565	1
ENSGALG00000051188	KZ626819.1	1139	38348	-1
ENSGALG00000045671	14	14193311	14205059	-1
ENSGALG00000015075	1	81425204	81452490	-1
ENSGALG00000011812	4	51795704	51797389	-1
ENSGALG00000004506	11	8502946	8542347	1
ENSGALG00000008536	3	4274637	4294091	1
ENSGALG00000045642	2	68209039	68232992	-1
ENSGALG00000035476	13	14163592	14167146	1
ENSGALG00000012889	2	68136178	68176758	-1
ENSGALG00000029485	20	9801519	9804421	-1
ENSGALG00000040291	4	90975706	90984000	1
ENSGALG00000036901	5	22331177	22412191	1
ENSGALG00000026704	Z	16696009	16699213	1
ENSGALG00000015624	Z	62855240	62961099	-1
ENSGALG00000004480	11	8393870	8446227	-1
ENSGALG00000054145	10	12097214	12107184	1
ENSGALG00000032428	11	8389347	8396105	-1
ENSGALG00000047695	10	12071277	12075669	1
ENSGALG00000049949	4	90944107	90950910	1
ENSGALG00000041972	11	8355856	8358687	1
ENSGALG00000006138	20	9732482	9752786	1
ENSGALG00000008554	1	20198062	20240989	-1
ENSGALG00000053663	10	12005808	12033052	1
ENSGALG00000040316	9	2867618	3029975	-1
