ensembl_gene_id	chromosome_name	start_position	end_position	strand
ENSGALG00000036738	1	93596025	93648691	1
ENSGALG00000001892	18	4342538	4349605	1
ENSGALG00000027247	2	38541856	38546582	-1
ENSGALG00000006995	9	12832591	12836179	1
ENSGALG00000000504	26	1539943	1544102	-1
ENSGALG00000009519	5	29074720	29091937	1
ENSGALG00000006976	9	12801542	12825362	1
ENSGALG00000035842	24	243549	252197	-1
ENSGALG00000033271	33	7260322	7265353	-1
ENSGALG00000045021	2	431018	442278	-1
ENSGALG00000052653	13	1335704	1434738	-1
ENSGALG00000006002	10	11535844	11547540	1
ENSGALG00000044935	2	417866	419527	1
ENSGALG00000048077	10	10840541	10846830	-1
ENSGALG00000005011	10	10820876	10835698	-1
ENSGALG00000012481	7	35127799	35141587	1
ENSGALG00000051954	7	35095688	35100528	-1
ENSGALG00000007045	6	22597002	22847758	-1
ENSGALG00000012444	7	34497511	34552031	1
ENSGALG00000009942	1	35415393	35427159	1
ENSGALG00000016724	1	131416725	131429820	-1
ENSGALG00000016693	1	130482654	130498132	-1
ENSGALG00000009700	2	23905072	23914501	-1
ENSGALG00000030008	6	21666750	21671233	-1
ENSGALG00000026600	3	40608347	40628562	-1
ENSGALG00000035584	7	618031	671774	-1
ENSGALG00000012357	7	30761616	30764299	-1
ENSGALG00000009641	2	23572966	23610978	1
ENSGALG00000006639	6	21375204	21388540	-1
ENSGALG00000011314	2	38121822	38167107	1
ENSGALG00000016017	4	88865896	88993479	-1
ENSGALG00000054948	3	104690243	104715074	-1
ENSGALG00000037506	3	39259121	39362915	1
ENSGALG00000009479	2	22911382	22916121	-1
ENSGALG00000032247	1	81030190	81054213	-1
ENSGALG00000011003	3	38567265	38616829	-1
ENSGALG00000043307	7	187764	224770	1
ENSGALG00000042853	3	38176341	38193355	-1
ENSGALG00000027853	4	87427085	87823826	-1
ENSGALG00000014970	1	80650200	80694243	1
ENSGALG00000016590	1	124490191	124497611	1
ENSGALG00000012156	7	29190336	29372124	-1
ENSGALG00000045085	6	20187816	20191669	1
ENSGALG00000016579	1	124344548	124352711	-1
ENSGALG00000006351	6	20087175	20099497	1
ENSGALG00000031343	21	6611137	6620377	1
ENSGALG00000016575	1	124201020	124307978	1
ENSGALG00000012117	7	28404445	28422283	-1
ENSGALG00000016569	1	123713870	123728313	1
ENSGALG00000013575	2	89717661	89722211	1
ENSGALG00000014812	1	80053840	80093005	-1
ENSGALG00000008257	3	3201470	3222450	1
ENSGALG00000006174	6	19392946	19425288	-1
ENSGALG00000045511	7	28261411	28270003	1
ENSGALG00000012075	7	28256073	28261454	-1
ENSGALG00000049308	5	51719243	51729815	1
ENSGALG00000012072	7	28237978	28253588	-1
ENSGALG00000003883	10	6184394	6221492	1
ENSGALG00000026422	7	28217915	28235171	-1
ENSGALG00000006137	6	19118047	19156066	-1
ENSGALG00000008233	3	3107742	3127503	1
ENSGALG00000011608	5	51691469	51709667	1
ENSGALG00000012061	7	28185901	28203831	1
ENSGALG00000050058	4	85498153	85557858	-1
ENSGALG00000015205	Z	30823102	30833822	-1
ENSGALG00000005309	12	7348689	7371332	-1
ENSGALG00000025915	Z	59536399	59549088	1
ENSGALG00000008195	3	3072614	3092030	-1
ENSGALG00000009433	6	31229092	31246998	1
ENSGALG00000011572	5	50822509	50872096	1
ENSGALG00000041344	2	121272547	121278022	1
ENSGALG00000017126	1	179883997	179922552	1
ENSGALG00000005969	6	18741815	18788695	-1
ENSGALG00000025886	12	7057412	7082243	-1
ENSGALG00000025748	1	179686487	179717720	-1
ENSGALG00000033083	4	85314167	85334055	1
ENSGALG00000043234	14	12510348	12511196	1
ENSGALG00000017122	1	178989722	179102539	-1
ENSGALG00000016324	3	88374105	88384918	1
ENSGALG00000035031	2	120664931	120667575	-1
ENSGALG00000008747	2	20336331	20435530	1
ENSGALG00000016538	1	122146582	122148228	-1
ENSGALG00000007905	1	15009296	15165846	-1
ENSGALG00000031062	5	50598446	50603397	-1
ENSGALG00000011511	5	50513973	50524885	-1
ENSGALG00000016431	Z	82009343	82120633	1
ENSGALG00000005123	12	6435529	6467522	-1
ENSGALG00000015712	4	83930355	83937106	1
ENSGALG00000035845	2	118111383	118189824	-1
ENSGALG00000043035	1	178373699	178377553	-1
ENSGALG00000032701	2	118035819	118043555	1
ENSGALG00000030673	5	50224769	50242138	1
ENSGALG00000034081	3	35071502	35216609	1
ENSGALG00000010705	3	34997069	35002178	-1
ENSGALG00000044299	12	5600969	5622221	1
ENSGALG00000021569	21	6079357	6081398	-1
ENSGALG00000029669	21	6076987	6078857	-1
ENSGALG00000004771	21	6073556	6075682	-1
ENSGALG00000016293	3	87360676	87415579	1
ENSGALG00000004741	21	5956010	6053651	-1
ENSGALG00000038364	2	136482292	136487586	1
ENSGALG00000014736	1	78552909	78576195	1
ENSGALG00000014686	Z	56968843	57129354	-1
ENSGALG00000001946	23	3864606	3877239	1
ENSGALG00000034346	2	117729843	117755436	1
ENSGALG00000052028	1	14305496	14308734	1
ENSGALG00000028304	2	19542337	19568271	-1
ENSGALG00000039708	28	1003379	1008537	1
ENSGALG00000007334	14	10466461	10508368	-1
ENSGALG00000027765	2	19463738	19494337	-1
ENSGALG00000014692	Z	56417094	56440973	1
ENSGALG00000016289	3	86843658	87137461	1
ENSGALG00000026928	Z	55788643	55792227	-1
ENSGALG00000028357	2	19428947	19462031	-1
ENSGALG00000004974	12	5238244	5289513	1
ENSGALG00000051492	1	176859535	176878662	-1
ENSGALG00000004969	12	5131077	5237794	-1
ENSGALG00000042570	1	176815363	176825041	-1
ENSGALG00000002804	27	7945964	7960601	1
ENSGALG00000052918	28	877381	880062	1
ENSGALG00000015666	4	82441244	82449180	1
ENSGALG00000038745	2	116753612	116766886	-1
ENSGALG00000005850	8	14265560	14318955	-1
ENSGALG00000008346	7	11436085	11444574	1
ENSGALG00000003709	22	3021586	3034748	-1
ENSGALG00000008193	1	13185663	13457234	-1
ENSGALG00000009680	23	3399324	3403325	1
ENSGALG00000014659	1	78058485	78065761	-1
ENSGALG00000016348	1	119746943	119749754	-1
ENSGALG00000014603	1	78045961	78055022	1
ENSGALG00000007158	14	9342202	9344743	1
ENSGALG00000001314	17	9061884	9070028	1
ENSGALG00000033144	2	136385091	136405869	1
ENSGALG00000013971	3	56205535	56302921	1
ENSGALG00000014824	Z	12839346	12850017	1
ENSGALG00000017077	1	176342901	176364943	1
ENSGALG00000011683	4	51571156	51602821	-1
ENSGALG00000015433	Z	54811100	54902450	-1
ENSGALG00000000558	28	792585	812847	-1
ENSGALG00000043167	2	136321689	136339558	-1
ENSGALG00000037901	3	269054	321343	-1
ENSGALG00000029664	2	136063201	136211928	-1
ENSGALG00000014561	1	77994636	78014698	1
ENSGALG00000003792	Z	12272880	12313334	-1
ENSGALG00000015425	Z	54612204	54628981	-1
ENSGALG00000004009	19	6026937	6029799	-1
ENSGALG00000052151	28	4050992	4054225	-1
ENSGALG00000026736	12	3834014	3844075	1
ENSGALG00000008298	1	13007015	13024134	1
ENSGALG00000006982	14	9045104	9069244	1
ENSGALG00000006069	19	10057630	10079751	-1
ENSGALG00000031440	23	2911566	3132209	1
ENSGALG00000010560	3	32108928	32127395	1
ENSGALG00000035219	4	50822578	50848867	1
ENSGALG00000039238	11	5932736	5950003	1
ENSGALG00000034649	11	5223979	5345307	1
ENSGALG00000029000	12	3640843	3643608	-1
ENSGALG00000013723	12	3635427	3637460	-1
ENSGALG00000036790	3	74821	76716	1
ENSGALG00000039013	2	135873550	136036349	-1
ENSGALG00000002623	9	10713989	10733607	-1
ENSGALG00000003594	22	2927488	2974857	-1
ENSGALG00000006911	14	8913539	8925051	1
ENSGALG00000030209	4	81163250	81197855	1
ENSGALG00000005232	6	16926091	16976146	1
ENSGALG00000005226	6	16860338	16872753	1
ENSGALG00000028979	18	3353300	3359663	-1
ENSGALG00000006889	14	8882558	8896929	-1
ENSGALG00000034673	4	80855311	80877258	1
ENSGALG00000031105	4	50212212	50372852	1
ENSGALG00000005509	8	12966245	13290132	1
ENSGALG00000001329	23	2743037	2816538	1
ENSGALG00000005169	6	16774824	16781124	-1
ENSGALG00000028809	6	16766053	16768405	-1
ENSGALG00000005156	6	16746638	16758682	-1
ENSGALG00000030125	1	140577901	140612165	-1
ENSGALG00000016849	1	140545200	140551013	1
ENSGALG00000002639	9	10687964	10708703	1
ENSGALG00000012530	1	51716683	51725962	1
ENSGALG00000009639	4	24959132	24997825	-1
ENSGALG00000048091	27	7924157	7931121	1
ENSGALG00000005086	6	16341344	16349555	-1
ENSGALG00000039209	1	34002232	34044011	-1
ENSGALG00000030031	2	113806150	113819007	-1
ENSGALG00000007677	2	16724410	16731025	-1
ENSGALG00000008335	1	12579897	12642685	-1
ENSGALG00000011469	7	23255548	23307791	-1
ENSGALG00000011529	4	49974752	49982898	-1
ENSGALG00000000818	1	195032674	195039220	1
ENSGALG00000010313	8	21688967	21772686	1
ENSGALG00000038141	1	51574103	51584520	-1
ENSGALG00000050441	1	51558852	51565932	-1
ENSGALG00000040279	23	2538276	2544293	1
ENSGALG00000003580	11	3706912	3741657	-1
ENSGALG00000047352	3	31108678	31122565	-1
ENSGALG00000011499	4	49916846	49938073	1
ENSGALG00000013311	5	3449594	3622521	1
ENSGALG00000003574	11	3655780	3683801	-1
ENSGALG00000008382	1	11521697	11555109	-1
ENSGALG00000005057	6	15948142	16221228	-1
ENSGALG00000007579	2	16143077	16201613	-1
ENSGALG00000054344	9	23642193	23643498	1
ENSGALG00000044293	9	23634895	23640384	1
ENSGALG00000025881	1	51541954	51569755	-1
ENSGALG00000004467	15	6112451	6164114	-1
ENSGALG00000003560	11	3571368	3634461	-1
ENSGALG00000004320	13	13664153	13701069	1
ENSGALG00000003948	12	3345428	3352328	1
ENSGALG00000021079	20	9335909	9349311	1
ENSGALG00000004184	13	13624036	13632278	1
ENSGALG00000005257	8	12271795	12279181	1
ENSGALG00000001434	17	8723126	8733376	-1
ENSGALG00000000461	27	4832151	4845337	1
ENSGALG00000047483	1	51440395	51445547	1
ENSGALG00000009568	4	24520359	24685116	-1
ENSGALG00000016844	1	140394688	140425482	-1
ENSGALG00000031518	33	4132597	4133942	-1
ENSGALG00000012456	1	51413962	51423737	1
ENSGALG00000004078	13	13001201	13010129	1
ENSGALG00000044466	11	2644433	2658115	1
ENSGALG00000005843	20	9001254	9014412	-1
ENSGALG00000038405	1	77388128	77429662	1
ENSGALG00000032308	6	14860666	15164432	-1
ENSGALG00000007526	4	11295349	11299195	-1
ENSGALG00000007941	5	19755982	19795325	1
ENSGALG00000016281	1	116192489	117253225	-1
ENSGALG00000003353	Z	10460141	10544706	1
ENSGALG00000005790	20	8807030	8821031	1
ENSGALG00000015908	3	80804845	80905035	1
ENSGALG00000002193	9	2459432	2493573	-1
ENSGALG00000039032	5	19419316	19420470	1
ENSGALG00000029672	7	22229319	22237930	1
ENSGALG00000037603	23	2253610	2261049	1
ENSGALG00000003295	Z	10140727	10313424	-1
ENSGALG00000037556	5	19262646	19335831	-1
ENSGALG00000009567	4	24072461	24205658	1
ENSGALG00000007356	2	15014348	15032488	1
ENSGALG00000013409	23	2220746	2229123	1
ENSGALG00000012790	2	64524991	64561164	-1
ENSGALG00000031450	1	194597369	194675601	-1
ENSGALG00000039080	5	19191268	19248208	1
ENSGALG00000003103	12	3002525	3009824	-1
ENSGALG00000027788	4	23889262	23935926	1
ENSGALG00000003473	22	2877954	2888842	-1
ENSGALG00000030706	23	2046642	2056508	-1
ENSGALG00000034898	5	45101764	45230310	-1
ENSGALG00000015032	Z	27663890	27681451	1
ENSGALG00000003258	11	2479810	2493248	-1
ENSGALG00000012988	1	60296873	60354263	1
ENSGALG00000010149	3	30280731	30303453	-1
ENSGALG00000045584	4	10959282	10973769	-1
ENSGALG00000003015	19	5554574	5561459	1
ENSGALG00000021345	11	2432617	2439530	-1
ENSGALG00000017036	1	172289679	172427314	1
ENSGALG00000015895	3	80084761	80087769	1
ENSGALG00000005609	20	8328212	8337556	1
ENSGALG00000039728	9	22759713	22763777	1
ENSGALG00000006563	1	8841295	8982974	1
ENSGALG00000011250	7	22086695	22105857	-1
ENSGALG00000053241	7	22082731	22084314	-1
ENSGALG00000053589	Z	80616187	80743416	1
ENSGALG00000050678	Z	80571923	80647009	1
ENSGALG00000000243	27	4030006	4034840	-1
ENSGALG00000034029	5	18629829	18649356	-1
ENSGALG00000005338	20	7932950	7938510	-1
ENSGALG00000034100	10	20049223	20076407	-1
ENSGALG00000000820	23	1741624	1757003	1
ENSGALG00000011190	4	46423727	46424857	-1
ENSGALG00000030324	1	8136573	8180800	1
ENSGALG00000030941	26	1148302	1157441	1
ENSGALG00000020193	4	46421939	46423376	-1
ENSGALG00000028451	11	2118766	2120425	-1
ENSGALG00000010747	5	44669751	44711483	-1
ENSGALG00000010738	5	44630721	44653557	-1
ENSGALG00000002729	9	10550183	10571324	-1
ENSGALG00000012735	2	62675250	62679088	-1
ENSGALG00000014324	1	75548453	75558943	1
ENSGALG00000016261	1	114457437	114478974	-1
ENSGALG00000005321	20	7832322	7910579	-1
ENSGALG00000000783	23	1627960	1636790	-1
ENSGALG00000026152	12	2699650	2704153	-1
ENSGALG00000035916	5	18179810	18393764	-1
ENSGALG00000028721	26	1123454	1132975	1
ENSGALG00000012277	1	50976162	50979138	-1
ENSGALG00000015404	2	111182778	111199494	-1
ENSGALG00000016251	1	114074141	114163628	-1
ENSGALG00000003628	10	4710761	4798157	-1
ENSGALG00000017025	1	171725372	171734808	-1
ENSGALG00000037943	14	7057348	7132158	1
ENSGALG00000025945	Z	9164659	9166088	1
ENSGALG00000023622	Z	9152592	9154039	1
ENSGALG00000000731	23	1564116	1568510	1
ENSGALG00000003886	13	12229467	12420212	-1
ENSGALG00000030276	6	29935052	29990736	-1
ENSGALG00000034591	2	62112883	62119192	1
ENSGALG00000026655	Z	9145291	9146416	-1
ENSGALG00000009553	9	22313604	22345248	-1
ENSGALG00000032658	27	3775310	3882647	1
ENSGALG00000030776	33	3166725	3168701	-1
ENSGALG00000002283	12	2273248	2315377	1
ENSGALG00000041236	1	50752535	50761418	1
ENSGALG00000002260	12	2264031	2268470	-1
ENSGALG00000005170	20	7770874	7779087	-1
ENSGALG00000053351	27	7865806	7868734	1
ENSGALG00000000244	Z	46616371	46782893	-1
ENSGALG00000016228	1	113301915	113303342	-1
ENSGALG00000012704	2	61479711	61493929	1
ENSGALG00000016227	1	113198416	113202575	-1
ENSGALG00000047414	14	1403046	1408991	1
ENSGALG00000000667	23	1063330	1068649	1
ENSGALG00000027891	Z	46525374	46544858	1
ENSGALG00000007001	17	3938812	3944462	1
ENSGALG00000007555	5	17778656	17793544	1
ENSGALG00000055053	3	77724855	77729607	-1
ENSGALG00000003074	28	3790233	3811820	1
ENSGALG00000008014	20	13708222	13709555	-1
ENSGALG00000008095	10	19774820	19792621	1
ENSGALG00000003505	10	4602240	4609086	-1
ENSGALG00000007082	2	13012790	13044927	-1
ENSGALG00000042797	3	27820731	27874634	1
ENSGALG00000001595	17	8588061	8591957	-1
ENSGALG00000025759	9	10491970	10546388	-1
ENSGALG00000039786	22	2646153	2661037	-1
ENSGALG00000026167	18	1984539	2033615	-1
ENSGALG00000000154	26	1029892	1037452	1
ENSGALG00000041644	1	139115577	139175402	-1
ENSGALG00000033178	2	11821968	11830930	-1
ENSGALG00000013967	1	6851074	6858323	-1
ENSGALG00000010036	3	27500695	27510879	-1
ENSGALG00000002467	11	1702335	1713816	1
ENSGALG00000012050	1	50120269	50164133	-1
ENSGALG00000030902	2	108430041	108432260	-1
ENSGALG00000009470	9	20725151	20764204	-1
ENSGALG00000021355	Z	9015759	9024777	1
ENSGALG00000004700	8	7994109	8002276	-1
ENSGALG00000052460	3	77563544	77591643	-1
ENSGALG00000055058	1	6730670	6745495	1
ENSGALG00000032903	5	17264187	17267580	-1
ENSGALG00000007381	5	17253818	17261848	-1
ENSGALG00000004859	20	6715285	6727531	-1
ENSGALG00000012033	1	50063873	50081111	-1
ENSGALG00000021230	20	6698519	6707788	1
ENSGALG00000007963	20	13171132	13253864	1
ENSGALG00000007804	12	16898430	16917447	1
ENSGALG00000016834	1	138951176	139094938	-1
ENSGALG00000003744	13	12027893	12054652	1
ENSGALG00000002023	Z	8577948	8591196	-1
ENSGALG00000027835	6	12328156	12329964	-1
ENSGALG00000016215	1	112117781	112133306	1
ENSGALG00000032577	9	20136600	20436791	1
ENSGALG00000004620	8	7848917	7898075	1
ENSGALG00000015833	3	76970519	76992372	-1
ENSGALG00000017272	1	74541146	74683073	-1
ENSGALG00000012003	1	49891065	49906124	-1
ENSGALG00000051478	Z	77987413	78117585	-1
ENSGALG00000040180	2	107911432	107912427	-1
ENSGALG00000053121	19	4963041	4964040	-1
ENSGALG00000011235	2	34255021	34277260	1
ENSGALG00000003217	14	1329782	1337607	1
ENSGALG00000028256	Z	8363698	8366694	-1
ENSGALG00000054196	19	4954691	4955870	-1
ENSGALG00000039219	6	12257165	12275117	1
ENSGALG00000049551	19	4947059	4948277	-1
ENSGALG00000014585	19	4941785	4942879	1
ENSGALG00000026677	1	138924431	138937050	-1
ENSGALG00000053014	Z	77673831	77774997	-1
ENSGALG00000048706	Z	77654415	77723652	-1
ENSGALG00000050065	1	170225814	170235083	1
ENSGALG00000036850	10	4188720	4194426	-1
ENSGALG00000014496	4	76507126	76565949	1
ENSGALG00000004593	20	5918672	5975454	-1
ENSGALG00000041988	1	111210237	111222987	-1
ENSGALG00000015209	Z	44356123	44369961	-1
ENSGALG00000002225	19	4627665	4651317	1
ENSGALG00000011947	1	49601065	49607425	1
ENSGALG00000015216	Z	44075509	44125480	1
ENSGALG00000005323	Z	44008388	44008987	-1
ENSGALG00000028005	Z	43742056	43743702	1
ENSGALG00000009298	9	19829026	19858603	1
ENSGALG00000016832	1	138904758	138912133	-1
ENSGALG00000015196	2	106885853	107013873	1
ENSGALG00000007077	5	16814154	16844218	-1
ENSGALG00000009759	1	32162492	32242011	1
ENSGALG00000050897	9	19725004	19825188	1
ENSGALG00000015800	3	76380620	76418162	-1
ENSGALG00000033129	3	25092240	25094448	-1
ENSGALG00000039269	18	9489328	9537525	-1
ENSGALG00000009315	5	26533055	26554073	-1
ENSGALG00000035596	12	1075941	1100520	-1
ENSGALG00000005831	Z	7780562	7905039	1
ENSGALG00000006412	4	4348840	4354659	1
ENSGALG00000049835	Z	43447051	43475146	1
ENSGALG00000021314	14	1241795	1252146	-1
ENSGALG00000043672	12	1023267	1074387	1
ENSGALG00000028145	3	75832004	75833128	1
ENSGALG00000038710	1	71797826	71804003	-1
ENSGALG00000005814	Z	7654557	7656593	-1
ENSGALG00000025921	Z	7645535	7647631	1
ENSGALG00000010971	7	19728602	19787165	-1
ENSGALG00000010468	5	39455412	39460341	-1
ENSGALG00000007848	24	6135796	6138663	-1
ENSGALG00000015775	3	75684051	75708805	1
ENSGALG00000011872	1	49252184	49267900	1
ENSGALG00000006190	4	4200870	4231430	1
ENSGALG00000003636	21	4234399	4237316	1
ENSGALG00000036829	2	55980846	56043283	1
ENSGALG00000028016	1	49166331	49172940	-1
ENSGALG00000004074	20	5178294	5182050	1
ENSGALG00000013911	1	71375201	71400743	-1
ENSGALG00000030661	33	6934615	6940207	1
ENSGALG00000003932	20	5127284	5143926	1
ENSGALG00000051063	20	5113651	5117094	1
ENSGALG00000004273	8	6682209	6791752	-1
ENSGALG00000014297	5	16053125	16056590	1
ENSGALG00000002786	10	3594815	3641597	-1
ENSGALG00000039335	5	16016176	16051789	1
ENSGALG00000030357	8	6586590	6619960	1
ENSGALG00000034456	26	5152468	5174115	1
ENSGALG00000034067	26	5133300	5139900	-1
ENSGALG00000004205	8	6550216	6573472	-1
ENSGALG00000033966	1	193461898	193803700	1
ENSGALG00000043036	5	39074525	39084657	1
ENSGALG00000043223	19	3673296	3828129	1
ENSGALG00000001465	18	9097963	9100480	1
ENSGALG00000002963	9	9999445	10077916	-1
ENSGALG00000016986	1	169350498	169399736	-1
ENSGALG00000009858	3	22290234	22295308	1
ENSGALG00000014233	1	70452867	70534884	1
ENSGALG00000037940	2	54930529	54947966	-1
ENSGALG00000043493	2	54916522	54922765	1
ENSGALG00000030065	4	40053454	40498128	-1
ENSGALG00000044480	4	3392323	3404401	1
ENSGALG00000037246	2	54476377	54526547	1
ENSGALG00000055078	20	4966750	4971884	1
ENSGALG00000044226	30	600218	605036	1
ENSGALG00000006017	4	3316455	3386100	1
ENSGALG00000003863	15	5714657	5727150	1
ENSGALG00000010668	4	39881333	39966929	-1
ENSGALG00000008162	1	1655960	1680468	-1
ENSGALG00000041380	16	2606528	2609057	-1
ENSGALG00000030377	26	4904800	4905285	1
ENSGALG00000003670	20	4690689	4693338	-1
ENSGALG00000036775	Z	2630793	2878710	-1
ENSGALG00000015030	2	103049116	103074569	-1
ENSGALG00000045115	30	595215	599886	1
ENSGALG00000006565	15	8663295	8688492	-1
ENSGALG00000013865	3	54895190	54914161	1
ENSGALG00000011740	1	48028649	48034022	1
ENSGALG00000009269	5	26296854	26311104	-1
ENSGALG00000001470	10	3071342	3074466	1
ENSGALG00000002539	Z	73473843	73543841	-1
ENSGALG00000010646	4	39615025	39740111	-1
ENSGALG00000028037	5	38430793	38433702	1
ENSGALG00000010858	7	18736749	18812213	1
ENSGALG00000001730	9	1387811	1441223	1
ENSGALG00000013861	3	54664503	54683327	-1
ENSGALG00000008518	17	2287820	2308533	1
ENSGALG00000049193	25	1473405	1509424	-1
ENSGALG00000030571	1	168025737	168042111	-1
ENSGALG00000027207	3	54597280	54606430	1
ENSGALG00000016964	1	167989491	168020290	-1
ENSGALG00000021395	18	7924961	7946282	-1
ENSGALG00000003212	26	4698648	4703751	1
ENSGALG00000049422	3	21942839	21967759	-1
ENSGALG00000052425	3	21915154	21919280	1
ENSGALG00000031786	2	51589935	51620997	1
ENSGALG00000002506	21	3327693	3354672	1
ENSGALG00000003495	8	5858744	5866421	-1
ENSGALG00000047771	5	38322971	38327945	-1
ENSGALG00000031117	2	51496702	51521276	1
ENSGALG00000005930	4	2950481	2994938	1
ENSGALG00000026970	5	1814210	1815550	1
ENSGALG00000002466	21	3244323	3253164	-1
ENSGALG00000040360	13	9770031	9772644	-1
ENSGALG00000005204	15	8386812	8392109	1
ENSGALG00000003026	14	1142254	1156542	1
ENSGALG00000025937	24	5408192	5416185	-1
ENSGALG00000014938	2	102443796	102465867	-1
ENSGALG00000031069	7	18603505	18612701	1
ENSGALG00000003503	20	3612403	3627085	-1
ENSGALG00000037939	11	532295	541816	-1
ENSGALG00000014186	1	68817721	68879496	1
ENSGALG00000014935	2	102336920	102408052	1
ENSGALG00000050631	14	1121719	1136699	1
ENSGALG00000011633	1	47613048	47636250	-1
ENSGALG00000013155	2	85442153	85618905	1
ENSGALG00000020316	4	2834589	2850667	-1
ENSGALG00000048159	17	2138075	2149550	1
ENSGALG00000053220	2	130588631	130595013	1
ENSGALG00000003369	27	7646435	7652243	-1
ENSGALG00000005968	15	8274524	8282968	1
ENSGALG00000016949	1	167168760	167191131	1
ENSGALG00000012595	Z	40677336	40738461	-1
ENSGALG00000049010	15	8238927	8239208	1
ENSGALG00000052566	15	8235870	8236154	-1
ENSGALG00000047506	15	8235121	8235417	1
ENSGALG00000028373	1	47377777	47392139	1
ENSGALG00000010614	4	39355762	39358582	-1
ENSGALG00000033932	16	2565405	2595262	1
ENSGALG00000048383	15	8232496	8232780	1
ENSGALG00000049186	15	8231361	8231642	-1
ENSGALG00000053057	15	8230684	8230971	-1
ENSGALG00000048390	15	8229080	8229361	1
ENSGALG00000054874	15	8227756	8228052	-1
ENSGALG00000050376	15	8226765	8227052	1
ENSGALG00000038758	11	444251	449004	-1
ENSGALG00000050545	15	8226219	8226506	-1
ENSGALG00000051167	15	8223554	8223835	1
ENSGALG00000017485	4	69518863	69524197	1
ENSGALG00000050477	15	8221239	8221500	1
ENSGALG00000010610	4	39265386	39318627	-1
ENSGALG00000009784	3	21159219	21262585	1
ENSGALG00000014910	2	102015734	102109014	1
ENSGALG00000033002	4	2420962	2435623	1
ENSGALG00000023821	27	7642263	7646075	-1
ENSGALG00000015388	3	68350477	68445504	-1
ENSGALG00000053595	4	38979231	39067086	1
ENSGALG00000005808	15	8093227	8111255	-1
ENSGALG00000026081	20	11615331	11629002	-1
ENSGALG00000015360	1	88827762	88854919	-1
ENSGALG00000002644	26	4130378	4134782	1
ENSGALG00000024490	4	69443374	69469660	1
ENSGALG00000029324	11	313945	323201	-1
ENSGALG00000014122	1	68297311	68348236	-1
ENSGALG00000050882	11	296257	310205	-1
ENSGALG00000012932	1	58965081	59072088	-1
ENSGALG00000043555	4	38549409	38592266	-1
ENSGALG00000053549	6	10021089	10029590	-1
ENSGALG00000015358	1	88760863	88804642	-1
ENSGALG00000039294	9	680308	692677	-1
ENSGALG00000026119	15	7779109	7810799	-1
ENSGALG00000034070	7	18202368	18226959	-1
ENSGALG00000005947	2	4892458	4905115	1
ENSGALG00000008497	1	31106674	31121733	-1
ENSGALG00000016485	3	101681364	101683698	1
ENSGALG00000026727	3	18978772	18984357	1
ENSGALG00000053510	1	258484	259506	-1
ENSGALG00000039193	21	2712119	2775214	-1
ENSGALG00000003584	18	6978815	6984489	-1
ENSGALG00000005884	2	4797808	4866093	-1
ENSGALG00000001774	10	2272014	2467955	1
ENSGALG00000050315	1	216908	303711	1
ENSGALG00000014582	24	4700047	4856723	-1
ENSGALG00000042611	1	194198	197450	-1
ENSGALG00000046962	1	166296	170671	1
ENSGALG00000001690	13	8067187	8204642	1
ENSGALG00000038209	16	2510124	2514505	-1
ENSGALG00000035017	21	2682333	2709511	-1
ENSGALG00000016810	1	138070166	138156158	1
ENSGALG00000038540	24	4498522	4569876	-1
ENSGALG00000051297	1	31439	243537	1
ENSGALG00000045540	1	27209	33555	1
ENSGALG00000027363	21	2649964	2665120	-1
ENSGALG00000005071	4	2126107	2141053	-1
ENSGALG00000002038	26	3872602	3887081	-1
ENSGALG00000014999	Z	25324362	25392656	-1
ENSGALG00000046212	18	6872423	6880054	1
ENSGALG00000007924	7	9781864	9800618	-1
ENSGALG00000007543	20	11158900	11172710	1
ENSGALG00000010118	5	37181549	37355992	1
ENSGALG00000029354	30	437446	458592	-1
ENSGALG00000005710	2	4568785	4637109	1
ENSGALG00000037138	5	13429698	13749553	-1
ENSGALG00000050352	26	3760561	3763313	-1
ENSGALG00000015008	Z	25197569	25213519	1
ENSGALG00000011406	1	45630400	45665253	-1
ENSGALG00000028483	5	36884558	36886207	-1
ENSGALG00000036925	25	3840941	3854221	1
ENSGALG00000006795	24	4304182	4310313	-1
ENSGALG00000044279	3	109820943	109830241	1
ENSGALG00000001189	19	2800480	2807394	-1
ENSGALG00000014261	4	68642734	68647699	-1
ENSGALG00000040098	2	148865563	148883104	-1
ENSGALG00000051022	4	68516400	68562896	-1
ENSGALG00000021128	14	4589041	4595297	1
ENSGALG00000014258	4	68509592	68515621	-1
ENSGALG00000000081	16	2367597	2478250	1
ENSGALG00000046914	4	68455867	68468029	-1
ENSGALG00000036742	19	2690575	2780557	1
ENSGALG00000038678	2	100148458	100212328	1
ENSGALG00000015184	Z	38482984	38580242	1
ENSGALG00000008873	17	1807509	1811764	1
ENSGALG00000016708	3	109694867	109702468	1
ENSGALG00000038461	Z	380895	391872	1
ENSGALG00000006427	5	13266596	13301342	1
ENSGALG00000011325	1	45339203	45346941	-1
ENSGALG00000040276	3	109295891	109443058	1
ENSGALG00000045153	4	68245100	68247053	-1
ENSGALG00000043642	2	46674840	46702450	-1
ENSGALG00000006715	24	3862361	3873263	-1
ENSGALG00000009450	3	18423363	18445768	1
ENSGALG00000011320	1	45195312	45317916	-1
ENSGALG00000032108	24	3817531	3820521	-1
ENSGALG00000031593	4	1985097	1986199	1
ENSGALG00000034196	26	3495149	3506642	1
ENSGALG00000027864	5	36403465	36406967	-1
ENSGALG00000043582	2	148366525	148371835	-1
ENSGALG00000003085	6	9409873	9417895	-1
ENSGALG00000035026	13	17526608	17541439	1
ENSGALG00000001768	13	5570216	6186858	-1
ENSGALG00000001561	21	2245514	2268919	1
ENSGALG00000037989	1	106593970	106604799	1
ENSGALG00000010371	4	35094094	35205619	-1
ENSGALG00000052537	8	4097967	4100381	1
ENSGALG00000010363	4	35047642	35091500	1
ENSGALG00000007759	7	8220110	8328185	-1
ENSGALG00000002643	8	4090730	4097363	1
ENSGALG00000039869	4	35039467	35039990	-1
ENSGALG00000042001	4	35025993	35044154	1
ENSGALG00000007431	12	14398620	14690794	-1
ENSGALG00000033256	Z	37074185	37334639	1
ENSGALG00000004831	4	1889130	1893556	1
ENSGALG00000016684	3	108759943	108772090	1
ENSGALG00000010053	8	20271073	20504572	1
ENSGALG00000009601	1	30463434	30606675	-1
ENSGALG00000013773	3	52529964	52540546	1
ENSGALG00000025884	7	8141846	8149927	1
ENSGALG00000037629	2	45896594	45935972	-1
ENSGALG00000034493	2	45849153	45873663	-1
ENSGALG00000042744	8	3955424	3958244	-1
ENSGALG00000041750	12	14132885	14195481	-1
ENSGALG00000025764	27	7499025	7504478	1
ENSGALG00000023933	26	3140579	3141464	1
ENSGALG00000003319	18	6639244	6650095	1
ENSGALG00000009388	3	17861903	17932443	1
ENSGALG00000011274	1	44050178	44202174	-1
ENSGALG00000049707	24	3106116	3106212	1
ENSGALG00000011271	1	44018283	44031180	-1
ENSGALG00000027462	27	7494350	7498376	-1
ENSGALG00000041834	22	5268107	5279496	-1
ENSGALG00000007701	9	15424639	15428284	1
ENSGALG00000015001	3	65714396	65810805	1
ENSGALG00000042227	22	5262428	5263904	-1
ENSGALG00000006512	24	3102875	3110564	1
ENSGALG00000006236	5	12656760	12667360	-1
ENSGALG00000052732	16	2095761	2115687	-1
ENSGALG00000009596	1	30234476	30430729	1
ENSGALG00000049444	16	2069172	2071163	1
ENSGALG00000047623	16	2062430	2062975	1
ENSGALG00000044598	16	2061906	2093520	1
ENSGALG00000015154	Z	36720674	36812329	-1
ENSGALG00000001392	21	2032641	2041878	-1
ENSGALG00000001177	26	2726911	2737426	-1
ENSGALG00000030550	1	43425751	43483144	-1
ENSGALG00000017250	1	190431423	190445874	1
ENSGALG00000052686	16	2043313	2045183	-1
ENSGALG00000016477	3	101354461	101391431	-1
ENSGALG00000003185	18	6293718	6304458	1
ENSGALG00000003144	18	6279757	6287152	-1
ENSGALG00000040644	17	876650	879509	-1
ENSGALG00000032170	17	869297	871747	-1
ENSGALG00000027069	4	1786951	1794312	1
ENSGALG00000043064	17	865358	868425	-1
ENSGALG00000032143	11	16909051	16934252	1
ENSGALG00000013754	3	52353589	52378280	1
ENSGALG00000031482	17	823420	837030	-1
ENSGALG00000034975	17	817872	821031	1
ENSGALG00000035836	1	67031006	67040698	1
ENSGALG00000037950	10	1343617	1375029	-1
ENSGALG00000026373	1	66955605	66963463	1
ENSGALG00000023950	26	2656096	2664136	1
ENSGALG00000050329	16	2031899	2037166	-1
ENSGALG00000007447	20	10887341	10892358	-1
ENSGALG00000016904	1	151668738	151671260	1
ENSGALG00000034478	19	576608	578177	1
ENSGALG00000047794	16	2026335	2028525	1
ENSGALG00000001332	20	660867	683752	-1
ENSGALG00000050091	16	2025751	2139631	1
ENSGALG00000006074	5	11366630	11601652	-1
ENSGALG00000048063	16	2019863	2057283	-1
ENSGALG00000032717	19	539445	570383	-1
ENSGALG00000033087	7	7937367	7974968	-1
ENSGALG00000051266	20	10886028	10887227	1
ENSGALG00000047380	16	2001694	2114403	1
ENSGALG00000042684	16	1991627	1993010	-1
ENSGALG00000005331	2	2396097	2402774	-1
ENSGALG00000052376	16	1987808	1995627	-1
ENSGALG00000001231	20	630016	655765	-1
ENSGALG00000030016	3	107370910	107378810	-1
ENSGALG00000044569	16	1985544	1987050	-1
ENSGALG00000012426	5	58463837	58525746	-1
ENSGALG00000013218	1	66793430	66796768	1
ENSGALG00000039696	17	765767	773576	1
ENSGALG00000045796	5	25554599	25572134	-1
ENSGALG00000051088	16	1967655	1973720	-1
ENSGALG00000049208	16	1962072	2057699	-1
ENSGALG00000002900	18	5048916	5054527	1
ENSGALG00000038943	26	2489952	2508040	1
ENSGALG00000013356	26	2475894	2486807	1
ENSGALG00000015115	Z	34893638	34957995	1
ENSGALG00000007485	9	15091718	15104420	1
ENSGALG00000046614	25	3323931	3324985	-1
ENSGALG00000001916	13	4953827	5426056	1
ENSGALG00000040606	18	4988188	4993464	-1
ENSGALG00000015110	Z	34698424	34709646	1
ENSGALG00000036645	2	43128699	43164052	-1
ENSGALG00000013968	4	66162397	66168332	1
ENSGALG00000002841	18	4976515	4983928	1
ENSGALG00000002080	13	4712213	4872139	-1
ENSGALG00000007651	7	7912708	7932691	-1
ENSGALG00000024272	25	3296971	3298411	-1
ENSGALG00000040342	1	104340407	104345964	-1
ENSGALG00000002113	13	4598169	4629140	1
ENSGALG00000033171	2	43102691	43113228	-1
ENSGALG00000007419	9	15017996	15035605	1
ENSGALG00000002294	Z	72764590	72877720	1
ENSGALG00000032161	5	9744885	9778936	1
ENSGALG00000005287	2	2080866	2086418	1
ENSGALG00000001115	21	1390844	1412012	1
ENSGALG00000013100	2	80852532	80991947	-1
ENSGALG00000005594	19	9182682	9186458	1
ENSGALG00000017239	1	189543239	189559491	1
ENSGALG00000030969	2	43035072	43041839	-1
ENSGALG00000032087	2	96558292	96559269	-1
ENSGALG00000048749	16	1949851	1956061	-1
ENSGALG00000040447	2	43004556	43025574	1
ENSGALG00000006644	13	17366433	17385594	-1
ENSGALG00000009168	4	18189034	18535906	-1
ENSGALG00000023355	4	33862692	33875050	-1
ENSGALG00000013929	4	65398425	65431696	-1
ENSGALG00000038634	4	65269770	65321836	-1
ENSGALG00000005223	2	1432870	1562154	1
ENSGALG00000037077	2	42617494	42623187	-1
ENSGALG00000020078	3	17240827	17247359	-1
ENSGALG00000004209	14	3139896	3142286	1
ENSGALG00000041094	1	39190683	39534902	1
ENSGALG00000047025	16	1927171	1938255	-1
ENSGALG00000017235	1	189025780	189161699	1
ENSGALG00000012874	1	57312780	57323475	-1
ENSGALG00000030251	2	140875182	140993382	-1
ENSGALG00000052371	16	1926484	1964781	-1
ENSGALG00000042607	3	59341241	59399436	-1
ENSGALG00000009530	1	29166774	29412777	1
ENSGALG00000053682	16	1913575	1929106	-1
ENSGALG00000028142	Z	34263630	34278183	-1
ENSGALG00000017462	13	17291960	17350348	-1
ENSGALG00000041577	7	14320204	14351730	-1
ENSGALG00000005549	19	8884139	8898622	1
ENSGALG00000007511	7	7177686	7189495	-1
ENSGALG00000041491	2	42256779	42262620	1
ENSGALG00000050182	2	1055416	1056745	1
ENSGALG00000054264	2	1043157	1061857	1
ENSGALG00000030247	25	253773	258260	-1
ENSGALG00000051536	2	1043156	1061846	1
ENSGALG00000051027	2	1038303	1039777	1
ENSGALG00000030407	25	2927917	2933482	1
ENSGALG00000047837	2	1024177	1026865	1
ENSGALG00000049288	2	1011262	1014817	1
ENSGALG00000026948	22	4084885	4104541	1
ENSGALG00000014944	Z	24089346	24107538	1
ENSGALG00000036892	5	824101	848390	1
ENSGALG00000036490	2	140462096	140559056	-1
ENSGALG00000052737	2	999915	1030300	1
ENSGALG00000009723	5	30598320	30751690	1
ENSGALG00000015675	1	99421122	99454742	1
ENSGALG00000033631	2	139734098	139738744	1
ENSGALG00000002525	6	5430790	5475162	1
ENSGALG00000043671	16	1391736	1651259	1
ENSGALG00000009130	3	16861604	16894451	-1
ENSGALG00000015081	Z	33744116	33762006	1
ENSGALG00000007152	12	12271572	12275706	-1
ENSGALG00000048912	16	1273838	1275807	1
ENSGALG00000013086	2	80659236	80730292	1
ENSGALG00000002234	18	4655895	4661873	1
ENSGALG00000054241	16	1109836	1111994	1
ENSGALG00000015090	Z	33602917	33617017	-1
ENSGALG00000002496	6	5188235	5191519	-1
ENSGALG00000047152	1	197279998	197281946	-1
ENSGALG00000051072	16	912011	976071	1
ENSGALG00000047663	2	41515331	41521079	1
ENSGALG00000047341	2	41502573	41507421	1
ENSGALG00000042708	16	850033	852546	1
ENSGALG00000013709	2	91981478	91986776	-1
ENSGALG00000015511	1	97569877	97995865	1
ENSGALG00000032270	22	3971808	3982438	1
ENSGALG00000044799	4	268905	277022	-1
ENSGALG00000052434	31	2741115	2742551	1
ENSGALG00000020554	Z	33117991	33546156	1
ENSGALG00000042771	1	96501042	96681455	1
ENSGALG00000019514	2	91847137	91861414	-1
ENSGALG00000013091	1	62935249	63064741	-1
ENSGALG00000040672	27	7262040	7267335	1
ENSGALG00000008666	7	13408731	13412887	-1
ENSGALG00000026638	13	2672071	2681448	1
ENSGALG00000026995	1	197093201	197097605	-1
ENSGALG00000043393	1	94731886	94975094	-1
ENSGALG00000010223	1	37868999	37878734	1
ENSGALG00000015497	1	94356495	94376726	1
ENSGALG00000054304	5	732831	758616	-1
ENSGALG00000008621	7	12666450	12744588	-1
ENSGALG00000009626	5	29833567	29849200	-1
ENSGALG00000043025	5	725593	731173	-1
ENSGALG00000009523	1	28882582	29120860	1
ENSGALG00000000364	22	1287781	1294830	1
ENSGALG00000017229	1	187671552	188016984	-1
ENSGALG00000038772	2	128339132	128375825	-1
ENSGALG00000002142	Z	71070879	71152160	-1
ENSGALG00000007052	12	12191823	12223412	1
ENSGALG00000016580	3	105090968	105109766	1
ENSGALG00000008582	7	12447136	12519795	-1
ENSGALG00000002066	6	3479797	3488573	1
ENSGALG00000013057	1	62069663	62083647	1
ENSGALG00000000639	26	1842480	1844570	-1
ENSGALG00000004725	15	6505287	6514051	1
ENSGALG00000003146	15	5140595	5154005	1
ENSGALG00000000357	22	1187068	1205333	-1
ENSGALG00000029569	2	519057	520883	-1
ENSGALG00000029596	2	137356485	137374399	-1
ENSGALG00000013627	4	63027358	63067114	-1
ENSGALG00000009803	4	29358225	29368088	1
ENSGALG00000051152	6	3207229	3214856	1
ENSGALG00000034397	3	57282901	57314067	-1
ENSGALG00000013615	4	62907589	62999208	1
ENSGALG00000011488	2	40345059	40372785	1
ENSGALG00000054059	3	57263443	57285086	-1
ENSGALG00000035677	17	9823212	9826911	-1
ENSGALG00000012350	Z	71017085	71057636	-1
ENSGALG00000013606	4	62853578	62872237	1
ENSGALG00000018942	24	328157	329913	-1
ENSGALG00000008552	3	16194666	16199101	1
ENSGALG00000037522	28	3038438	3080297	-1
ENSGALG00000000314	22	1089882	1108097	1
ENSGALG00000016564	3	105015066	105027598	1
ENSGALG00000027159	3	50251379	50311064	-1
ENSGALG00000010533	8	23901404	23976471	1
ENSGALG00000003742	28	4313215	4353604	1
ENSGALG00000013625	3	50167911	50232264	-1
ENSGALG00000027874	5	24667321	24669438	1
ENSGALG00000028147	25	170395	173324	-1
ENSGALG00000053675	2	128172384	128183850	1
ENSGALG00000043690	1	136717949	136721234	1
ENSGALG00000039977	18	499232	517534	-1
ENSGALG00000047328	2	127998085	128050053	1
ENSGALG00000041179	2	127950434	128016215	1
ENSGALG00000000775	25	165228	169865	-1
ENSGALG00000006474	13	16610573	16623562	1
ENSGALG00000000776	26	192701	216901	1
ENSGALG00000002982	17	7235916	7240174	-1
ENSGALG00000036686	20	10532982	10538372	-1
ENSGALG00000016459	3	98547690	98550805	1
ENSGALG00000046093	2	127825948	127889325	1
ENSGALG00000008514	5	24634300	24643252	1
ENSGALG00000051937	2	127772585	127803805	1
ENSGALG00000042833	26	148699	169260	1
ENSGALG00000016456	3	97402679	97470693	1
ENSGALG00000037546	26	108265	127274	-1
ENSGALG00000037540	25	115212	131015	1
ENSGALG00000015293	1	86036845	86054389	1
ENSGALG00000023066	Z	70797443	70805858	1
ENSGALG00000043405	22	669570	683049	-1
ENSGALG00000038606	6	25190105	25192520	-1
ENSGALG00000036896	6	25152751	25192289	-1
ENSGALG00000042148	26	76711	94225	-1
ENSGALG00000006835	20	10510927	10512737	-1
ENSGALG00000016788	1	135229034	135244807	1
ENSGALG00000012796	1	56172463	56308924	1
ENSGALG00000031164	20	10480912	10485242	1
ENSGALG00000013505	3	49258198	49530795	-1
ENSGALG00000010961	2	31154360	31262400	-1
ENSGALG00000016446	3	96909880	96926659	1
ENSGALG00000040832	28	2928051	2932763	1
ENSGALG00000038529	28	2923340	2926579	-1
ENSGALG00000004518	Z	22436116	22452194	-1
ENSGALG00000016785	1	135176642	135199850	1
ENSGALG00000030526	1	135138720	135153025	1
ENSGALG00000008930	3	9676896	9693979	1
ENSGALG00000006756	20	10341499	10348637	-1
ENSGALG00000005360	19	8243835	8262292	-1
ENSGALG00000005554	9	5398453	5403001	-1
ENSGALG00000039985	11	12119543	12198657	1
ENSGALG00000046187	1	55733220	55749482	1
ENSGALG00000006693	20	10325022	10329836	1
ENSGALG00000003340	17	7130052	7137248	-1
ENSGALG00000040557	1	25367738	25492784	1
ENSGALG00000016442	3	96516162	96521232	1
ENSGALG00000029319	2	126714498	126720504	-1
ENSGALG00000036069	5	526897	533211	-1
ENSGALG00000012395	3	48624389	48741485	1
ENSGALG00000003478	17	7053329	7062205	1
ENSGALG00000038688	10	17545577	17715273	-1
ENSGALG00000035194	22	437194	453936	-1
ENSGALG00000036883	1	25059910	25147690	-1
ENSGALG00000030603	22	293081	383689	-1
ENSGALG00000034024	2	30628323	30744614	-1
ENSGALG00000012761	1	55492486	55507806	-1
ENSGALG00000007048	10	17303559	17324081	1
ENSGALG00000030075	KZ626838.1	155851	191216	1
ENSGALG00000035386	33	6036926	6046319	-1
ENSGALG00000042333	5	312880	326196	-1
ENSGALG00000031826	13	15119631	15132751	-1
ENSGALG00000051279	33	6012282	6018739	1
ENSGALG00000033286	4	56443111	56482183	1
ENSGALG00000039376	1	85034495	85061724	1
ENSGALG00000012200	5	56530534	56547633	1
ENSGALG00000012199	5	56496547	56526788	1
ENSGALG00000039245	1	54771871	54848374	-1
ENSGALG00000007747	18	10451542	10493098	1
ENSGALG00000008850	8	17124650	17182287	1
ENSGALG00000012165	5	56433608	56454798	1
ENSGALG00000002484	14	15374063	15382016	-1
ENSGALG00000002442	14	15365556	15370961	1
ENSGALG00000006325	12	11116418	11157789	1
ENSGALG00000015691	Z	66668700	66692579	-1
ENSGALG00000003597	23	5470579	5477371	-1
ENSGALG00000036133	12	11023383	11032726	-1
ENSGALG00000002428	14	15355914	15363700	-1
ENSGALG00000003567	23	5427586	5438486	-1
ENSGALG00000052056	14	15347240	15350850	1
ENSGALG00000015683	Z	66590950	66596998	-1
ENSGALG00000035136	Z	66555133	66586861	1
ENSGALG00000011994	4	54815201	54903904	-1
ENSGALG00000016400	3	94991681	95016338	1
ENSGALG00000012545	7	36217989	36226734	-1
ENSGALG00000041461	20	10249947	10263322	1
ENSGALG00000028790	8	16993720	17017021	-1
ENSGALG00000012256	3	46032734	46380904	1
ENSGALG00000011990	4	54729233	54752851	-1
ENSGALG00000034078	1	54676399	54693423	1
ENSGALG00000015193	1	84661651	84685255	1
ENSGALG00000032181	5	23544732	23622789	1
ENSGALG00000011663	3	45891575	45929214	-1
ENSGALG00000017186	1	183926160	183936332	-1
ENSGALG00000008287	4	14114460	14117321	1
ENSGALG00000019761	18	10351958	10359644	1
ENSGALG00000039705	13	14628119	14644387	1
ENSGALG00000006047	12	10150244	10166115	1
ENSGALG00000016774	1	134540472	134668511	1
ENSGALG00000008141	4	13903972	13924666	-1
ENSGALG00000008088	4	13761450	13795773	1
ENSGALG00000004793	19	7065537	7069275	1
ENSGALG00000016377	3	92904139	92977622	-1
ENSGALG00000003862	7	4706293	4793733	-1
ENSGALG00000047526	5	123422	124480	-1
ENSGALG00000011961	4	54109012	54173032	1
ENSGALG00000032803	5	120674	122219	1
ENSGALG00000015660	Z	66066126	66115305	-1
ENSGALG00000054033	5	40114	58105	1
ENSGALG00000016759	1	133809550	133813733	-1
ENSGALG00000041814	1	183536862	183673100	-1
ENSGALG00000008025	6	24063674	24088541	-1
ENSGALG00000016356	3	91617877	91645194	1
ENSGALG00000008761	1	22238881	22251669	-1
ENSGALG00000047019	KZ626826.1	22408	32800	1
ENSGALG00000023709	17	5990121	5992857	1
ENSGALG00000052747	KZ626826.1	18028	23743	1
ENSGALG00000054048	19	6867165	6920815	-1
ENSGALG00000037805	KZ626826.1	5251	9454	-1
ENSGALG00000052421	KZ626826.1	21	3050	1
ENSGALG00000010770	2	26738333	26787906	1
ENSGALG00000033957	33	5447898	5465635	1
ENSGALG00000044431	18	9943793	9944320	1
ENSGALG00000012662	1	53933066	53978011	1
ENSGALG00000028886	3	45471260	45491688	1
ENSGALG00000028658	1	182437515	182450316	1
ENSGALG00000001571	28	1844413	1858231	-1
ENSGALG00000008127	5	23185094	23206765	1
ENSGALG00000042449	KZ626819.1	113827	121489	-1
ENSGALG00000033195	9	4590676	4607425	1
ENSGALG00000040023	1	20565752	20594690	-1
ENSGALG00000051054	KZ626819.1	106256	112945	-1
ENSGALG00000007753	6	23706735	23775916	1
ENSGALG00000014718	Z	17405389	17461088	1
ENSGALG00000015572	Z	64356341	64364473	-1
ENSGALG00000025999	2	26015143	26019015	-1
ENSGALG00000040620	1	82041116	83002376	1
ENSGALG00000010708	2	24954107	25024569	-1
ENSGALG00000006445	10	12854642	12928455	-1
ENSGALG00000003578	7	4388774	4439109	-1
ENSGALG00000052223	15	846449	859774	1
ENSGALG00000015084	1	81625126	81711797	1
ENSGALG00000030781	2	122766240	122822370	1
ENSGALG00000027786	18	9837554	9839601	1
ENSGALG00000011450	13	14271909	14274538	1
ENSGALG00000054070	KZ626819.1	50569	123604	1
ENSGALG00000011537	3	43276034	43439484	1
ENSGALG00000033428	2	122624567	122638462	1
ENSGALG00000047314	KZ626819.1	10440	13565	1
ENSGALG00000011833	4	53381734	53566168	-1
ENSGALG00000044630	KZ626819.1	3773	4258	1
ENSGALG00000051188	KZ626819.1	1139	38348	-1
ENSGALG00000042067	4	53357901	53358866	-1
ENSGALG00000052650	2	122610894	122624505	-1
ENSGALG00000027151	20	9822122	9830129	1
ENSGALG00000004559	11	9773485	9799515	1
ENSGALG00000003484	7	4211052	4254224	-1
ENSGALG00000011426	3	42624043	42646410	1
ENSGALG00000049273	28	1436071	1438812	1
ENSGALG00000014069	5	22418650	22435035	-1
ENSGALG00000036901	5	22331177	22412191	1
ENSGALG00000004573	17	5668179	5684619	1
ENSGALG00000015624	Z	62855240	62961099	-1
ENSGALG00000020561	Z	16555542	16594029	-1
ENSGALG00000037837	14	13973612	13994515	-1
ENSGALG00000006724	9	3145813	3521172	-1
ENSGALG00000006138	20	9732482	9752786	1
ENSGALG00000041760	15	337036	375258	-1
ENSGALG00000004444	11	7865514	7879259	1
ENSGALG00000041555	27	5538288	5555467	1
ENSGALG00000023576	1	19335370	19339085	-1
ENSGALG00000015630	Z	62363362	62692551	1
ENSGALG00000012550	1	52103308	52109433	-1
