ensembl_gene_id	chromosome_name	start_position	end_position	strand
ENSAPLG00000009754	1	1009974	1030196	1
ENSAPLG00000006979	1	58078027	58136733	1
ENSAPLG00000010325	1	84765510	85088152	1
ENSAPLG00000003356	12	7452543	7467141	1
ENSAPLG00000006787	7	33640403	33649792	-1
ENSAPLG00000010867	21	15557852	15565656	-1
ENSAPLG00000014881	1	145663578	145665759	1
ENSAPLG00000006444	Z	11714084	11788824	-1
ENSAPLG00000006901	7	33670028	33681463	1
ENSAPLG00000009917	13	8987579	8994620	-1
ENSAPLG00000004444	1	33103465	33132407	1
ENSAPLG00000005594	1	58513977	58649849	1
ENSAPLG00000004614	14	11345967	11616036	-1
ENSAPLG00000011970	PEDO01001411.1	52	19127	1
ENSAPLG00000007231	3	107276435	107310094	-1
ENSAPLG00000024223	28	3354613	3358407	-1
ENSAPLG00000001819	5	31741429	31742296	-1
ENSAPLG00000012260	1	117077437	117079710	-1
ENSAPLG00000001050	7	4218405	4267822	-1
ENSAPLG00000014194	5	31769381	31781085	-1
ENSAPLG00000002467	Z	11945758	12116274	1
ENSAPLG00000007520	20	9527571	9544495	-1
ENSAPLG00000010931	5	53864318	53871856	-1
ENSAPLG00000001982	5	53960669	53962021	-1
ENSAPLG00000013593	3	71187766	71286194	-1
ENSAPLG00000008655	PEDO01007543.1	6834	11878	1
ENSAPLG00000026262	PEDO01005648.1	2084	21250	1
ENSAPLG00000015226	11	8389689	8443827	1
ENSAPLG00000011404	3	107645457	107646047	1
ENSAPLG00000029148	PEDO01005654.1	2629	8390	-1
ENSAPLG00000008439	14	12225303	12235862	1
ENSAPLG00000002880	3	12260178	12261095	-1
ENSAPLG00000012333	22	7952	15233	1
ENSAPLG00000008103	5	54217730	54269072	1
ENSAPLG00000026691	1	86290695	86310131	1
ENSAPLG00000003217	9	9741060	9754607	-1
ENSAPLG00000008744	5	3768142	4089655	-1
ENSAPLG00000012746	2	139887014	139890786	1
ENSAPLG00000016114	PEDO01019894.1	8447	36217	-1
ENSAPLG00000006120	14	12913690	12917317	1
ENSAPLG00000002239	2	40644165	40706073	1
ENSAPLG00000005340	14	12946604	12996969	1
ENSAPLG00000001879	7	34615468	34616484	1
ENSAPLG00000015625	PEDO01019894.1	57630	91845	-1
ENSAPLG00000011367	11	9072401	9075372	-1
ENSAPLG00000014033	1	59633409	59643121	-1
ENSAPLG00000012505	2	105952076	106083776	-1
ENSAPLG00000016421	1	86649772	86675523	1
ENSAPLG00000001014	26	1595929	1596659	-1
ENSAPLG00000012400	10	7217081	7224930	-1
ENSAPLG00000015886	5	55149226	55169282	1
ENSAPLG00000006431	22	743753	769550	-1
ENSAPLG00000031131	10	7357696	7393988	-1
ENSAPLG00000010959	24	3296400	3304507	-1
ENSAPLG00000022951	2	41073036	41077545	-1
ENSAPLG00000022698	24	3335031	3345458	-1
ENSAPLG00000015805	24	3481629	3485012	1
ENSAPLG00000029719	PEDO01011589.1	286134	299402	-1
ENSAPLG00000004211	13	10268374	10282853	1
ENSAPLG00000023467	26	1839549	1848149	1
ENSAPLG00000003674	19	4333485	4443846	-1
ENSAPLG00000012532	8	21026422	21258535	1
ENSAPLG00000009501	PEDO01007859.1	2877	8916	-1
ENSAPLG00000027117	28	3892686	3899722	1
ENSAPLG00000027434	28	3915104	3931021	1
ENSAPLG00000015725	11	9629902	9759662	-1
ENSAPLG00000026352	20	10285477	10311541	1
ENSAPLG00000004476	10	8378565	8391902	-1
ENSAPLG00000004495	10	8399313	8477766	-1
ENSAPLG00000017091	PEDO01018006.1	16	840	-1
ENSAPLG00000021420	6	17663474	17665527	1
ENSAPLG00000005322	6	17709662	17743573	-1
ENSAPLG00000017228	PEDO01011863.1	21	1962	-1
ENSAPLG00000029398	PEDO01020205.1	1642	5976	-1
ENSAPLG00000016125	PEDO01007999.1	21	3003	-1
ENSAPLG00000013315	Z	80454247	80464954	1
ENSAPLG00000012943	1	35115137	35153808	-1
ENSAPLG00000002292	6	17874013	17925787	-1
ENSAPLG00000019682	PEDO01011917.1	21	2780	1
ENSAPLG00000001248	PEDO01013967.1	1458	2705	-1
ENSAPLG00000009035	1	183570334	183588035	-1
ENSAPLG00000025864	PEDO01013978.1	1967	12071	-1
ENSAPLG00000011074	10	8876966	8920248	-1
ENSAPLG00000011907	10	9041125	9062757	1
ENSAPLG00000015564	7	8268772	8311536	-1
ENSAPLG00000016416	6	18260713	18403291	-1
ENSAPLG00000029718	PEDO01008100.1	11503	14760	1
ENSAPLG00000016366	6	18509277	18589843	-1
ENSAPLG00000014008	10	9510062	9516973	-1
ENSAPLG00000001398	20	10656135	10658983	1
ENSAPLG00000011833	19	5602437	5607854	1
ENSAPLG00000002281	PEDO01012108.1	7429	12359	-1
ENSAPLG00000001460	PEDO01020503.1	13099	18642	1
ENSAPLG00000010252	19	6017277	6022283	1
ENSAPLG00000022783	24	3998989	4000029	1
ENSAPLG00000029541	2	12380890	12387199	-1
ENSAPLG00000013985	3	41825853	41844013	-1
ENSAPLG00000012652	7	8456465	8507187	-1
ENSAPLG00000021722	PEDO01020617.1	21	1039	1
ENSAPLG00000012089	1	87671551	87680349	1
ENSAPLG00000002878	15	12539476	12567629	1
ENSAPLG00000013386	3	75762534	75841034	-1
ENSAPLG00000000836	Z	46781580	46785584	1
ENSAPLG00000021208	6	19279965	19293735	1
ENSAPLG00000002919	29	343775	358085	-1
ENSAPLG00000009000	19	6139575	6145222	-1
ENSAPLG00000006500	24	4576572	4602001	1
ENSAPLG00000005377	10	9825583	9840912	1
ENSAPLG00000024149	16	14352737	14460898	-1
ENSAPLG00000006200	8	22391224	22577548	1
ENSAPLG00000014526	27	622232	637666	-1
ENSAPLG00000017811	PEDO01012260.1	141220	143244	-1
ENSAPLG00000019314	PEDO01012290.1	7005	12232	-1
ENSAPLG00000009401	4	19892915	19927594	1
ENSAPLG00000009766	4	19960700	20044293	1
ENSAPLG00000004640	7	8752716	8850343	-1
ENSAPLG00000024935	Z	47048295	47050153	1
ENSAPLG00000010063	4	20074287	20118218	-1
ENSAPLG00000010833	16	14842182	14867876	-1
ENSAPLG00000006851	19	6439773	6445740	-1
ENSAPLG00000005135	18	45378	57373	1
ENSAPLG00000017528	10	9996713	9998907	1
ENSAPLG00000002131	22	3110370	3125157	1
ENSAPLG00000022186	Z	47417467	47418066	-1
ENSAPLG00000003590	Z	47469844	47525435	1
ENSAPLG00000002897	27	1010978	1016881	-1
ENSAPLG00000005127	19	6863542	6873844	-1
ENSAPLG00000019496	19	6882869	6892209	1
ENSAPLG00000001927	18	120355	121398	1
ENSAPLG00000002512	18	125920	139739	-1
ENSAPLG00000002251	18	189196	193605	-1
ENSAPLG00000002204	Z	47767496	47769058	-1
ENSAPLG00000002247	18	193790	196135	-1
ENSAPLG00000000622	18	196040	205560	-1
ENSAPLG00000018938	PEDO01014091.1	6	4336	1
ENSAPLG00000013843	2	13719467	13747111	-1
ENSAPLG00000004555	12	10226769	10235550	-1
ENSAPLG00000006806	22	3621626	3632113	-1
ENSAPLG00000025591	PEDO01014128.1	172	1820	-1
ENSAPLG00000009910	21	1150893	1261997	1
ENSAPLG00000012308	15	13280386	13315339	-1
ENSAPLG00000000628	9	10932363	10946195	-1
ENSAPLG00000010001	22	3905947	3913365	-1
ENSAPLG00000010549	3	76352052	76370640	-1
ENSAPLG00000002947	4	20868377	20988288	1
ENSAPLG00000011653	3	111353213	111572007	1
ENSAPLG00000022262	PEDO01009624.1	119266	121939	-1
ENSAPLG00000011676	1	61408749	61520984	-1
ENSAPLG00000013668	3	111764852	111805367	1
ENSAPLG00000008961	1	120328749	120346869	1
ENSAPLG00000004425	22	4028379	4033450	1
ENSAPLG00000005962	PEDO01008610.1	4156	12455	-1
ENSAPLG00000030449	8	24929119	25005575	1
ENSAPLG00000009301	3	76714721	76758726	-1
ENSAPLG00000021604	3	111926148	111936933	1
ENSAPLG00000011164	1	36592189	36601114	1
ENSAPLG00000005655	Z	49410756	49597611	1
ENSAPLG00000019878	18	1341417	1344994	1
ENSAPLG00000010014	2	42863937	42882530	1
ENSAPLG00000016019	PEDO01009728.1	21540	26243	1
ENSAPLG00000015154	12	12732673	12750842	1
ENSAPLG00000010353	1	120660860	120741290	1
ENSAPLG00000013110	27	1815779	1817923	-1
ENSAPLG00000027829	29	1494866	1500695	-1
ENSAPLG00000012041	9	11527150	11563542	1
ENSAPLG00000025863	PEDO01020868.1	146	2950	1
ENSAPLG00000015305	3	112192685	112208667	-1
ENSAPLG00000024808	29	1658212	1662518	1
ENSAPLG00000010390	29	1737716	1777975	1
ENSAPLG00000004849	4	22773839	22825724	1
ENSAPLG00000003833	5	8530417	8729022	-1
ENSAPLG00000027411	21	2117176	2130640	-1
ENSAPLG00000028561	PEDO01014493.1	4853	13844	1
ENSAPLG00000000674	PEDO01008852.1	2249	3771	1
ENSAPLG00000010841	Z	82770779	82900005	1
ENSAPLG00000018055	PEDO01008862.1	549	2966	-1
ENSAPLG00000010821	3	43951153	43970525	1
ENSAPLG00000022131	4	23010793	23030541	-1
ENSAPLG00000028618	11	10841273	10874996	1
ENSAPLG00000028532	PEDO01021007.1	3189	4820	-1
ENSAPLG00000011950	4	48825123	48825670	-1
ENSAPLG00000000598	27	2396634	2425600	1
ENSAPLG00000020439	4	48826892	48827824	-1
ENSAPLG00000002603	27	2472882	2497773	-1
ENSAPLG00000000830	15	16880958	16881581	-1
ENSAPLG00000014899	PEDO01014541.1	21	3884	1
ENSAPLG00000013537	9	12633576	12636972	-1
ENSAPLG00000002299	15	17024484	17060520	-1
ENSAPLG00000015349	Z	50167519	50213144	-1
ENSAPLG00000003371	27	2527863	2551866	1
ENSAPLG00000017976	18	1708269	1724742	1
ENSAPLG00000003627	27	2585148	2722743	1
ENSAPLG00000012703	4	49006546	49025959	1
ENSAPLG00000027499	4	49096241	49106975	1
ENSAPLG00000014551	27	2688597	2723991	-1
ENSAPLG00000007593	27	2723475	2727437	1
ENSAPLG00000014305	18	1912471	1917555	1
ENSAPLG00000004963	11	11415428	11429263	1
ENSAPLG00000006016	3	78251384	78258833	-1
ENSAPLG00000018622	14	13657057	13662219	1
ENSAPLG00000029307	PEDO01012872.1	2850	5425	1
ENSAPLG00000005624	1	148120469	148130420	1
ENSAPLG00000003660	10	13804280	14163951	-1
ENSAPLG00000012941	14	14051776	14069798	1
ENSAPLG00000028389	27	2940777	2945556	-1
ENSAPLG00000003672	27	3154921	3165942	-1
ENSAPLG00000002105	1	121548089	121554812	1
ENSAPLG00000012206	29	3284500	3297707	-1
ENSAPLG00000029031	2	43983735	43989264	1
ENSAPLG00000009479	3	44654018	44833393	1
ENSAPLG00000030883	1	149100515	149126859	1
ENSAPLG00000012838	14	14589966	14607982	-1
ENSAPLG00000011940	12	17959802	17984753	1
ENSAPLG00000015989	4	24451044	24468417	-1
ENSAPLG00000002101	1	121666673	121667818	1
ENSAPLG00000006300	5	60393444	60413344	1
ENSAPLG00000022237	5	60489980	60498267	1
ENSAPLG00000013521	10	15233773	15237044	-1
ENSAPLG00000005356	5	60510000	60528090	1
ENSAPLG00000012088	PEDO01018840.1	1322	1951	-1
ENSAPLG00000021388	PEDO01005916.1	378	1467	-1
ENSAPLG00000011195	3	113757559	113803699	1
ENSAPLG00000017436	Z	14319418	14328718	1
ENSAPLG00000009205	2	15813267	15829527	1
ENSAPLG00000012625	18	3828643	3835399	1
ENSAPLG00000029922	PEDO01019027.1	1699	5059	1
ENSAPLG00000003177	5	61057739	61104742	1
ENSAPLG00000004246	19	8904512	8909519	1
ENSAPLG00000006829	PEDO01013183.1	21	4221	1
ENSAPLG00000015757	3	80536161	80579159	1
ENSAPLG00000010837	11	12872636	12982844	-1
ENSAPLG00000015147	14	16252970	16258450	1
ENSAPLG00000008170	29	3759963	3786362	-1
ENSAPLG00000006214	PEDO01013259.1	52	3633	1
ENSAPLG00000002569	14	17047213	17109195	-1
ENSAPLG00000023033	PEDO01014601.1	79	1206	1
ENSAPLG00000002999	14	17129904	17153502	-1
ENSAPLG00000017116	PEDO01000234.1	819152	821183	1
ENSAPLG00000014558	27	4406106	4421059	-1
ENSAPLG00000001598	29	4039625	4046140	-1
ENSAPLG00000012081	7	36259471	36460191	1
ENSAPLG00000011934	1	39053905	39072889	1
ENSAPLG00000009155	14	17325760	17345599	1
ENSAPLG00000010917	1	122734608	122745543	-1
ENSAPLG00000008110	PEDO01013281.1	80338	102861	-1
ENSAPLG00000006885	18	6394548	6399281	1
ENSAPLG00000010099	3	47026220	47084843	1
ENSAPLG00000015731	PEDO01003518.1	51658	56225	-1
ENSAPLG00000015733	PEDO01003518.1	57812	63693	1
ENSAPLG00000010094	PEDO01019165.1	9876	14683	1
ENSAPLG00000007158	29	4565678	4620526	-1
ENSAPLG00000016523	19	10096242	10101858	-1
ENSAPLG00000017558	19	10113715	10117458	-1
ENSAPLG00000005556	4	26025107	26032040	-1
ENSAPLG00000022859	PEDO01003549.1	21	1560	1
ENSAPLG00000012684	3	81972500	82021347	-1
ENSAPLG00000003920	2	111049186	111051612	1
ENSAPLG00000015799	6	20340765	20353550	-1
ENSAPLG00000001411	PEDO01000235.1	300990	302441	1
ENSAPLG00000000588	7	37407722	37417682	1
ENSAPLG00000001907	2	44806119	44811579	1
ENSAPLG00000026256	PEDO01000235.1	311227	321259	-1
ENSAPLG00000004843	18	6518286	6524099	1
ENSAPLG00000005506	Z	2781	13437	-1
ENSAPLG00000003373	18	6605206	6611270	-1
ENSAPLG00000028134	PEDO01015624.1	20940	34782	-1
ENSAPLG00000027465	PEDO01003666.1	4707	7067	-1
ENSAPLG00000000975	7	37490249	37510270	1
ENSAPLG00000005370	3	47481935	47506496	-1
ENSAPLG00000009787	5	32874741	32912588	-1
ENSAPLG00000020323	PEDO01019385.1	1820	4673	-1
ENSAPLG00000021879	PEDO01014837.1	1463	9719	1
ENSAPLG00000019306	2	111563042	111564103	1
ENSAPLG00000024896	PEDO01019404.1	2793	13818	1
ENSAPLG00000018959	PEDO01014852.1	21	1781	1
ENSAPLG00000017050	5	33176108	33185936	-1
ENSAPLG00000016451	Z	426470	439016	1
ENSAPLG00000030519	PEDO01014928.1	21	2454	-1
ENSAPLG00000025272	PEDO01000236.1	510809	535695	-1
ENSAPLG00000010291	7	37664735	37675436	-1
ENSAPLG00000031101	7	37675763	37682754	1
ENSAPLG00000010410	7	37685221	37702772	1
ENSAPLG00000011094	7	37719586	37725721	1
ENSAPLG00000002904	19	11838929	11879989	-1
ENSAPLG00000012394	10	17808534	17833001	1
ENSAPLG00000021918	PEDO01015083.1	3203	7570	1
ENSAPLG00000021478	3	47691584	47714652	1
ENSAPLG00000014144	4	49720284	49769321	-1
ENSAPLG00000027360	1	5666937	5686150	1
ENSAPLG00000025400	PEDO01019543.1	21995	35449	-1
ENSAPLG00000010071	4	27340873	27374770	-1
ENSAPLG00000011179	2	17062439	17107599	-1
ENSAPLG00000021783	18	7799618	7801650	-1
ENSAPLG00000004522	3	47784580	47984659	1
ENSAPLG00000020579	4	27674588	27698379	-1
ENSAPLG00000019717	2	45166495	45167565	-1
ENSAPLG00000005616	1	5800149	5811701	-1
ENSAPLG00000020475	PEDO01009371.1	20503	30408	1
ENSAPLG00000010293	7	38371692	38381396	-1
ENSAPLG00000023562	PEDO01009393.1	21	5115	-1
ENSAPLG00000024544	PEDO01006398.1	15473	20194	1
ENSAPLG00000004813	1	123616876	123627341	1
ENSAPLG00000005396	18	8123255	8128564	-1
ENSAPLG00000001860	2	17688505	17690724	-1
ENSAPLG00000028429	PEDO01001426.1	441	1944	-1
ENSAPLG00000008430	11	17678698	17700448	1
ENSAPLG00000027427	PEDO01015161.1	261	756	1
ENSAPLG00000006441	2	112503586	112602504	-1
ENSAPLG00000013921	1	93760577	93784936	1
ENSAPLG00000012822	6	70406	83569	-1
ENSAPLG00000004377	PEDO01015202.1	101	1368	1
ENSAPLG00000004420	1	93805731	93848098	1
ENSAPLG00000012011	2	45626662	45643247	1
ENSAPLG00000029228	2	45652566	45657861	-1
ENSAPLG00000006978	11	17936222	18103291	-1
ENSAPLG00000025655	Z	772767	775413	1
ENSAPLG00000012605	2	45716633	45728440	-1
ENSAPLG00000025983	PEDO01015857.1	16	910	1
ENSAPLG00000014912	1	40713743	40985681	1
ENSAPLG00000020802	PEDO01015861.1	1092	5509	1
ENSAPLG00000012803	2	45746350	45780986	-1
ENSAPLG00000014932	PEDO01015861.1	5963	10844	1
ENSAPLG00000008998	15	788846	903744	-1
ENSAPLG00000022175	19	12206997	12208333	1
ENSAPLG00000013945	13	14311675	14326408	-1
ENSAPLG00000015427	19	12259389	12268200	-1
ENSAPLG00000002782	1	62784722	62804330	1
ENSAPLG00000004801	Z	18238360	18272617	-1
ENSAPLG00000005213	21	4363782	4378221	-1
ENSAPLG00000015982	19	12341990	12345029	1
ENSAPLG00000016029	19	12345009	12354385	-1
ENSAPLG00000009322	1	7015411	7114789	1
ENSAPLG00000007122	4	50364115	50553393	1
ENSAPLG00000001284	4	50582703	50583665	1
ENSAPLG00000012029	6	21627187	21937128	-1
ENSAPLG00000002669	Z	1212321	1411437	-1
ENSAPLG00000024151	3	17483778	17490147	-1
ENSAPLG00000015158	13	2016534	2039353	1
ENSAPLG00000025490	PEDO01000530.1	21	3089	-1
ENSAPLG00000012304	3	17637940	17645517	1
ENSAPLG00000025402	3	17674303	17677590	-1
ENSAPLG00000014081	15	17415247	17497845	-1
ENSAPLG00000005277	3	85588747	85596894	-1
ENSAPLG00000024200	21	5516326	5519530	-1
ENSAPLG00000015452	13	2314399	2382598	1
ENSAPLG00000001610	PEDO01001487.1	5343	9750	1
ENSAPLG00000010446	1	7837968	7952258	1
ENSAPLG00000004980	3	116261505	116368067	1
ENSAPLG00000029816	3	50309682	50430662	1
ENSAPLG00000010066	3	50433736	50448948	1
ENSAPLG00000001299	2	46706501	46761477	1
ENSAPLG00000030332	PEDO01009780.1	113	1559	1
ENSAPLG00000010016	3	18365982	18433365	-1
ENSAPLG00000002210	21	6064637	6068224	1
ENSAPLG00000027519	21	6077862	6096156	1
ENSAPLG00000012773	20	461007	462374	-1
ENSAPLG00000012383	20	470631	471660	1
ENSAPLG00000026542	PEDO01001588.1	2355	4391	1
ENSAPLG00000021881	PEDO01001588.1	11195	13165	-1
ENSAPLG00000009424	Z	19089280	19147477	1
ENSAPLG00000004271	5	33306488	33357431	1
ENSAPLG00000015151	13	16784897	17103079	1
ENSAPLG00000013876	13	3085091	3117646	1
ENSAPLG00000017771	3	51000107	51040038	-1
ENSAPLG00000005063	1	41950529	41956149	-1
ENSAPLG00000014765	3	86667816	86720863	-1
ENSAPLG00000005973	13	17329198	17404071	1
ENSAPLG00000007123	1	95017293	95094834	1
ENSAPLG00000029767	PEDO01009872.1	3695	5201	-1
ENSAPLG00000020378	3	87097706	87113950	-1
ENSAPLG00000003006	2	85407607	85503799	1
ENSAPLG00000003600	1	156502667	156539116	1
ENSAPLG00000020749	1	156572853	156592902	-1
ENSAPLG00000003118	8	1133627	1184533	1
ENSAPLG00000013916	13	3996393	4142519	-1
ENSAPLG00000031012	1	42279826	42292255	-1
ENSAPLG00000011744	1	156696447	156720405	1
ENSAPLG00000002423	5	11283609	11300399	-1
ENSAPLG00000010211	6	23001494	23082283	1
ENSAPLG00000019803	3	51071438	51086628	-1
ENSAPLG00000005123	1	42387228	42392510	1
ENSAPLG00000007262	4	56570613	56580809	1
ENSAPLG00000004635	20	2875275	2994745	1
ENSAPLG00000005084	20	3023761	3032762	-1
ENSAPLG00000030115	1	156967036	156997555	1
ENSAPLG00000004041	6	23329936	23357231	-1
ENSAPLG00000022184	PEDO01016337.1	4922	6015	-1
ENSAPLG00000015242	Z	4537612	4547995	1
ENSAPLG00000006371	5	12188522	12238398	-1
ENSAPLG00000022144	3	20806528	20813529	-1
ENSAPLG00000005464	13	19448123	19452090	1
ENSAPLG00000009031	13	4363615	4387726	-1
ENSAPLG00000013839	PEDO01006690.1	171	3386	-1
ENSAPLG00000005874	13	19512812	19548423	-1
ENSAPLG00000004840	1	10701161	10735095	-1
ENSAPLG00000004267	2	85608666	85717127	-1
ENSAPLG00000013568	PEDO01016465.1	21	5277	-1
ENSAPLG00000027938	13	4511923	4537800	1
ENSAPLG00000006442	4	32497183	32553140	-1
ENSAPLG00000007508	1	64543110	64556726	1
ENSAPLG00000012275	1	11814494	11868631	-1
ENSAPLG00000003895	1	43463591	43468961	-1
ENSAPLG00000008292	4	1116364	1158043	-1
ENSAPLG00000008836	1	157937299	158056885	1
ENSAPLG00000012045	8	2220811	2563107	-1
ENSAPLG00000023763	5	34102416	34103287	1
ENSAPLG00000007004	2	117616742	117640285	-1
ENSAPLG00000016231	1	158075308	158219388	1
ENSAPLG00000006427	3	21357472	21419897	-1
ENSAPLG00000021833	PEDO01006810.1	2088	8520	-1
ENSAPLG00000006265	24	6602315	6608494	-1
ENSAPLG00000014713	10	20760158	20765989	-1
ENSAPLG00000021516	Z	50807075	50810303	1
ENSAPLG00000006769	24	6657692	6664761	-1
ENSAPLG00000002945	1	158237155	158248636	1
ENSAPLG00000012030	1	65377447	65508536	-1
ENSAPLG00000002834	1	158263439	158270994	1
ENSAPLG00000013519	5	15079987	15117596	-1
ENSAPLG00000012106	1	12279533	12300786	1
ENSAPLG00000012518	11	20382250	20398803	1
ENSAPLG00000014817	21	6900580	6928847	1
ENSAPLG00000015303	1	43887795	43911266	1
ENSAPLG00000019807	5	15455624	15456796	-1
ENSAPLG00000006084	6	24432142	24475630	-1
ENSAPLG00000014219	Z	51707899	51779784	1
ENSAPLG00000012571	5	15540776	15624210	1
ENSAPLG00000011317	1	12456661	12742790	-1
ENSAPLG00000004038	11	20717596	20746317	-1
ENSAPLG00000012207	5	15641197	15708607	-1
ENSAPLG00000013956	1	44144465	44155909	-1
ENSAPLG00000026209	1	125555789	125557525	-1
ENSAPLG00000014857	7	11238374	11245263	1
ENSAPLG00000005371	13	5990718	6004690	-1
ENSAPLG00000015518	8	3304765	3311764	-1
ENSAPLG00000003392	Z	51949814	51965307	1
ENSAPLG00000025167	PEDO01010483.1	2913	4747	-1
ENSAPLG00000026762	16	5074683	5087945	-1
ENSAPLG00000013129	5	34305664	34311596	1
ENSAPLG00000016375	24	7402545	7411519	-1
ENSAPLG00000027306	4	3776918	3791777	-1
ENSAPLG00000004896	11	1383412	1414568	-1
ENSAPLG00000019711	1	159011613	159086047	-1
ENSAPLG00000025617	13	6345736	6353898	1
ENSAPLG00000006234	3	52006135	52058815	-1
ENSAPLG00000000990	16	5634134	5669742	1
ENSAPLG00000006774	5	16300880	16321914	1
ENSAPLG00000014604	21	6932929	6955479	1
ENSAPLG00000030899	PEDO01010646.1	1123	9579	-1
ENSAPLG00000004656	4	4186159	4233456	1
ENSAPLG00000008040	2	52071764	52085841	1
ENSAPLG00000008403	Z	24351693	24368160	-1
ENSAPLG00000001914	27	4912218	4912520	-1
ENSAPLG00000006699	13	7220142	7270852	1
ENSAPLG00000009450	1	95820677	95842068	1
ENSAPLG00000026428	9	21120172	21201153	1
ENSAPLG00000001429	27	5412156	5423799	1
ENSAPLG00000010480	9	21227519	21258980	1
ENSAPLG00000020861	21	7473010	7475054	1
ENSAPLG00000013153	25	98632	100884	1
ENSAPLG00000012959	3	93868544	93956120	-1
ENSAPLG00000006247	13	7272063	7297371	-1
ENSAPLG00000006385	5	16556396	16777690	1
ENSAPLG00000009459	1	96175649	96430500	-1
ENSAPLG00000007174	5	34574748	34592616	1
ENSAPLG00000025244	2	120341893	120358182	-1
ENSAPLG00000011879	25	195217	203244	1
ENSAPLG00000005922	1	13610263	13642518	1
ENSAPLG00000018131	27	5494286	5508579	-1
ENSAPLG00000008951	2	90630961	90659052	1
ENSAPLG00000005452	2	53188037	53192240	1
ENSAPLG00000007259	21	8036747	8130481	-1
ENSAPLG00000004278	1	45920608	45957436	1
ENSAPLG00000028889	6	4656417	4664470	-1
ENSAPLG00000012134	9	21860121	21895201	1
ENSAPLG00000025844	6	4761148	4773351	-1
ENSAPLG00000013483	1	160301830	160330557	-1
ENSAPLG00000006537	6	4851866	4858741	1
ENSAPLG00000024691	6	4866320	4868245	1
ENSAPLG00000007195	6	4877810	4883025	1
ENSAPLG00000027132	6	4887674	4888491	1
ENSAPLG00000017129	Z	7827766	8074580	-1
ENSAPLG00000014759	27	5704147	5716553	-1
ENSAPLG00000014351	27	5733639	5743528	-1
ENSAPLG00000027048	5	34694193	34695431	-1
ENSAPLG00000015453	1	46274316	46409801	1
ENSAPLG00000016424	1	97948055	98110674	1
ENSAPLG00000007371	3	54237130	54262397	1
ENSAPLG00000020196	PEDO01007440.1	12	659	1
ENSAPLG00000023856	5	17191410	17203095	-1
ENSAPLG00000013347	9	22230879	22274536	-1
ENSAPLG00000004421	5	34770396	34782699	-1
ENSAPLG00000012920	12	156791	195127	-1
ENSAPLG00000011748	27	5994723	6001031	-1
ENSAPLG00000009852	6	5293365	5299693	1
ENSAPLG00000016379	2	54028778	54043118	1
ENSAPLG00000025569	2	54049930	54057470	-1
ENSAPLG00000008382	3	54430591	54440681	1
ENSAPLG00000010871	6	5442015	5703281	1
ENSAPLG00000010460	1	14383082	14466920	-1
ENSAPLG00000023187	2	54651832	54709502	-1
ENSAPLG00000010399	6	29595616	29654496	-1
ENSAPLG00000016332	13	8366903	8472708	1
ENSAPLG00000006648	1	99005304	99540917	1
ENSAPLG00000012979	1	69448511	69454255	1
ENSAPLG00000016328	13	8410582	8416267	-1
ENSAPLG00000005272	1	161835125	161870615	-1
ENSAPLG00000015970	5	17771593	17807380	1
ENSAPLG00000010131	27	6144511	6174220	-1
ENSAPLG00000015062	5	35457080	35491015	1
ENSAPLG00000008706	18	9191542	9196933	-1
ENSAPLG00000004919	1	161886422	161914849	-1
ENSAPLG00000003865	25	1376904	1397145	-1
ENSAPLG00000012993	6	6535780	6966178	1
ENSAPLG00000018100	Z	26125654	26127021	1
ENSAPLG00000004717	1	161936004	161950429	-1
ENSAPLG00000008903	Z	9897930	9937585	1
ENSAPLG00000006085	18	9366181	9378453	-1
ENSAPLG00000006895	9	23979395	24011026	-1
ENSAPLG00000008932	12	2348210	2363739	-1
ENSAPLG00000001665	3	94867619	94868758	-1
ENSAPLG00000014313	18	9806583	9810944	1
ENSAPLG00000024467	PEDO01011183.1	132	597	1
ENSAPLG00000011338	1	69858809	69881113	1
ENSAPLG00000014530	5	35652060	35991226	-1
ENSAPLG00000020636	PEDO01004257.1	21	3884	1
ENSAPLG00000028948	9	24504173	24507830	1
ENSAPLG00000024111	PEDO01004275.1	21	1783	1
ENSAPLG00000013141	1	127145745	127159181	1
ENSAPLG00000012345	2	20634897	20668220	-1
ENSAPLG00000012332	2	20670831	20707144	-1
ENSAPLG00000002049	4	40369717	40372173	-1
ENSAPLG00000007444	4	40445144	40468415	-1
ENSAPLG00000004384	28	733202	739812	1
ENSAPLG00000012816	5	18784269	18802627	1
ENSAPLG00000012752	5	18807777	18810885	1
ENSAPLG00000029441	6	31042188	31054136	1
ENSAPLG00000013984	1	47576720	47618330	1
ENSAPLG00000002397	8	8296674	8298836	-1
ENSAPLG00000013979	1	47637296	47647275	1
ENSAPLG00000006136	21	8270241	8274264	-1
ENSAPLG00000010278	Z	27290032	27305431	1
ENSAPLG00000016315	1	162401785	162452677	-1
ENSAPLG00000030918	Z	27413967	27482545	-1
ENSAPLG00000009887	1	48222338	48254451	1
ENSAPLG00000005188	6	9389214	9434400	-1
ENSAPLG00000003619	28	1106052	1116851	-1
ENSAPLG00000000862	4	61254299	61267211	-1
ENSAPLG00000013340	8	8472743	8486379	1
ENSAPLG00000012212	2	20765513	20796037	-1
ENSAPLG00000008691	21	8674472	8745022	1
ENSAPLG00000011740	9	25593119	25606036	1
ENSAPLG00000003064	16	5790230	5800446	1
ENSAPLG00000006994	21	8882101	8897568	-1
ENSAPLG00000005725	16	5915398	5922447	1
ENSAPLG00000005647	6	9701483	9703440	1
ENSAPLG00000021922	PEDO01004646.1	21	1039	-1
ENSAPLG00000021636	12	3599194	3600009	-1
ENSAPLG00000013046	1	127603035	127708073	1
ENSAPLG00000024795	25	3750187	3761715	1
ENSAPLG00000009819	PEDO01004737.1	637	6149	-1
ENSAPLG00000002371	1	127750757	127751362	-1
ENSAPLG00000010087	1	70739552	70827792	-1
ENSAPLG00000013935	13	20665017	20712332	-1
ENSAPLG00000000582	20	4062861	4234764	1
ENSAPLG00000007078	4	41320036	41324708	1
ENSAPLG00000030007	3	56622501	56631470	1
ENSAPLG00000006723	11	5560750	5593899	-1
ENSAPLG00000028652	21	9465348	9475114	-1
ENSAPLG00000002302	3	56703822	56714711	-1
ENSAPLG00000007483	4	41347255	41516480	1
ENSAPLG00000002012	3	56943490	56961787	1
ENSAPLG00000009944	2	142903180	143065872	-1
ENSAPLG00000000725	25	4257621	4267275	1
ENSAPLG00000029502	1	101080012	101084824	1
ENSAPLG00000004139	1	128202224	128215041	-1
ENSAPLG00000002422	21	9900534	9906012	1
ENSAPLG00000009933	2	143093780	143254167	-1
ENSAPLG00000031248	25	4321359	4324223	1
ENSAPLG00000009749	2	143347889	143356813	-1
ENSAPLG00000005331	12	4019730	4032830	-1
ENSAPLG00000010163	21	9985841	10022760	1
ENSAPLG00000019811	2	143413794	143433048	1
ENSAPLG00000006728	2	143507504	143512139	1
ENSAPLG00000005046	12	4206915	4220034	1
ENSAPLG00000013221	6	11527052	11534890	-1
ENSAPLG00000004959	12	4239377	4263747	1
ENSAPLG00000006753	2	123411950	123423449	-1
ENSAPLG00000008204	16	6238970	6248993	-1
ENSAPLG00000012971	13	20808954	20817142	1
ENSAPLG00000012513	21	10091326	10094031	1
ENSAPLG00000014462	6	11796356	11907192	-1
ENSAPLG00000008422	4	41750513	41751812	1
ENSAPLG00000003819	2	57409839	57443231	-1
ENSAPLG00000003875	2	57508199	57529311	-1
ENSAPLG00000013623	Z	60369519	60528059	1
ENSAPLG00000012455	2	21590921	21697963	1
ENSAPLG00000016065	19	1935228	1977437	-1
ENSAPLG00000007276	3	21925016	21996028	-1
ENSAPLG00000020696	PEDO01002736.1	21	2679	1
ENSAPLG00000003879	12	4901070	4965524	-1
ENSAPLG00000014652	21	11436601	11436899	1
ENSAPLG00000027155	Z	60601517	60605698	-1
ENSAPLG00000003809	12	4988846	5016851	-1
ENSAPLG00000003788	12	5045156	5080268	-1
ENSAPLG00000010667	25	5204595	5214788	-1
ENSAPLG00000002562	21	11770426	11786808	1
ENSAPLG00000028235	25	5212282	5212378	-1
ENSAPLG00000011028	5	38258547	38261425	-1
ENSAPLG00000008748	20	5234450	5267430	1
ENSAPLG00000009518	4	11182876	11294284	1
ENSAPLG00000011142	2	94998392	95001928	1
ENSAPLG00000004556	19	3192551	3229201	1
ENSAPLG00000027650	20	5598133	5600531	-1
ENSAPLG00000010277	4	11297016	11328061	-1
ENSAPLG00000011810	4	11334536	11355963	-1
ENSAPLG00000011502	4	11339322	11343465	1
ENSAPLG00000007896	3	58308968	58385301	1
ENSAPLG00000029768	21	12345233	12358123	-1
ENSAPLG00000017304	5	38780980	38782876	-1
ENSAPLG00000027882	3	97378377	97383997	1
ENSAPLG00000013041	14	1337553	1574652	-1
ENSAPLG00000005505	2	124435482	124461487	1
ENSAPLG00000011840	3	97527648	97562978	1
ENSAPLG00000013113	1	72570208	72620362	-1
ENSAPLG00000011170	5	39129699	39287318	1
ENSAPLG00000013890	Z	61659092	61732398	1
ENSAPLG00000016454	1	19107711	19112104	-1
ENSAPLG00000004845	2	124750070	124755088	1
ENSAPLG00000004829	2	124821606	124907232	-1
ENSAPLG00000006075	2	144421013	144430090	-1
ENSAPLG00000011486	1	167912736	167915258	1
ENSAPLG00000025694	28	2419596	2423020	-1
ENSAPLG00000003299	12	6742504	6833264	1
ENSAPLG00000010270	6	14307877	14315633	1
ENSAPLG00000011054	3	98153915	98176527	1
ENSAPLG00000003760	14	3541174	4212991	1
ENSAPLG00000009751	1	73197020	73211239	1
ENSAPLG00000009457	3	59439252	59495836	-1
ENSAPLG00000004462	1	20487036	20517934	-1
ENSAPLG00000000775	3	22901705	22907361	1
ENSAPLG00000007112	2	127494218	127496450	-1
ENSAPLG00000017178	1	106146102	106153671	-1
ENSAPLG00000002963	25	5889235	5974407	-1
ENSAPLG00000005387	1	133491877	133499061	1
ENSAPLG00000008652	1	106146385	106225706	-1
ENSAPLG00000001160	1	193254593	193255917	-1
ENSAPLG00000004955	25	6117506	6296444	-1
ENSAPLG00000006597	2	128104271	128145922	1
ENSAPLG00000004669	Z	29644660	29655487	1
ENSAPLG00000008027	3	23849816	24034992	1
ENSAPLG00000008375	1	133766369	133789553	1
ENSAPLG00000004644	4	65702032	65757657	1
ENSAPLG00000009010	2	97198159	97211611	-1
ENSAPLG00000010386	21	14582661	14604479	1
ENSAPLG00000013257	4	65922058	66049390	1
ENSAPLG00000003393	4	44086509	44093322	-1
ENSAPLG00000015825	1	22391108	22396795	-1
ENSAPLG00000010933	3	98836564	98864718	1
ENSAPLG00000011440	20	6296684	6303701	1
ENSAPLG00000031029	5	25175091	25314687	-1
ENSAPLG00000029865	20	6354271	6355530	-1
ENSAPLG00000029298	2	129629849	129634155	-1
ENSAPLG00000016183	2	129641095	129652276	1
ENSAPLG00000013187	28	3182176	3345377	-1
ENSAPLG00000013997	2	146784961	146787752	1
ENSAPLG00000013179	4	66281733	66471854	-1
ENSAPLG00000003211	2	129792344	129809954	1
ENSAPLG00000014516	14	4404413	4651834	-1
ENSAPLG00000029165	3	99381294	99383071	-1
ENSAPLG00000013309	28	3187578	3196482	-1
ENSAPLG00000000687	2	147541587	147582741	-1
ENSAPLG00000000904	1	194095348	194123855	1
ENSAPLG00000015210	7	69219	75666	-1
ENSAPLG00000015959	3	99504017	99517915	-1
ENSAPLG00000007120	4	66774623	66820566	-1
ENSAPLG00000019226	25	6890524	6892146	-1
ENSAPLG00000018191	14	5013161	5040527	1
ENSAPLG00000021906	20	6819481	6823649	-1
ENSAPLG00000001466	3	61098326	61158382	1
ENSAPLG00000002252	2	24426852	24431624	-1
ENSAPLG00000011852	14	5295063	5326088	-1
ENSAPLG00000003497	4	44866322	44893912	1
ENSAPLG00000008499	21	14941576	14949815	-1
ENSAPLG00000005493	2	147971518	148088075	-1
ENSAPLG00000018868	1	135047495	135053641	-1
ENSAPLG00000004054	4	44969990	45022541	1
ENSAPLG00000015199	19	3974360	3987179	-1
ENSAPLG00000020281	5	40462152	40464106	1
ENSAPLG00000016403	1	74554331	74565257	-1
ENSAPLG00000013451	1	173578478	173992244	-1
ENSAPLG00000014502	Z	66816677	66879945	1
ENSAPLG00000011169	2	25161234	25198254	1
ENSAPLG00000003908	5	26208927	26223145	1
ENSAPLG00000012543	1	175037575	175171491	1
ENSAPLG00000002127	2	102323566	102324543	-1
ENSAPLG00000009561	4	15801973	15823577	1
ENSAPLG00000010243	1	52077971	52096515	-1
ENSAPLG00000016393	4	15862223	15872161	-1
ENSAPLG00000016438	1	74632259	74637317	-1
ENSAPLG00000005831	3	24400543	24419915	1
ENSAPLG00000011342	1	108518850	108528318	1
ENSAPLG00000012819	5	41144079	41151200	1
ENSAPLG00000014613	1	52258834	52270932	-1
ENSAPLG00000009381	1	175579406	175604190	1
ENSAPLG00000006913	25	7559206	7563113	-1
ENSAPLG00000015678	2	25521018	25530274	-1
ENSAPLG00000009347	1	52312143	52427045	-1
ENSAPLG00000028338	5	41525098	41545224	-1
ENSAPLG00000015602	5	27002769	27021540	-1
ENSAPLG00000015076	7	1756337	1769377	1
ENSAPLG00000013477	3	25432790	25570377	-1
ENSAPLG00000009197	2	62433917	62461179	1
ENSAPLG00000010999	4	46465279	46499224	1
ENSAPLG00000016272	Z	67918279	68000930	1
ENSAPLG00000014055	7	3234587	3339940	1
ENSAPLG00000024306	7	3381335	3389344	-1
ENSAPLG00000003551	Z	68020316	68056172	1
ENSAPLG00000023296	7	3549422	3585297	1
ENSAPLG00000013226	7	3587344	3608452	1
ENSAPLG00000015760	Z	68266917	68273067	-1
ENSAPLG00000003010	2	26663611	26727047	-1
ENSAPLG00000010894	1	25608151	25678023	-1
ENSAPLG00000000660	20	7835077	7905092	-1
ENSAPLG00000016426	4	72167630	72248546	1
ENSAPLG00000012247	7	3787219	3826802	1
ENSAPLG00000023146	1	53025443	53037072	1
ENSAPLG00000011271	4	16055353	16276211	1
ENSAPLG00000011566	3	104239651	104240505	1
ENSAPLG00000007737	2	103025231	103051010	1
ENSAPLG00000016250	2	27911770	27915011	-1
ENSAPLG00000012143	1	25918698	26060649	1
ENSAPLG00000010854	1	138049018	138074510	1
ENSAPLG00000008578	4	16562304	16595252	1
ENSAPLG00000013021	1	138727100	138816408	1
ENSAPLG00000005205	7	12482711	12536236	-1
ENSAPLG00000002645	4	17105354	17201367	1
ENSAPLG00000005260	1	195248745	195260824	-1
ENSAPLG00000002805	1	76675951	76824914	1
ENSAPLG00000005508	14	7504361	7512552	-1
ENSAPLG00000002735	7	12700636	12781863	-1
ENSAPLG00000003839	14	7718866	7721446	-1
ENSAPLG00000015912	4	17343639	17474030	1
ENSAPLG00000013453	Z	34236291	34246475	-1
ENSAPLG00000007690	26	163430	170180	-1
ENSAPLG00000031009	2	63859859	63864507	-1
ENSAPLG00000026380	3	28216213	28218554	-1
ENSAPLG00000004876	2	103630813	103651348	1
ENSAPLG00000018242	2	155409624	155413878	-1
ENSAPLG00000011236	4	17781893	17799265	1
ENSAPLG00000006129	2	28672825	28719942	1
ENSAPLG00000016204	1	53679304	53687518	1
ENSAPLG00000010977	4	17838589	17916373	1
ENSAPLG00000004077	2	103693523	103816292	-1
ENSAPLG00000016241	1	53708113	53725113	1
ENSAPLG00000007165	5	29730692	29755336	1
ENSAPLG00000001966	7	13485478	13487441	-1
ENSAPLG00000003607	21	15042695	15060726	-1
ENSAPLG00000004523	4	74149628	74280081	1
ENSAPLG00000015669	2	138169354	138220850	1
ENSAPLG00000026795	1	139461317	139465122	1
ENSAPLG00000008890	1	195838820	195972779	1
ENSAPLG00000015094	14	8835484	8838053	-1
ENSAPLG00000015764	15	5245524	5247914	-1
ENSAPLG00000022348	1	53819880	53825730	-1
ENSAPLG00000015987	2	104001228	104095986	-1
ENSAPLG00000008185	5	29975021	29988025	1
ENSAPLG00000014920	2	138383975	138838267	-1
ENSAPLG00000002526	26	461057	471815	1
ENSAPLG00000008265	1	54344265	54349924	-1
ENSAPLG00000011206	21	15535359	15548245	1
ENSAPLG00000007792	1	113357525	113484406	1
ENSAPLG00000016297	1	113867080	114209156	1
ENSAPLG00000010381	1	29584749	29831590	1
ENSAPLG00000011547	7	14442592	14477358	-1
ENSAPLG00000011265	1	29852101	30122382	1
ENSAPLG00000017996	26	640680	660975	1
ENSAPLG00000005130	5	47563704	47584819	-1
ENSAPLG00000014106	16	11303779	11323968	1
ENSAPLG00000009204	3	30761759	30771814	-1
ENSAPLG00000005285	5	47613321	47658340	-1
ENSAPLG00000010356	2	65444577	65493084	1
ENSAPLG00000013296	3	31077096	31125507	1
ENSAPLG00000012624	26	706982	710691	-1
ENSAPLG00000005382	1	182721603	182769124	1
ENSAPLG00000012768	26	714743	717575	-1
ENSAPLG00000010406	2	65528533	65557715	1
ENSAPLG00000006616	Z	35090704	35504470	1
ENSAPLG00000013634	1	78995058	79023497	-1
ENSAPLG00000001977	1	79115562	79117007	1
ENSAPLG00000006493	Z	35515617	35563575	1
ENSAPLG00000008305	1	140806385	141071629	1
ENSAPLG00000008465	5	30762312	30781476	1
ENSAPLG00000005745	Z	35637565	35641817	-1
ENSAPLG00000009367	5	48087875	48188580	-1
ENSAPLG00000004885	Z	35767607	35790367	1
ENSAPLG00000017168	1	56175202	56226106	1
ENSAPLG00000006070	Z	72419345	72465776	-1
ENSAPLG00000013937	3	68615641	68691491	1
ENSAPLG00000003531	Z	36356382	36369918	-1
ENSAPLG00000017936	Z	72926363	72961043	1
ENSAPLG00000027672	Z	72966935	72968800	-1
ENSAPLG00000002317	16	11955414	11970342	1
ENSAPLG00000004779	15	7336475	7351067	-1
ENSAPLG00000007236	Z	73045836	73070614	-1
ENSAPLG00000004866	1	79668785	79676085	1
ENSAPLG00000005104	1	141488585	141510843	-1
ENSAPLG00000003456	15	7673415	7694317	-1
ENSAPLG00000029698	15	7820515	7827991	1
ENSAPLG00000000958	15	7838239	7842634	-1
ENSAPLG00000016302	15	7847562	7853241	1
ENSAPLG00000008067	8	10381910	10387576	-1
ENSAPLG00000011678	1	30992385	31203516	1
ENSAPLG00000016299	15	7862813	7866149	-1
ENSAPLG00000007117	16	12384294	12440109	-1
ENSAPLG00000011297	1	31235438	31380187	-1
ENSAPLG00000014928	Z	36684319	36904096	-1
ENSAPLG00000005501	1	79705151	79715100	1
ENSAPLG00000006077	1	79717793	79725034	-1
ENSAPLG00000008579	16	12816761	12823338	1
ENSAPLG00000009988	1	198677437	198684071	-1
ENSAPLG00000006875	1	56967669	56978947	1
ENSAPLG00000013888	14	11195085	11225608	1
ENSAPLG00000014165	Z	37195742	37264972	1
ENSAPLG00000016364	Z	74644519	74913610	1
ENSAPLG00000011214	2	32879849	32940071	-1
ENSAPLG00000011843	1	57079799	57164747	-1
ENSAPLG00000007675	1	199020520	199078756	1
ENSAPLG00000016034	Z	75111403	75215399	-1
ENSAPLG00000017196	1	31888936	31903646	-1
ENSAPLG00000002698	5	2043826	2081423	1
ENSAPLG00000005596	1	80172015	80201340	1
ENSAPLG00000003818	2	68454594	68492499	-1
ENSAPLG00000013290	2	33309663	33416817	-1
ENSAPLG00000012658	8	11198263	11221534	-1
ENSAPLG00000013308	8	11260322	11280722	1
ENSAPLG00000014184	8	11356936	11446584	-1
ENSAPLG00000014262	3	33723918	33748296	-1
ENSAPLG00000004223	1	199616293	200105239	-1
ENSAPLG00000016221	1	57820734	57840908	-1
ENSAPLG00000006296	Z	76262165	76275313	1
ENSAPLG00000006014	1	81201921	81239262	-1
ENSAPLG00000003561	3	34529670	34543299	-1
ENSAPLG00000003279	8	12646723	12707302	1
ENSAPLG00000012753	15	8407344	8424046	-1
ENSAPLG00000012425	15	8438396	8451270	1
ENSAPLG00000007209	1	82254897	82292184	-1
ENSAPLG00000015000	8	12802765	12812210	-1
ENSAPLG00000022038	1	202042459	202051615	-1
ENSAPLG00000030443	3	35571378	35600653	1
ENSAPLG00000010511	5	53549520	53556535	1
ENSAPLG00000009256	Z	39124479	39191388	-1
ENSAPLG00000010884	2	36592880	36616534	1
ENSAPLG00000027059	1	82846091	82851724	1
ENSAPLG00000008627	Z	39399349	39422770	-1
ENSAPLG00000023730	22	6327787	6329182	1
ENSAPLG00000029863	22	6330156	6332698	1
ENSAPLG00000002995	22	6334307	6336409	1
ENSAPLG00000015180	22	6394628	6473026	1
ENSAPLG00000011285	1	83196079	83220297	-1
ENSAPLG00000004527	22	7239289	7250920	1
ENSAPLG00000009748	7	20184971	20199241	1
ENSAPLG00000004060	11	7081433	7182577	1
ENSAPLG00000010062	7	20218328	20240322	-1
ENSAPLG00000008337	1	83859168	83890890	1
ENSAPLG00000029152	22	7555161	7563732	1
ENSAPLG00000020592	7	20336627	20357327	1
ENSAPLG00000026521	7	20358108	20360372	1
ENSAPLG00000003635	11	7286357	7293767	1
ENSAPLG00000001442	3	6556824	6605540	1
ENSAPLG00000008188	23	237332	246807	1
ENSAPLG00000016232	23	456530	602416	-1
ENSAPLG00000016184	23	678128	699413	-1
ENSAPLG00000005406	3	6807655	6809202	-1
ENSAPLG00000002367	3	38635595	38640093	-1
ENSAPLG00000008709	23	1978209	1984798	-1
ENSAPLG00000014467	7	22770389	22839801	1
ENSAPLG00000016406	15	10834655	10835337	1
ENSAPLG00000011477	3	38721942	38859638	1
ENSAPLG00000010863	3	7441778	7457511	-1
ENSAPLG00000000708	2	2536577	2537824	1
ENSAPLG00000026479	8	17351071	17362983	-1
ENSAPLG00000016057	8	17506065	17560404	1
ENSAPLG00000002646	9	2191709	2217052	1
ENSAPLG00000002664	9	2221401	2241659	-1
ENSAPLG00000001467	11	7784004	7788118	1
ENSAPLG00000022037	2	2863470	2870778	-1
ENSAPLG00000011912	3	7471960	7492346	1
ENSAPLG00000005240	9	2367880	2390341	1
ENSAPLG00000005603	9	2404674	2439973	1
ENSAPLG00000028546	23	2436882	2440287	1
ENSAPLG00000014693	23	2489503	2668446	1
ENSAPLG00000004314	Z	40701925	40797144	1
ENSAPLG00000013050	23	2553107	2573335	-1
ENSAPLG00000009120	2	3445732	3581832	-1
ENSAPLG00000011388	9	2922700	3004019	1
ENSAPLG00000001395	Z	42978002	43041225	-1
ENSAPLG00000030602	2	4542452	4612877	1
ENSAPLG00000014095	23	4276848	4293704	-1
ENSAPLG00000005608	2	4785563	4809112	-1
ENSAPLG00000026818	2	4874525	4883362	1
ENSAPLG00000006111	23	4578097	4593101	-1
ENSAPLG00000006189	23	4650263	4681369	-1
ENSAPLG00000013348	9	4444300	4448597	-1
ENSAPLG00000006336	23	4768585	4776668	-1
ENSAPLG00000002774	9	4806088	4817467	-1
ENSAPLG00000015691	9	4883158	4902955	-1
ENSAPLG00000002014	24	236491	237627	-1
ENSAPLG00000001444	24	421889	422935	1
ENSAPLG00000029421	24	505646	513899	-1
ENSAPLG00000022389	24	1341691	1347038	-1
ENSAPLG00000006899	24	2747808	2787977	-1
ENSAPLG00000016409	24	2922060	2968347	-1
ENSAPLG00000005361	9	7278577	7288702	-1
ENSAPLG00000005372	9	7289306	7311563	-1
ENSAPLG00000000805	9	7570459	7947259	1
ENSAPLG00000031224	9	8486306	8694625	1
ENSAPLG00000007540	7	23796334	23898319	-1
ENSAPLG00000020418	7	24047111	24055199	-1
ENSAPLG00000005082	7	24458368	24476445	1
ENSAPLG00000020305	3	7573116	7579353	1
ENSAPLG00000013064	3	7591306	7600164	1
ENSAPLG00000001464	3	11309828	11311021	-1
ENSAPLG00000019152	PEDO01019652.1	1748	6447	1
ENSAPLG00000008381	3	11552521	11594197	1
ENSAPLG00000009817	7	28980238	28986639	-1
ENSAPLG00000011198	7	33004172	33057152	1
