ensembl_gene_id	chromosome_name	start_position	end_position	strand
ENSAPLG00000006923	1	869159	916130	1
ENSAPLG00000007418	1	946048	979990	1
ENSAPLG00000009754	1	1009974	1030196	1
ENSAPLG00000006979	1	58078027	58136733	1
ENSAPLG00000013570	5	31592056	31603618	-1
ENSAPLG00000003498	5	2272109	2296569	1
ENSAPLG00000003356	12	7452543	7467141	1
ENSAPLG00000006787	7	33640403	33649792	-1
ENSAPLG00000010867	21	15557852	15565656	-1
ENSAPLG00000013582	5	31625732	31643034	-1
ENSAPLG00000014881	1	145663578	145665759	1
ENSAPLG00000006444	Z	11714084	11788824	-1
ENSAPLG00000001754	3	39991158	40028947	1
ENSAPLG00000018146	19	4007131	4021856	-1
ENSAPLG00000008457	16	12910863	12919049	1
ENSAPLG00000023814	PEDO01019719.1	21	3561	-1
ENSAPLG00000004614	14	11345967	11616036	-1
ENSAPLG00000003193	PEDO01017650.1	40820	50864	-1
ENSAPLG00000015483	9	9470425	9478057	1
ENSAPLG00000001050	7	4218405	4267822	-1
ENSAPLG00000007520	20	9527571	9544495	-1
ENSAPLG00000015252	2	10006901	10064590	-1
ENSAPLG00000003731	1	58718135	58777934	-1
ENSAPLG00000016069	Z	12140530	12154296	-1
ENSAPLG00000013593	3	71187766	71286194	-1
ENSAPLG00000025152	PEDO01019772.1	299	4648	-1
ENSAPLG00000008655	PEDO01007543.1	6834	11878	1
ENSAPLG00000026262	PEDO01005648.1	2084	21250	1
ENSAPLG00000013210	2	105059245	105094865	1
ENSAPLG00000008976	4	18229435	18238836	1
ENSAPLG00000029148	PEDO01005654.1	2629	8390	-1
ENSAPLG00000016306	1	59127239	59131685	1
ENSAPLG00000005684	8	19556739	19697801	-1
ENSAPLG00000008103	5	54217730	54269072	1
ENSAPLG00000003217	9	9741060	9754607	-1
ENSAPLG00000012142	11	9049271	9056905	-1
ENSAPLG00000016114	PEDO01019894.1	8447	36217	-1
ENSAPLG00000013124	1	117780234	117838870	-1
ENSAPLG00000015787	16	13006611	13009613	-1
ENSAPLG00000009829	13	9356419	9360755	-1
ENSAPLG00000015111	4	47737437	47880095	1
ENSAPLG00000010393	13	9411532	9416660	1
ENSAPLG00000013790	2	10828809	10838800	1
ENSAPLG00000011367	11	9072401	9075372	-1
ENSAPLG00000031239	24	3150160	3156466	1
ENSAPLG00000013603	2	10840705	10846223	-1
ENSAPLG00000018198	PEDO01007698.1	21	2272	1
ENSAPLG00000007925	1	34822320	34833532	-1
ENSAPLG00000015473	4	47904153	47933892	1
ENSAPLG00000024884	11	9092596	9093846	1
ENSAPLG00000006172	2	140411963	140439305	-1
ENSAPLG00000014606	26	1738560	1766515	-1
ENSAPLG00000015886	5	55149226	55169282	1
ENSAPLG00000013378	3	12420324	12432786	-1
ENSAPLG00000011983	5	4357391	4360812	-1
ENSAPLG00000025910	Z	44482521	44487412	-1
ENSAPLG00000031131	10	7357696	7393988	-1
ENSAPLG00000002442	14	13059947	13070361	1
ENSAPLG00000013725	10	7429917	7477499	-1
ENSAPLG00000000580	5	55497041	55501681	-1
ENSAPLG00000015805	24	3481629	3485012	1
ENSAPLG00000019041	PEDO01013631.1	321	1667	-1
ENSAPLG00000016381	14	13103520	13106856	-1
ENSAPLG00000027259	12	9200596	9203481	-1
ENSAPLG00000026947	12	9234842	9237870	-1
ENSAPLG00000013923	14	13162827	13336293	1
ENSAPLG00000029719	PEDO01011589.1	286134	299402	-1
ENSAPLG00000016307	19	4208293	4228149	-1
ENSAPLG00000003573	2	74555048	74594588	-1
ENSAPLG00000026395	2	74624689	74648180	-1
ENSAPLG00000027117	28	3892686	3899722	1
ENSAPLG00000022959	PEDO01011608.1	21	5871	-1
ENSAPLG00000009658	26	1874142	1886874	-1
ENSAPLG00000020265	PEDO01020106.1	21	6640	-1
ENSAPLG00000004001	3	12622112	12632845	-1
ENSAPLG00000028531	PEDO01020118.1	112	1024	1
ENSAPLG00000015725	11	9629902	9759662	-1
ENSAPLG00000026352	20	10285477	10311541	1
ENSAPLG00000004476	10	8378565	8391902	-1
ENSAPLG00000012725	2	11985117	12073414	1
ENSAPLG00000008353	12	9271995	9273913	-1
ENSAPLG00000003453	8	21262340	21281855	1
ENSAPLG00000015943	11	9930097	9936732	1
ENSAPLG00000010348	PEDO01020172.1	222	2623	1
ENSAPLG00000017228	PEDO01011863.1	21	1962	-1
ENSAPLG00000017663	PEDO01018145.1	21	1073	1
ENSAPLG00000001621	19	5146424	5150046	-1
ENSAPLG00000002292	6	17874013	17925787	-1
ENSAPLG00000008232	PEDO01020314.1	4478	9902	1
ENSAPLG00000009035	1	183570334	183588035	-1
ENSAPLG00000010740	28	4333478	4347526	1
ENSAPLG00000004194	13	10894017	10895041	1
ENSAPLG00000025864	PEDO01013978.1	1967	12071	-1
ENSAPLG00000008598	24	3896376	3906957	1
ENSAPLG00000006583	1	145852047	145966818	1
ENSAPLG00000023336	PEDO01020342.1	2338	9567	-1
ENSAPLG00000007534	15	11891755	11894195	1
ENSAPLG00000009114	8	21866675	21870569	1
ENSAPLG00000027488	19	5574098	5595834	-1
ENSAPLG00000029718	PEDO01008100.1	11503	14760	1
ENSAPLG00000013396	28	4681205	4691120	1
ENSAPLG00000002281	PEDO01012108.1	7429	12359	-1
ENSAPLG00000025566	PEDO01008118.1	21	3032	1
ENSAPLG00000016213	20	10842287	10867331	-1
ENSAPLG00000015276	22	1807874	1818130	-1
ENSAPLG00000010252	19	6017277	6022283	1
ENSAPLG00000009986	24	3988742	3991845	1
ENSAPLG00000009940	24	4009508	4014850	1
ENSAPLG00000008639	14	13541631	13545569	1
ENSAPLG00000014365	1	35634040	35641476	-1
ENSAPLG00000021722	PEDO01020617.1	21	1039	1
ENSAPLG00000029465	PEDO01012238.1	153395	171950	-1
ENSAPLG00000004755	1	61223005	61267779	1
ENSAPLG00000016313	13	12010725	12013871	-1
ENSAPLG00000005658	8	22352874	22359000	-1
ENSAPLG00000010639	22	2332033	2335212	1
ENSAPLG00000018116	6	19364753	19377800	-1
ENSAPLG00000020383	27	339230	346178	-1
ENSAPLG00000012937	12	9766416	9790903	-1
ENSAPLG00000016350	13	12060664	12212156	-1
ENSAPLG00000013298	12	9801746	9814874	1
ENSAPLG00000006200	8	22391224	22577548	1
ENSAPLG00000014071	1	186026551	186110623	1
ENSAPLG00000013415	12	9818207	9859334	-1
ENSAPLG00000002709	29	377747	399662	-1
ENSAPLG00000014526	27	622232	637666	-1
ENSAPLG00000024542	24	4641381	4651376	-1
ENSAPLG00000014412	12	9872122	9911865	-1
ENSAPLG00000014085	1	35679849	35690879	1
ENSAPLG00000019314	PEDO01012290.1	7005	12232	-1
ENSAPLG00000012901	Z	46917337	46960006	-1
ENSAPLG00000007037	8	22769783	22770443	1
ENSAPLG00000013324	27	757865	773418	1
ENSAPLG00000017140	PEDO01008297.1	42	2043	1
ENSAPLG00000028645	PEDO01012367.1	21	2189	-1
ENSAPLG00000006851	19	6439773	6445740	-1
ENSAPLG00000007898	8	22806418	22818988	-1
ENSAPLG00000015766	12	9980604	10003140	-1
ENSAPLG00000011151	10	9951828	9953998	1
ENSAPLG00000005135	18	45378	57373	1
ENSAPLG00000020959	21	278993	283251	-1
ENSAPLG00000006042	15	13031345	13045582	1
ENSAPLG00000002219	27	916915	963768	1
ENSAPLG00000002715	5	57806300	57836208	-1
ENSAPLG00000001918	27	919863	930991	-1
ENSAPLG00000002131	22	3110370	3125157	1
ENSAPLG00000027500	PEDO01014040.1	1356	2399	1
ENSAPLG00000003058	27	1027907	1042730	-1
ENSAPLG00000005127	19	6863542	6873844	-1
ENSAPLG00000002747	22	3252368	3259979	-1
ENSAPLG00000019496	19	6882869	6892209	1
ENSAPLG00000018678	PEDO01009564.1	37697	42081	-1
ENSAPLG00000002823	22	3262847	3285632	-1
ENSAPLG00000015753	21	438617	548416	1
ENSAPLG00000002251	18	189196	193605	-1
ENSAPLG00000011779	4	20237481	20268462	-1
ENSAPLG00000006630	5	6225854	6232371	-1
ENSAPLG00000014775	1	146399636	146510061	-1
ENSAPLG00000000622	18	196040	205560	-1
ENSAPLG00000016230	18	226574	248228	-1
ENSAPLG00000004555	12	10226769	10235550	-1
ENSAPLG00000028633	Z	47861376	48010664	-1
ENSAPLG00000005489	5	6526039	6536364	-1
ENSAPLG00000008161	PEDO01009624.1	90970	101107	1
ENSAPLG00000010001	22	3905947	3913365	-1
ENSAPLG00000003829	1	88143408	88146472	-1
ENSAPLG00000011653	3	111353213	111572007	1
ENSAPLG00000022262	PEDO01009624.1	119266	121939	-1
ENSAPLG00000004333	5	7300045	7313512	-1
ENSAPLG00000013668	3	111764852	111805367	1
ENSAPLG00000009531	3	76457110	76500422	1
ENSAPLG00000026664	3	111804699	111878563	-1
ENSAPLG00000008728	27	1347002	1351780	-1
ENSAPLG00000011122	12	11597625	11609759	-1
ENSAPLG00000000963	10	11595459	11599579	1
ENSAPLG00000022380	9	11216847	11231801	1
ENSAPLG00000030083	19	8426366	8428497	-1
ENSAPLG00000005962	PEDO01008610.1	4156	12455	-1
ENSAPLG00000021604	3	111926148	111936933	1
ENSAPLG00000013380	15	15365750	15377532	-1
ENSAPLG00000023582	9	11394663	11446031	1
ENSAPLG00000028280	Z	12868404	12868745	-1
ENSAPLG00000019878	18	1341417	1344994	1
ENSAPLG00000013283	5	58852098	58937695	1
ENSAPLG00000010095	2	42827905	42860305	1
ENSAPLG00000002886	3	13082767	13084683	-1
ENSAPLG00000026828	2	42855543	42902875	-1
ENSAPLG00000016019	PEDO01009728.1	21540	26243	1
ENSAPLG00000000931	PEDO01009728.1	31249	42684	-1
ENSAPLG00000001804	PEDO01009728.1	62702	72741	1
ENSAPLG00000022120	PEDO01020848.1	185	1511	1
ENSAPLG00000009034	21	1744806	1748255	-1
ENSAPLG00000012958	2	79022178	79028659	1
ENSAPLG00000025863	PEDO01020868.1	146	2950	1
ENSAPLG00000027473	10	12106834	12108814	1
ENSAPLG00000000915	29	1530403	1530767	1
ENSAPLG00000003843	11	10355939	10358616	1
ENSAPLG00000002378	11	10368672	10369897	-1
ENSAPLG00000020575	27	2083276	2093492	-1
ENSAPLG00000005450	18	1474725	1477047	1
ENSAPLG00000010390	29	1737716	1777975	1
ENSAPLG00000015985	PEDO01012569.1	1502	4585	-1
ENSAPLG00000027411	21	2117176	2130640	-1
ENSAPLG00000004747	27	2211815	2229439	1
ENSAPLG00000012475	29	1936064	1988834	-1
ENSAPLG00000013205	10	12838110	12900525	1
ENSAPLG00000029852	PEDO01020922.1	3704	10152	1
ENSAPLG00000010841	Z	82770779	82900005	1
ENSAPLG00000028876	15	16680409	16703932	1
ENSAPLG00000014680	4	22949639	22961854	1
ENSAPLG00000004404	PEDO01008866.1	3240	8393	-1
ENSAPLG00000013228	2	108182771	108436216	-1
ENSAPLG00000028532	PEDO01021007.1	3189	4820	-1
ENSAPLG00000011950	4	48825123	48825670	-1
ENSAPLG00000020439	4	48826892	48827824	-1
ENSAPLG00000012017	4	48833223	48840309	-1
ENSAPLG00000000830	15	16880958	16881581	-1
ENSAPLG00000002299	15	17024484	17060520	-1
ENSAPLG00000015349	Z	50167519	50213144	-1
ENSAPLG00000014658	11	11018280	11044036	1
ENSAPLG00000010503	29	2305153	2313090	-1
ENSAPLG00000001734	18	1750211	1751944	1
ENSAPLG00000003627	27	2585148	2722743	1
ENSAPLG00000010240	PEDO01012807.1	21	2109	-1
ENSAPLG00000013556	PEDO01021174.1	272	2636	1
ENSAPLG00000014305	18	1912471	1917555	1
ENSAPLG00000004963	11	11415428	11429263	1
ENSAPLG00000004897	PEDO01000234.1	88834	94937	1
ENSAPLG00000006016	3	78251384	78258833	-1
ENSAPLG00000018622	14	13657057	13662219	1
ENSAPLG00000005660	11	11562299	11577155	1
ENSAPLG00000010524	12	16410001	16535506	1
ENSAPLG00000014776	1	37207467	37348307	-1
ENSAPLG00000020462	2	43702721	43754053	-1
ENSAPLG00000002080	12	16696730	16697602	1
ENSAPLG00000012527	14	13769157	13940855	1
ENSAPLG00000004115	PEDO01012937.1	58	636	1
ENSAPLG00000011192	11	11882963	12041526	1
ENSAPLG00000009602	29	3085170	3086961	1
ENSAPLG00000005511	7	8903831	9126576	1
ENSAPLG00000014582	1	121481470	121485303	-1
ENSAPLG00000003672	27	3154921	3165942	-1
ENSAPLG00000004508	Z	13117449	13144432	-1
ENSAPLG00000012485	10	14925632	14939201	-1
ENSAPLG00000029031	2	43983735	43989264	1
ENSAPLG00000022254	27	3294597	3299377	-1
ENSAPLG00000004064	1	2976193	2988614	1
ENSAPLG00000015637	1	37426355	37505746	-1
ENSAPLG00000015420	2	80331299	80351948	1
ENSAPLG00000002438	3	79670719	79677036	-1
ENSAPLG00000016644	12	17850194	17860397	-1
ENSAPLG00000030883	1	149100515	149126859	1
ENSAPLG00000011940	12	17959802	17984753	1
ENSAPLG00000014515	18	2780021	2882214	-1
ENSAPLG00000023559	PEDO01005818.1	21	3602	-1
ENSAPLG00000015989	4	24451044	24468417	-1
ENSAPLG00000002101	1	121666673	121667818	1
ENSAPLG00000006188	5	60415679	60418033	-1
ENSAPLG00000005356	5	60510000	60528090	1
ENSAPLG00000011623	1	91517468	91535459	-1
ENSAPLG00000012088	PEDO01018840.1	1322	1951	-1
ENSAPLG00000021388	PEDO01005916.1	378	1467	-1
ENSAPLG00000011881	1	91589404	91622548	1
ENSAPLG00000001066	PEDO01013053.1	21	1493	-1
ENSAPLG00000019382	PEDO01021420.1	21	1432	1
ENSAPLG00000011195	3	113757559	113803699	1
ENSAPLG00000020570	3	113776609	113778378	-1
ENSAPLG00000009888	9	15839544	15873478	1
ENSAPLG00000005243	14	15697052	15739524	1
ENSAPLG00000003770	4	25135563	25218321	1
ENSAPLG00000009205	2	15813267	15829527	1
ENSAPLG00000012625	18	3828643	3835399	1
ENSAPLG00000013164	14	15949594	15968127	-1
ENSAPLG00000009281	9	15902639	16109319	-1
ENSAPLG00000021814	PEDO01005965.1	137	999	1
ENSAPLG00000018299	PEDO01005985.1	2938	3423	-1
ENSAPLG00000008646	9	16116606	16184479	-1
ENSAPLG00000006829	PEDO01013183.1	21	4221	1
ENSAPLG00000025216	12	19567118	19576919	1
ENSAPLG00000009032	Z	14437208	14460628	1
ENSAPLG00000000604	PEDO01013250.1	1645	2872	-1
ENSAPLG00000004084	PEDO01003370.1	11979	33837	1
ENSAPLG00000029218	11	13130642	13134156	1
ENSAPLG00000009148	29	3722360	3725358	-1
ENSAPLG00000021882	18	5314775	5319700	1
ENSAPLG00000008603	18	5333822	5348096	-1
ENSAPLG00000007073	19	9066198	9108741	-1
ENSAPLG00000012538	1	91846012	92064434	-1
ENSAPLG00000029667	PEDO01014598.1	21	1289	-1
ENSAPLG00000023033	PEDO01014601.1	79	1206	1
ENSAPLG00000010383	Z	14679340	14765208	-1
ENSAPLG00000026048	PEDO01006192.1	1144	21637	-1
ENSAPLG00000014558	27	4406106	4421059	-1
ENSAPLG00000012628	PEDO01000234.1	846434	881683	-1
ENSAPLG00000012081	7	36259471	36460191	1
ENSAPLG00000008110	PEDO01013281.1	80338	102861	-1
ENSAPLG00000006885	18	6394548	6399281	1
ENSAPLG00000029654	29	4324720	4330889	-1
ENSAPLG00000024410	29	4354509	4362226	1
ENSAPLG00000016748	PEDO01014672.1	920	7818	1
ENSAPLG00000015879	PEDO01003518.1	64862	66889	-1
ENSAPLG00000001947	Z	15264219	15288385	-1
ENSAPLG00000006948	19	10073296	10092241	-1
ENSAPLG00000007158	29	4565678	4620526	-1
ENSAPLG00000016523	19	10096242	10101858	-1
ENSAPLG00000017558	19	10113715	10117458	-1
ENSAPLG00000005556	4	26025107	26032040	-1
ENSAPLG00000005759	4	26079114	26114662	1
ENSAPLG00000019872	29	4811449	4816332	-1
ENSAPLG00000026444	19	10496028	10498938	1
ENSAPLG00000006831	14	17837009	17958385	1
ENSAPLG00000004264	2	44796387	44823875	-1
ENSAPLG00000000588	7	37407722	37417682	1
ENSAPLG00000001907	2	44806119	44811579	1
ENSAPLG00000005506	Z	2781	13437	-1
ENSAPLG00000003373	18	6605206	6611270	-1
ENSAPLG00000027465	PEDO01003666.1	4707	7067	-1
ENSAPLG00000020854	PEDO01014794.1	21	5911	-1
ENSAPLG00000008597	7	37529698	37532975	1
ENSAPLG00000002678	PEDO01014794.1	4086	6676	1
ENSAPLG00000003491	2	111469046	111479820	-1
ENSAPLG00000000719	3	47594176	47595042	1
ENSAPLG00000012595	11	14991194	15141968	1
ENSAPLG00000016276	18	6887886	6935713	1
ENSAPLG00000016329	2	82790186	82828134	-1
ENSAPLG00000018959	PEDO01014852.1	21	1781	1
ENSAPLG00000025005	PEDO01014857.1	2	2083	-1
ENSAPLG00000009891	7	37645247	37656704	-1
ENSAPLG00000013648	2	16827366	16835483	1
ENSAPLG00000010291	7	37664735	37675436	-1
ENSAPLG00000031101	7	37675763	37682754	1
ENSAPLG00000010410	7	37685221	37702772	1
ENSAPLG00000003471	19	11828658	11840283	-1
ENSAPLG00000002904	19	11838929	11879989	-1
ENSAPLG00000002081	19	11906986	11919714	-1
ENSAPLG00000009897	PEDO01000240.1	46286	125639	-1
ENSAPLG00000009954	PEDO01000240.1	125398	239448	1
ENSAPLG00000010144	1	5493085	5604274	-1
ENSAPLG00000021907	18	7530307	7534810	-1
ENSAPLG00000010678	11	15667753	15790439	1
ENSAPLG00000022873	PEDO01006295.1	884	2047	-1
ENSAPLG00000018970	18	7793254	7799862	-1
ENSAPLG00000021783	18	7799618	7801650	-1
ENSAPLG00000009021	10	18235222	18242297	1
ENSAPLG00000005616	1	5800149	5811701	-1
ENSAPLG00000010946	3	16934732	16991557	-1
ENSAPLG00000009833	10	18862211	19014385	1
ENSAPLG00000003642	PEDO01019610.1	537	69277	1
ENSAPLG00000004645	1	6181997	6198603	1
ENSAPLG00000028429	PEDO01001426.1	441	1944	-1
ENSAPLG00000027427	PEDO01015161.1	261	756	1
ENSAPLG00000012336	15	562920	576225	-1
ENSAPLG00000004377	PEDO01015202.1	101	1368	1
ENSAPLG00000013035	5	10263981	10487724	-1
ENSAPLG00000005183	4	49953044	49957349	-1
ENSAPLG00000002783	1	151523458	151564681	-1
ENSAPLG00000012011	2	45626662	45643247	1
ENSAPLG00000005255	4	49957492	49975827	-1
ENSAPLG00000009225	PEDO01003861.1	1	3774	-1
ENSAPLG00000025655	Z	772767	775413	1
ENSAPLG00000020802	PEDO01015861.1	1092	5509	1
ENSAPLG00000021610	PEDO01015278.1	1300	5306	-1
ENSAPLG00000014073	13	14180850	14209723	1
ENSAPLG00000022164	PEDO01003927.1	21	2666	1
ENSAPLG00000009584	PEDO01000402.1	148	1215	1
ENSAPLG00000028504	4	50153857	50158833	1
ENSAPLG00000002782	1	62784722	62804330	1
ENSAPLG00000007205	5	10689504	10820818	-1
ENSAPLG00000015982	19	12341990	12345029	1
ENSAPLG00000015907	1	41305778	41348187	1
ENSAPLG00000005333	11	18483116	18503031	-1
ENSAPLG00000016750	Z	18381868	18387920	1
ENSAPLG00000024151	3	17483778	17490147	-1
ENSAPLG00000015158	13	2016534	2039353	1
ENSAPLG00000013901	15	17244460	17251789	-1
ENSAPLG00000007476	Z	1551711	1557075	1
ENSAPLG00000025402	3	17674303	17677590	-1
ENSAPLG00000014081	15	17415247	17497845	-1
ENSAPLG00000010732	6	22124436	22154149	1
ENSAPLG00000024200	21	5516326	5519530	-1
ENSAPLG00000015452	13	2314399	2382598	1
ENSAPLG00000001610	PEDO01001487.1	5343	9750	1
ENSAPLG00000011011	6	2571296	2604318	-1
ENSAPLG00000019946	PEDO01001497.1	31	873	1
ENSAPLG00000020030	13	2387565	2411365	1
ENSAPLG00000015298	PEDO01004173.1	4210	7132	-1
ENSAPLG00000029374	13	2421773	2439501	-1
ENSAPLG00000011926	Z	18733733	18756949	-1
ENSAPLG00000008121	6	22223168	22226728	1
ENSAPLG00000007704	20	323075	324826	-1
ENSAPLG00000007457	5	10781741	10797502	-1
ENSAPLG00000020646	Z	1801801	1802532	-1
ENSAPLG00000029816	3	50309682	50430662	1
ENSAPLG00000014378	13	16183673	16295212	1
ENSAPLG00000007945	6	22229302	22245355	-1
ENSAPLG00000010066	3	50433736	50448948	1
ENSAPLG00000030332	PEDO01009780.1	113	1559	1
ENSAPLG00000005711	1	94414740	94421235	1
ENSAPLG00000027519	21	6077862	6096156	1
ENSAPLG00000009924	3	18483859	18522420	1
ENSAPLG00000023297	PEDO01009798.1	25957	30106	1
ENSAPLG00000012773	20	461007	462374	-1
ENSAPLG00000012383	20	470631	471660	1
ENSAPLG00000011193	9	18643390	18680809	1
ENSAPLG00000013876	13	3085091	3117646	1
ENSAPLG00000012976	20	748549	781584	-1
ENSAPLG00000017771	3	51000107	51040038	-1
ENSAPLG00000012503	1	64085379	64102800	1
ENSAPLG00000007051	1	94849978	94911632	1
ENSAPLG00000000752	5	33591900	33629542	1
ENSAPLG00000015966	8	991535	996315	1
ENSAPLG00000020378	3	87097706	87113950	-1
ENSAPLG00000002516	PEDO01004182.1	21143	49362	-1
ENSAPLG00000020445	5	33758802	33760349	1
ENSAPLG00000006049	1	42135400	42142641	-1
ENSAPLG00000003985	5	33768809	33805989	-1
ENSAPLG00000009660	Z	20694303	20727369	-1
ENSAPLG00000013916	13	3996393	4142519	-1
ENSAPLG00000031012	1	42279826	42292255	-1
ENSAPLG00000002423	5	11283609	11300399	-1
ENSAPLG00000010211	6	23001494	23082283	1
ENSAPLG00000019803	3	51071438	51086628	-1
ENSAPLG00000007262	4	56570613	56580809	1
ENSAPLG00000006495	3	51201436	51259978	-1
ENSAPLG00000015665	6	3233013	3250354	1
ENSAPLG00000022295	9	20785869	20793584	1
ENSAPLG00000013971	13	4033291	4088604	1
ENSAPLG00000009408	4	57015527	57128972	-1
ENSAPLG00000004041	6	23329936	23357231	-1
ENSAPLG00000022184	PEDO01016337.1	4922	6015	-1
ENSAPLG00000002764	1	42625817	42662022	1
ENSAPLG00000015242	Z	4537612	4547995	1
ENSAPLG00000006371	5	12188522	12238398	-1
ENSAPLG00000025946	24	6412938	6414269	1
ENSAPLG00000022144	3	20806528	20813529	-1
ENSAPLG00000009292	Z	22025120	22071673	1
ENSAPLG00000005874	13	19512812	19548423	-1
ENSAPLG00000013409	6	3816274	3826629	-1
ENSAPLG00000009127	PEDO01001830.1	5824	18276	1
ENSAPLG00000013429	24	6450777	6458343	-1
ENSAPLG00000001970	1	43258990	43266995	1
ENSAPLG00000006255	4	32431314	32451995	1
ENSAPLG00000015853	11	19446772	19451881	-1
ENSAPLG00000012418	1	11484480	11769168	1
ENSAPLG00000027938	13	4511923	4537800	1
ENSAPLG00000006442	4	32497183	32553140	-1
ENSAPLG00000007508	1	64543110	64556726	1
ENSAPLG00000006235	1	64580772	64600766	-1
ENSAPLG00000023763	5	34102416	34103287	1
ENSAPLG00000024731	1	43498808	43527341	-1
ENSAPLG00000007164	1	124772837	124989639	1
ENSAPLG00000015013	5	34114902	34132133	-1
ENSAPLG00000025518	4	58230116	58230290	-1
ENSAPLG00000007755	11	19952237	20077955	1
ENSAPLG00000011619	4	58336375	58364036	-1
ENSAPLG00000009052	PEDO01010158.1	852	3238	-1
ENSAPLG00000007072	2	117642424	117642869	-1
ENSAPLG00000011710	13	4940977	4942398	-1
ENSAPLG00000006334	24	6627431	6638559	-1
ENSAPLG00000006932	24	6666428	6670842	1
ENSAPLG00000002945	1	158237155	158248636	1
ENSAPLG00000012030	1	65377447	65508536	-1
ENSAPLG00000013519	5	15079987	15117596	-1
ENSAPLG00000015580	1	158329945	158339032	1
ENSAPLG00000011921	PEDO01001946.1	1207	13858	1
ENSAPLG00000019807	5	15455624	15456796	-1
ENSAPLG00000001018	7	10988508	11041079	1
ENSAPLG00000014219	Z	51707899	51779784	1
ENSAPLG00000004038	11	20717596	20746317	-1
ENSAPLG00000012207	5	15641197	15708607	-1
ENSAPLG00000009285	11	20792297	20827179	1
ENSAPLG00000014857	7	11238374	11245263	1
ENSAPLG00000009207	11	20838842	20842622	-1
ENSAPLG00000003494	16	4934699	4941099	1
ENSAPLG00000015518	8	3304765	3311764	-1
ENSAPLG00000010154	3	93142638	93148108	-1
ENSAPLG00000025167	PEDO01010483.1	2913	4747	-1
ENSAPLG00000008451	Z	6030390	6033096	1
ENSAPLG00000005565	11	1177298	1339247	-1
ENSAPLG00000013129	5	34305664	34311596	1
ENSAPLG00000004471	13	6189003	6204599	-1
ENSAPLG00000011104	1	125724825	125768731	-1
ENSAPLG00000005574	11	21207285	21223642	-1
ENSAPLG00000029323	6	26176192	26208307	1
ENSAPLG00000029506	1	158908975	158912544	1
ENSAPLG00000019711	1	159011613	159086047	-1
ENSAPLG00000004328	11	1566301	1595045	1
ENSAPLG00000015652	3	51918034	51967194	-1
ENSAPLG00000008248	5	16022343	16164211	1
ENSAPLG00000026218	11	21242528	21269935	1
ENSAPLG00000004277	6	26321783	26334260	1
ENSAPLG00000013902	Z	52658618	52670930	-1
ENSAPLG00000018371	PEDO01010586.1	21	1776	1
ENSAPLG00000010610	11	21286054	21291333	1
ENSAPLG00000003402	4	60612159	60615713	1
ENSAPLG00000006774	5	16300880	16321914	1
ENSAPLG00000014604	21	6932929	6955479	1
ENSAPLG00000004656	4	4186159	4233456	1
ENSAPLG00000005303	4	35174967	35342065	-1
ENSAPLG00000024911	PEDO01016839.1	1574	3023	1
ENSAPLG00000010387	1	44835945	44867096	-1
ENSAPLG00000004296	2	51769955	51856174	1
ENSAPLG00000023306	1	159390864	159396049	-1
ENSAPLG00000031166	PEDO01010703.1	1370	2981	-1
ENSAPLG00000008403	Z	24351693	24368160	-1
ENSAPLG00000010072	1	44899219	44920092	-1
ENSAPLG00000009330	Z	24420826	24486596	1
ENSAPLG00000013412	6	27962581	27983845	1
ENSAPLG00000010796	11	21434121	21480410	1
ENSAPLG00000007101	5	34558634	34560085	-1
ENSAPLG00000013153	25	98632	100884	1
ENSAPLG00000006247	13	7272063	7297371	-1
ENSAPLG00000019985	PEDO01007218.1	21	1856	1
ENSAPLG00000007994	21	7681748	7733434	-1
ENSAPLG00000020569	5	34560944	34562792	1
ENSAPLG00000015159	PEDO01010810.1	779	17644	1
ENSAPLG00000011683	9	21446694	21447713	-1
ENSAPLG00000019747	PEDO01010826.1	33	9671	-1
ENSAPLG00000007445	11	2892909	2993043	1
ENSAPLG00000006146	1	13691236	13727290	-1
ENSAPLG00000011930	Z	7357106	7369425	1
ENSAPLG00000004385	6	4570991	4575688	1
ENSAPLG00000005914	5	16798970	16818290	-1
ENSAPLG00000005051	5	16900936	16901943	-1
ENSAPLG00000004437	5	16916959	16962380	-1
ENSAPLG00000010415	4	5592157	5600443	-1
ENSAPLG00000013558	PEDO01010882.1	21	2768	-1
ENSAPLG00000017129	Z	7827766	8074580	-1
ENSAPLG00000014351	27	5733639	5743528	-1
ENSAPLG00000027048	5	34694193	34695431	-1
ENSAPLG00000028538	PEDO01007435.1	749	2143	-1
ENSAPLG00000006826	3	54185792	54192634	1
ENSAPLG00000015453	1	46274316	46409801	1
ENSAPLG00000016424	1	97948055	98110674	1
ENSAPLG00000007371	3	54237130	54262397	1
ENSAPLG00000011748	27	5994723	6001031	-1
ENSAPLG00000009852	6	5293365	5299693	1
ENSAPLG00000005157	Z	54513395	54533585	-1
ENSAPLG00000016379	2	54028778	54043118	1
ENSAPLG00000007779	3	54298922	54407766	-1
ENSAPLG00000003227	PEDO01011027.1	21	1662	-1
ENSAPLG00000010949	27	6045320	6047513	1
ENSAPLG00000014098	Z	54881038	54937326	1
ENSAPLG00000023187	2	54651832	54709502	-1
ENSAPLG00000020812	PEDO01011057.1	21	1581	1
ENSAPLG00000026847	PEDO01002348.1	207	14256	-1
ENSAPLG00000015062	5	35457080	35491015	1
ENSAPLG00000008903	Z	9897930	9937585	1
ENSAPLG00000017568	12	1575288	1620625	-1
ENSAPLG00000004068	4	7286690	7410363	1
ENSAPLG00000019442	12	1705544	1734333	1
ENSAPLG00000014051	12	1777722	1780385	-1
ENSAPLG00000008272	Z	10027926	10056287	-1
ENSAPLG00000007351	Z	10176479	10204145	1
ENSAPLG00000001665	3	94867619	94868758	-1
ENSAPLG00000013447	1	126913897	126932120	1
ENSAPLG00000011986	1	69681462	69824778	-1
ENSAPLG00000011338	1	69858809	69881113	1
ENSAPLG00000028948	9	24504173	24507830	1
ENSAPLG00000025742	PEDO01011199.1	15161	17392	1
ENSAPLG00000029333	PEDO01017095.1	21	3117	1
ENSAPLG00000011023	12	2677355	2754688	1
ENSAPLG00000009708	PEDO01004373.1	21	5405	-1
ENSAPLG00000013085	5	18743569	18747636	-1
ENSAPLG00000002049	4	40369717	40372173	-1
ENSAPLG00000012816	5	18784269	18802627	1
ENSAPLG00000007450	4	40472888	40525135	1
ENSAPLG00000012752	5	18807777	18810885	1
ENSAPLG00000005036	18	10434908	10470831	1
ENSAPLG00000016234	4	8865077	8928927	1
ENSAPLG00000011961	5	19038645	19062820	1
ENSAPLG00000003922	3	56147092	56151337	-1
ENSAPLG00000003918	3	56195652	56197050	-1
ENSAPLG00000022413	PEDO01002537.1	21	5692	1
ENSAPLG00000021396	6	9015067	9018807	-1
ENSAPLG00000008830	2	93763255	93816372	1
ENSAPLG00000011712	4	40631570	40635240	-1
ENSAPLG00000009775	11	5026587	5033754	-1
ENSAPLG00000003186	4	9246374	9267411	1
ENSAPLG00000010179	Z	56714832	56757465	1
ENSAPLG00000007917	21	8608312	8650116	1
ENSAPLG00000027768	PEDO01017382.1	367	2710	-1
ENSAPLG00000003064	16	5790230	5800446	1
ENSAPLG00000022790	PEDO01004463.1	21	2583	1
ENSAPLG00000006416	21	8907979	8927865	-1
ENSAPLG00000011324	22	5326264	5342283	1
ENSAPLG00000018549	28	1656563	1660028	-1
ENSAPLG00000021922	PEDO01004646.1	21	1039	-1
ENSAPLG00000009819	PEDO01004737.1	637	6149	-1
ENSAPLG00000014982	8	8774939	8780174	-1
ENSAPLG00000012721	20	3957221	3964786	-1
ENSAPLG00000003204	19	191730	224740	1
ENSAPLG00000020497	20	4045418	4048964	-1
ENSAPLG00000005726	16	5938696	5939586	1
ENSAPLG00000013935	13	20665017	20712332	-1
ENSAPLG00000028652	21	9465348	9475114	-1
ENSAPLG00000002302	3	56703822	56714711	-1
ENSAPLG00000018054	12	3887420	3907424	1
ENSAPLG00000012510	28	1908620	1915884	-1
ENSAPLG00000013878	4	9962245	10005442	1
ENSAPLG00000006607	11	5787707	5839522	-1
ENSAPLG00000006086	3	95789094	95817519	1
ENSAPLG00000002422	21	9900534	9906012	1
ENSAPLG00000013873	Z	28395381	28567886	1
ENSAPLG00000007670	1	71432603	71505518	-1
ENSAPLG00000002202	3	96610615	96613547	-1
ENSAPLG00000005046	12	4206915	4220034	1
ENSAPLG00000025849	1	101332175	101335633	-1
ENSAPLG00000008004	16	6225505	6233789	1
ENSAPLG00000007189	3	21775157	21864484	1
ENSAPLG00000004479	12	4553134	4596142	1
ENSAPLG00000006647	Z	11692524	11696989	-1
ENSAPLG00000007276	3	21925016	21996028	-1
ENSAPLG00000011569	2	94585262	94610713	-1
ENSAPLG00000020696	PEDO01002736.1	21	2679	1
ENSAPLG00000014652	21	11436601	11436899	1
ENSAPLG00000009889	14	285759	295765	1
ENSAPLG00000013617	2	21756700	21840845	1
ENSAPLG00000015412	6	32433668	32449054	1
ENSAPLG00000014281	2	21914936	21967393	1
ENSAPLG00000008748	20	5234450	5267430	1
ENSAPLG00000010660	25	5222613	5265402	-1
ENSAPLG00000014057	1	101682408	101737646	1
ENSAPLG00000002991	2	21985992	22027915	-1
ENSAPLG00000021360	20	5589916	5592492	1
ENSAPLG00000011142	2	94998392	95001928	1
ENSAPLG00000010327	25	5352688	5423954	1
ENSAPLG00000027650	20	5598133	5600531	-1
ENSAPLG00000009576	3	22069528	22091543	1
ENSAPLG00000005253	PEDO01002873.1	8064	22124	1
ENSAPLG00000011810	4	11334536	11355963	-1
ENSAPLG00000001177	12	6429776	6450268	-1
ENSAPLG00000008273	2	143824288	143950242	1
ENSAPLG00000008991	3	97400765	97468697	-1
ENSAPLG00000005601	2	124427318	124449021	-1
ENSAPLG00000005505	2	124435482	124461487	1
ENSAPLG00000008751	4	11704951	11717094	-1
ENSAPLG00000011707	4	43385342	43389439	-1
ENSAPLG00000013297	1	72693532	72904362	1
ENSAPLG00000007335	1	192000795	192054647	-1
ENSAPLG00000004845	2	124750070	124755088	1
ENSAPLG00000007707	25	5672545	5676342	-1
ENSAPLG00000016050	1	20094523	20162705	-1
ENSAPLG00000008543	3	58991826	58995388	-1
ENSAPLG00000008759	3	59025421	59046972	1
ENSAPLG00000025822	1	192788193	192792729	-1
ENSAPLG00000001137	1	192793505	192794731	-1
ENSAPLG00000007617	1	192804188	192812676	1
ENSAPLG00000004784	2	22148959	22291248	1
ENSAPLG00000012910	2	126127555	126252124	1
ENSAPLG00000002668	4	12411598	12815137	1
ENSAPLG00000003085	1	20349617	20362014	1
ENSAPLG00000011455	6	15092235	15254338	-1
ENSAPLG00000014807	25	5798943	5802085	-1
ENSAPLG00000013423	5	39873733	39879865	-1
ENSAPLG00000011554	21	13634643	13854646	-1
ENSAPLG00000022073	1	105606595	105637189	1
ENSAPLG00000008888	1	192921928	192937603	-1
ENSAPLG00000008996	2	127067435	127072777	1
ENSAPLG00000003887	1	132903672	132941869	-1
ENSAPLG00000010836	3	22782120	22870750	1
ENSAPLG00000004017	1	133063172	133066466	-1
ENSAPLG00000006555	3	22970255	22980022	-1
ENSAPLG00000009605	1	193054486	193165930	-1
ENSAPLG00000004968	1	20579775	20824641	-1
ENSAPLG00000005062	1	133368729	133453070	1
ENSAPLG00000006356	Z	29413911	29431451	-1
ENSAPLG00000002963	25	5889235	5974407	-1
ENSAPLG00000005387	1	133491877	133499061	1
ENSAPLG00000005784	1	133507516	133522787	-1
ENSAPLG00000015100	2	96681267	96684984	-1
ENSAPLG00000006597	2	128104271	128145922	1
ENSAPLG00000025860	1	172673260	172682680	-1
ENSAPLG00000010494	7	11475322	11484487	1
ENSAPLG00000004669	Z	29644660	29655487	1
ENSAPLG00000004593	Z	29670649	29677530	1
ENSAPLG00000004461	4	65687034	65693962	1
ENSAPLG00000003414	4	44034689	44068830	1
ENSAPLG00000009653	20	6180703	6185939	-1
ENSAPLG00000010386	21	14582661	14604479	1
ENSAPLG00000010933	3	98836564	98864718	1
ENSAPLG00000003115	16	7012666	7043225	-1
ENSAPLG00000019511	21	14646152	14659960	-1
ENSAPLG00000012442	20	6311610	6354046	1
ENSAPLG00000002170	28	3063609	3067625	1
ENSAPLG00000002392	28	3071244	3093381	-1
ENSAPLG00000029890	20	6398951	6448955	1
ENSAPLG00000002875	4	44313337	44315419	1
ENSAPLG00000013187	28	3182176	3345377	-1
ENSAPLG00000002790	3	60588877	60654986	1
ENSAPLG00000003211	2	129792344	129809954	1
ENSAPLG00000009485	1	134109528	134275940	-1
ENSAPLG00000001999	21	14907709	14917631	-1
ENSAPLG00000029165	3	99381294	99383071	-1
ENSAPLG00000000904	1	194095348	194123855	1
ENSAPLG00000015210	7	69219	75666	-1
ENSAPLG00000007120	4	66774623	66820566	-1
ENSAPLG00000007739	28	3241615	3252705	-1
ENSAPLG00000001466	3	61098326	61158382	1
ENSAPLG00000002252	2	24426852	24431624	-1
ENSAPLG00000002906	4	15228441	15375565	-1
ENSAPLG00000012804	6	17095205	17108495	1
ENSAPLG00000003497	4	44866322	44893912	1
ENSAPLG00000005493	2	147971518	148088075	-1
ENSAPLG00000012170	Z	31789627	32026461	1
ENSAPLG00000009493	2	131218565	131301353	1
ENSAPLG00000015199	19	3974360	3987179	-1
ENSAPLG00000003704	4	15443064	15443876	-1
ENSAPLG00000010886	4	15503009	15516285	1
ENSAPLG00000008225	2	60648193	60815817	-1
ENSAPLG00000000579	1	174733180	174747958	1
ENSAPLG00000009857	2	131666343	131903809	1
ENSAPLG00000029489	3	99655844	99660035	1
ENSAPLG00000001126	2	100336088	100339741	1
ENSAPLG00000008455	15	1468403	1471516	1
ENSAPLG00000012791	1	108130822	108175484	-1
ENSAPLG00000003563	1	51934198	51994187	-1
ENSAPLG00000012902	16	7421686	7424422	1
ENSAPLG00000020939	4	15784377	15785962	-1
ENSAPLG00000009561	4	15801973	15823577	1
ENSAPLG00000003284	4	68345504	68455514	-1
ENSAPLG00000016438	1	74632259	74637317	-1
ENSAPLG00000008216	15	1643993	1650746	-1
ENSAPLG00000011364	1	108503937	108517337	1
ENSAPLG00000002582	2	149089682	149125384	1
ENSAPLG00000016445	1	74652229	74717682	-1
ENSAPLG00000005755	7	1269596	1297357	1
ENSAPLG00000012819	5	41144079	41151200	1
ENSAPLG00000027911	PEDO01003208.1	4756	7077	-1
ENSAPLG00000007233	3	24645632	24686800	-1
ENSAPLG00000002942	2	134465351	134533626	1
ENSAPLG00000008345	3	24705904	24734455	1
ENSAPLG00000009756	4	45713890	45742725	1
ENSAPLG00000008688	1	108716370	108743611	-1
ENSAPLG00000007378	2	135273296	135452966	1
ENSAPLG00000009672	2	62329508	62390858	1
ENSAPLG00000012421	Z	33125828	33200526	1
ENSAPLG00000009197	2	62433917	62461179	1
ENSAPLG00000003551	Z	68020316	68056172	1
ENSAPLG00000023830	2	152855503	152856568	1
ENSAPLG00000016286	Z	68121251	68133708	-1
ENSAPLG00000004419	20	7814479	7821711	-1
ENSAPLG00000013226	7	3587344	3608452	1
ENSAPLG00000016180	Z	68214245	68232538	1
ENSAPLG00000015760	Z	68266917	68273067	-1
ENSAPLG00000014599	1	52932531	52939346	1
ENSAPLG00000000660	20	7835077	7905092	-1
ENSAPLG00000003941	20	7929651	7936400	1
ENSAPLG00000003309	20	7943698	7982197	1
ENSAPLG00000012062	1	25865447	25898607	-1
ENSAPLG00000012985	3	26429213	26466489	1
ENSAPLG00000029701	4	16366481	16368645	1
ENSAPLG00000014212	2	63139544	63153026	1
ENSAPLG00000011121	3	62562629	62648730	1
ENSAPLG00000016250	2	27911770	27915011	-1
ENSAPLG00000014150	1	109960153	109974306	1
ENSAPLG00000002524	15	3167127	3257734	-1
ENSAPLG00000009066	4	16520282	16551375	1
ENSAPLG00000000951	3	62774748	62779953	1
ENSAPLG00000008340	20	8162126	8165160	1
ENSAPLG00000026482	20	8232829	8244385	1
ENSAPLG00000019136	1	110300341	110310001	1
ENSAPLG00000028063	1	110316902	110338115	1
ENSAPLG00000012209	1	110333659	110359285	1
ENSAPLG00000007021	15	3449092	3450667	1
ENSAPLG00000020035	15	3470822	3479456	-1
ENSAPLG00000010364	15	3604384	3667098	1
ENSAPLG00000012299	1	26502949	26548774	-1
ENSAPLG00000014840	1	53239653	53251371	1
ENSAPLG00000005580	1	178935194	178939608	-1
ENSAPLG00000015281	1	53329434	53338342	1
ENSAPLG00000005260	1	195248745	195260824	-1
ENSAPLG00000000882	4	17258574	17261084	1
ENSAPLG00000009536	2	154786908	154892711	1
ENSAPLG00000015442	4	17553519	17591561	-1
ENSAPLG00000015194	4	17615301	17621278	-1
ENSAPLG00000015061	4	17630960	17642948	1
ENSAPLG00000004876	2	103630813	103651348	1
ENSAPLG00000010171	2	155383332	155389563	-1
ENSAPLG00000018242	2	155409624	155413878	-1
ENSAPLG00000014540	3	63860606	63875311	1
ENSAPLG00000001091	15	4804058	4805317	-1
ENSAPLG00000016062	15	4826547	4843803	-1
ENSAPLG00000015669	2	138169354	138220850	1
ENSAPLG00000026795	1	139461317	139465122	1
ENSAPLG00000008890	1	195838820	195972779	1
ENSAPLG00000004362	1	179529131	179608472	1
ENSAPLG00000008001	3	106419561	106425982	-1
ENSAPLG00000015724	2	64399677	64404397	1
ENSAPLG00000022348	1	53819880	53825730	-1
ENSAPLG00000013527	15	5460758	5476349	1
ENSAPLG00000009487	26	272029	275280	1
ENSAPLG00000001086	15	5675216	5676217	-1
ENSAPLG00000018379	21	15283346	15284023	1
ENSAPLG00000007279	1	54020969	54070735	1
ENSAPLG00000004321	1	180450187	180468662	-1
ENSAPLG00000003147	1	78283376	78301549	1
ENSAPLG00000002620	26	506081	511545	-1
ENSAPLG00000001335	2	64953652	65001012	-1
ENSAPLG00000009758	2	155907681	155921883	-1
ENSAPLG00000008400	1	78466716	78495681	1
ENSAPLG00000022575	1	29270532	29273122	-1
ENSAPLG00000005359	1	140141780	140162167	-1
ENSAPLG00000011206	21	15535359	15548245	1
ENSAPLG00000008656	1	29492458	29550623	1
ENSAPLG00000005641	1	140186318	140280747	1
ENSAPLG00000012935	1	181071163	181506302	1
ENSAPLG00000001483	1	113405280	113405657	-1
ENSAPLG00000003111	1	114353691	114388610	-1
ENSAPLG00000004247	5	47362253	47416527	-1
ENSAPLG00000014106	16	11303779	11323968	1
ENSAPLG00000010356	2	65444577	65493084	1
ENSAPLG00000004367	3	66403792	66414183	1
ENSAPLG00000013296	3	31077096	31125507	1
ENSAPLG00000014066	1	78809659	78868404	-1
ENSAPLG00000012624	26	706982	710691	-1
ENSAPLG00000005382	1	182721603	182769124	1
ENSAPLG00000014518	16	11379775	11398135	-1
ENSAPLG00000001977	1	79115562	79117007	1
ENSAPLG00000015655	16	11454715	11462279	1
ENSAPLG00000008465	5	30762312	30781476	1
ENSAPLG00000014513	1	197776875	197781022	1
ENSAPLG00000003974	1	30419180	30489307	1
ENSAPLG00000005106	8	25860231	25876559	-1
ENSAPLG00000008924	5	30785990	30809368	1
ENSAPLG00000014348	1	197785351	197787387	-1
ENSAPLG00000006345	8	25880304	25918519	-1
ENSAPLG00000006575	Z	72137271	72394298	1
ENSAPLG00000009768	2	31248862	31685248	1
ENSAPLG00000009930	1	183468723	183479992	-1
ENSAPLG00000010951	5	48558337	48584974	-1
ENSAPLG00000005193	Z	72622356	72676578	1
ENSAPLG00000011958	Z	72812551	72837075	-1
ENSAPLG00000003531	Z	36356382	36369918	-1
ENSAPLG00000003430	Z	36383864	36384418	-1
ENSAPLG00000017936	Z	72926363	72961043	1
ENSAPLG00000027672	Z	72966935	72968800	-1
ENSAPLG00000002317	16	11955414	11970342	1
ENSAPLG00000015277	3	68919610	68933674	1
ENSAPLG00000002558	16	11973856	11979327	1
ENSAPLG00000003190	16	11983384	11990485	-1
ENSAPLG00000007236	Z	73045836	73070614	-1
ENSAPLG00000015648	7	17859521	17890942	-1
ENSAPLG00000029451	16	12253864	12256230	1
ENSAPLG00000005910	8	9985444	10003101	1
ENSAPLG00000004288	15	7624178	7634857	1
ENSAPLG00000016263	Z	36478171	36588034	-1
ENSAPLG00000029369	14	10176928	10179466	-1
ENSAPLG00000029698	15	7820515	7827991	1
ENSAPLG00000000958	15	7838239	7842634	-1
ENSAPLG00000013972	8	26498480	26604636	-1
ENSAPLG00000014969	3	2626560	2727776	-1
ENSAPLG00000016299	15	7862813	7866149	-1
ENSAPLG00000011297	1	31235438	31380187	-1
ENSAPLG00000003995	7	18274709	18304047	-1
ENSAPLG00000009854	8	10548039	10559920	1
ENSAPLG00000014928	Z	36684319	36904096	-1
ENSAPLG00000011451	8	10663634	10729946	-1
ENSAPLG00000005501	1	79705151	79715100	1
ENSAPLG00000028734	5	49335566	49340050	1
ENSAPLG00000006077	1	79717793	79725034	-1
ENSAPLG00000007312	1	79719917	79743282	1
ENSAPLG00000007239	1	79727799	79729263	-1
ENSAPLG00000009988	1	198677437	198684071	-1
ENSAPLG00000000757	5	49676415	49677494	1
ENSAPLG00000003801	1	79919460	79926985	-1
ENSAPLG00000004936	5	1323244	1350062	1
ENSAPLG00000010429	Z	74004203	74091011	-1
ENSAPLG00000013888	14	11195085	11225608	1
ENSAPLG00000009147	1	198960268	198990320	1
ENSAPLG00000011214	2	32879849	32940071	-1
ENSAPLG00000011843	1	57079799	57164747	-1
ENSAPLG00000016034	Z	75111403	75215399	-1
ENSAPLG00000002692	14	11244243	11289229	-1
ENSAPLG00000011824	8	11083220	11084098	-1
ENSAPLG00000001780	8	11099734	11101897	1
ENSAPLG00000028244	1	199136999	199175494	-1
ENSAPLG00000013155	2	33281012	33297714	1
ENSAPLG00000008807	1	32014972	32034907	-1
ENSAPLG00000013290	2	33309663	33416817	-1
ENSAPLG00000010548	1	57699320	57749390	-1
ENSAPLG00000005487	1	199419104	199448251	-1
ENSAPLG00000030505	2	68825829	68851580	-1
ENSAPLG00000004008	3	4485979	4494421	1
ENSAPLG00000014262	3	33723918	33748296	-1
ENSAPLG00000004582	5	51556461	51563773	1
ENSAPLG00000014572	8	11395270	11405743	1
ENSAPLG00000015410	3	33814413	33822191	1
ENSAPLG00000003418	5	51927496	51934772	-1
ENSAPLG00000016221	1	57820734	57840908	-1
ENSAPLG00000016228	1	57849502	57896394	1
ENSAPLG00000016336	3	34398573	34409195	1
ENSAPLG00000016703	1	81296386	81313658	-1
ENSAPLG00000003485	1	201674302	201709590	-1
ENSAPLG00000012621	3	34673080	34805375	-1
ENSAPLG00000017806	5	53117742	53119643	-1
ENSAPLG00000015000	8	12802765	12812210	-1
ENSAPLG00000004423	Z	38318446	38329260	1
ENSAPLG00000011933	5	53302516	53366656	1
ENSAPLG00000011588	15	8651006	8654729	1
ENSAPLG00000019373	22	5886101	5975901	1
ENSAPLG00000022038	1	202042459	202051615	-1
ENSAPLG00000013877	8	14422955	14428422	1
ENSAPLG00000030443	3	35571378	35600653	1
ENSAPLG00000012637	5	53658238	53674675	1
ENSAPLG00000009863	3	35603395	35610285	-1
ENSAPLG00000015755	5	53698532	53720810	-1
ENSAPLG00000004815	7	18382268	18499533	-1
ENSAPLG00000010997	1	202169538	202221102	1
ENSAPLG00000025966	Z	39491672	39492952	1
ENSAPLG00000023730	22	6327787	6329182	1
ENSAPLG00000029863	22	6330156	6332698	1
ENSAPLG00000002995	22	6334307	6336409	1
ENSAPLG00000015653	2	36871260	36967916	1
ENSAPLG00000025714	1	83115214	83130203	-1
ENSAPLG00000011285	1	83196079	83220297	-1
ENSAPLG00000006311	1	144595075	144628493	-1
ENSAPLG00000008199	7	19880111	19894249	-1
ENSAPLG00000025438	1	83587201	83596559	-1
ENSAPLG00000024979	1	202289582	202316126	-1
ENSAPLG00000009923	7	20205411	20217839	-1
ENSAPLG00000010062	7	20218328	20240322	-1
ENSAPLG00000016346	3	5885476	5914597	1
ENSAPLG00000004899	22	7863898	7873838	1
ENSAPLG00000005626	2	39625676	39629233	1
ENSAPLG00000003604	11	7297677	7300741	-1
ENSAPLG00000001442	3	6556824	6605540	1
ENSAPLG00000007282	7	20735166	20878956	-1
ENSAPLG00000010913	7	21445510	21471606	-1
ENSAPLG00000008492	8	30515201	30541420	1
ENSAPLG00000005406	3	6807655	6809202	-1
ENSAPLG00000008709	23	1978209	1984798	-1
ENSAPLG00000015632	8	15656269	15660868	-1
ENSAPLG00000016406	15	10834655	10835337	1
ENSAPLG00000008307	3	7311998	7337045	1
ENSAPLG00000004590	8	16720487	16761223	1
ENSAPLG00000031231	8	16782401	16831473	1
ENSAPLG00000018591	3	7364452	7371264	1
ENSAPLG00000022674	8	16912152	16913524	1
ENSAPLG00000005161	Z	39972077	40097462	-1
ENSAPLG00000019155	2	2719414	2744161	1
ENSAPLG00000000705	2	2774076	2781462	-1
ENSAPLG00000012358	2	2834104	2922792	-1
ENSAPLG00000006034	23	2741356	2781457	1
ENSAPLG00000016268	23	3292504	3295558	1
ENSAPLG00000030602	2	4542452	4612877	1
ENSAPLG00000014095	23	4276848	4293704	-1
ENSAPLG00000005608	2	4785563	4809112	-1
ENSAPLG00000013348	9	4444300	4448597	-1
ENSAPLG00000024971	9	4616278	4619170	-1
ENSAPLG00000028807	9	4722032	4733428	1
ENSAPLG00000002014	24	236491	237627	-1
ENSAPLG00000029421	24	505646	513899	-1
ENSAPLG00000013236	9	5778133	5852544	-1
ENSAPLG00000013255	2	6275218	6287873	1
ENSAPLG00000006321	9	8045587	8255837	1
ENSAPLG00000031224	9	8486306	8694625	1
ENSAPLG00000003570	2	6638421	6666758	1
ENSAPLG00000007430	2	8066130	8071527	1
ENSAPLG00000007540	7	23796334	23898319	-1
ENSAPLG00000003893	7	24677031	24688100	1
ENSAPLG00000015342	7	25012721	25024671	1
ENSAPLG00000000672	3	10518434	10519501	1
ENSAPLG00000008381	3	11552521	11594197	1
ENSAPLG00000005817	7	28251670	28259169	-1
ENSAPLG00000008775	3	11597751	11606212	1
ENSAPLG00000009817	7	28980238	28986639	-1
ENSAPLG00000015670	3	11947013	12053608	-1
