transcription_factor	no_search_sites	no_background_sites	sum_search_sites	sum_background_sites	no_gene_sites	fisher_pval	wilcox_pval	fisher_pval2	zscore	fisher_adjusted	wilcox_adjusted	fisher2_adjusted
AEBP2_02	0	0	0	0	876	1	1	1	0	1	1	1
AFP1_Q6	50	51	52	54	876	0.581158464845395	0.540853014014682	0.614580431501304	-0.882852801949653	1	1	1
AHRARNT_01	503	535	1004	1276	876	0.945710483212978	0.999277916888215	0.999999994914107	-29.7954345920013	1	1	1
AHRARNT_02	526	596	1045	1408	876	0.999797921555154	0.999999564875997	0.999999999999913	-39.5902298005283	1	1	1
AHR_01	659	700	1594	1888	876	0.991958730112234	0.999942803064346	0.99999972390749	-27.4559160237112	1	1	1
AIOLOS_01	2	2	2	2	876	0.687714347008766	0.500227902085444	0.687507199610024	0	1	1	1
ALX4_01	0	1	0	1	876	1	0.841620810695718	1	0	1	1	1
AMYB_01	0	0	0	0	876	1	1	1	0	1	1	1
AP1FJ_Q2	739	740	2043	2065	876	0.55239542057646	0.491997040967917	0.640511293484979	-1.581420191899	1	1	1
AP2ALPHA_03	802	812	12820	14391	876	0.835359421997061	0.998505252581571	1	-30.4206309615548	1	1	1
AP2_Q6	704	730	6929	7491	876	0.95294453317516	0.997485362419943	0.999998747632583	-29.9744554531674	1	1	1
AP4_01	0	0	0	0	876	1	1	1	0	1	1	1
APA1_02	1	0	1	0	876	0.5	0.15893163388081	0.500004670036011	0	1	0.7847249422865	1
AREB6_01	736	724	1873	1924	876	0.240375523623463	0.591877286222394	0.801024958559513	-4.2149430309268	1	1	1
ARNTLBHLHA15_01	1	1	1	1	876	0.750142775556825	0.5003221179773	0.750004799737492	0	1	1	1
ARNTL_01	1	3	2	8	876	0.937714102110727	0.841828154459493	0.989258792989371	-3.08347421659521	1	1	1
AR_02	555	587	1128	1122	876	0.951051456478896	0.674944692887707	0.45817852532668	0.56349679567036	1	1	1
AR_12	0	0	0	0	876	1	1	1	0	1	1	1
ATF3_05	7	1	7	1	876	0.0348441972463135	0.0167862606952676	0.0351580094094459	19.748859383003	0.583904275067012	0.232070054112075	0.366837343460822
ATF4TEF_01	6	16	6	19	876	0.991882102947475	0.984088011321395	0.997961753107214	-10.3658773994867	1	1	1
BACH1_01	195	174	236	216	876	0.12061580411727	0.109349893331605	0.185779391156578	4.84143506517366	1	0.695063115084802	1
BATF3_01	0	0	0	0	876	1	1	1	0	1	1	1
BATFJUN_01	38	32	42	37	876	0.271100519473172	0.228592314395876	0.326508875720763	2.29909865279352	1	1	1
BATF_04	0	0	0	0	876	1	1	1	0	1	1	1
BCL11A_03	36	50	37	66	876	0.951670091817236	0.94006292974831	0.998536228283893	-9.47026051180409	1	1	1
BCL6_02	761	759	2697	2511	876	0.471911154891839	0.00582151713422261	0.00513591501572778	14.9069989251416	1	0.107309965840837	0.0747410790446701
BEN_02	855	857	5901	6382	876	0.684059333705813	0.995793523537775	0.999993630645839	-16.5417864861723	1	1	1
BMAL1_Q6	260	265	327	337	876	0.622815590564255	0.589966038645358	0.665366144582422	-1.57517961396421	1	1	1
BRACH_01	0	0	0	0	876	1	1	1	0	1	1	1
BRN3B_01	5	2	5	2	876	0.226093213365857	0.128102010794934	0.226569736198161	6.24603064769156	1	0.7847249422865	1
BTEB3_Q5	821	819	8599	9546	876	0.461124807303598	0.997918929990722	0.999999999999247	-37.1965254682249	1	1	1
CACCCBINDINGFACTOR_Q6	663	695	2687	3039	876	0.970552973319092	0.996767611291626	0.99999852330421	-26.9731225730551	1	1	1
CARF_01	1	4	1	5	876	0.968928316384756	0.910557681813797	0.984375997222158	-6.00063252461944	1	1	1
CDC5_01	147	151	176	174	876	0.624714000336901	0.576506039743807	0.478758595816405	0.560182461697134	1	1	1
CDPCR3_01	625	627	1395	1412	876	0.563045322369297	0.590031286764002	0.633251574509416	-2.2642330108728	1	1	1
CDP_01	743	750	3426	3193	876	0.704849131057517	0.0201421346159904	0.00214490474181799	12.9773037109944	1	0.269789465869763	0.0329481200618153
CDP_Q6_01	703	678	2236	2102	876	0.0802137847976524	0.0263941785595137	0.0216342892479148	9.89194940339928	0.960618948724486	0.304082932154398	0.239275239081938
CEBPGELF1_01	54	55	57	60	876	0.578355371276184	0.541842171772357	0.644190273980241	-1.61396354230073	1	1	1
CEBPG_Q6	747	737	4495	3960	876	0.275167625184264	0.000426742388501	2.92081950186891e-09	27.933255021017	1	0.0162699865422892	1.61521318453351e-07
CIZ_03	1	0	1	0	876	0.5	0.15893163388081	0.500004670036011	0	1	0.7847249422865	1
CLOCKFIGLA_01	79	100	93	114	876	0.958780927314904	0.948489213338534	0.937009699447923	-8.06254560051217	1	1	1
CLOCKNHLH1_01	25	40	26	43	876	0.978820843615254	0.971322696243441	0.985257586752737	-11.8007266344799	1	1	1
CMYB_01	0	0	0	0	876	1	1	1	0	1	1	1
CMYC_02	424	497	878	1119	876	0.99980182261381	0.999861690267275	0.999999971023508	-17.3532581001267	1	1	1
COE2_02	0	0	0	0	876	1	1	1	0	1	1	1
CP2_01	832	850	5590	5671	876	0.990073038572587	0.701660387556038	0.781121107471649	-3.7000307157131	1	1	1
CPEB1_01	678	606	2232	1747	876	6.17622477232521e-05	8.74066535242682e-07	7.38183439663951e-15	29.9240094178859	0.00683948083672505	9.66717587978406e-05	6.80359070223608e-13
CREB3L1_02	0	0	0	0	876	1	1	1	0	1	1	1
CREBP1_Q2	476	485	810	889	876	0.684409601015837	0.819891067087573	0.973953274385698	-6.78029958256347	1	1	1
CRX_02	398	404	564	578	876	0.631435654401519	0.513305117257747	0.671584911469446	-2.0323184528925	1	1	1
CTCF_04	624	671	2168	2581	876	0.995515561443131	0.999829088135465	0.999999999124355	-34.540524264363	1	1	1
CTCF_06	800	834	4276	4671	876	0.999607140589622	0.997111356992472	0.999986525930136	-17.709404063318	1	1	1
CTF1_01	671	656	1956	2016	876	0.217615845970766	0.57779193915794	0.833845938740214	-3.52741013231319	1	1	1
CTIP2_01	1	2	1	3	876	0.875214163335237	0.71870507392375	0.937502529566541	-3.91688505757664	1	1	1
CUX1HOXA13_01	4	5	4	5	876	0.746657377946642	0.63099086162587	0.74610345484371	-1.8449825218209	1	1	1
CUX1HOXB13_01	17	17	18	17	876	0.568585446481149	0.498738419776113	0.500022202395045	0.907838575283873	1	1	1
CUX1NHLH1_02	0	1	0	1	876	1	0.841620810695718	1	0	1	1	1
CUX1RFX5_01	17	18	18	19	876	0.633360590380011	0.567767946070356	0.628608139556492	-1.10112146907572	1	1	1
CUX1SRF_01	1	0	1	0	876	0.5	0.15893163388081	0.500004670036011	0	1	0.7847249422865	1
CUX1_06	3	5	5	7	876	0.856031732632414	0.76068961269588	0.806162126079192	-1.8449825218209	1	1	1
CUX2_02	0	0	0	0	876	1	1	1	0	1	1	1
DEAF1_02	26	27	27	32	876	0.60971685961994	0.560412963208846	0.78252830062195	-3.88049649285565	1	1	1
DEC_Q1	685	702	1664	1823	876	0.855181388464656	0.981258224718443	0.996665617050482	-7.95259299729616	1	1	1
DLX3_01	619	563	1966	1732	876	0.00250717384762128	0.000946833153695201	6.2571224394146e-05	20.3849344848483	0.106651318287274	0.0275578281049182	0.00164770890904585
DMRT2_01	40	29	44	31	876	0.109542744403048	0.0876210110534136	0.0827222022866174	8.37202638054142	1	0.634638056561877	0.641592551830865
DRRS_02	31	49	31	52	876	0.985456917609691	0.980851014530986	0.992386768008853	-8.72517652971814	1	1	1
E2F1EOMES_02	14	33	14	34	876	0.998642966267379	0.997531235816499	0.998956301052884	-15.8868684248094	1	1	1
E2F1HES7_02	10	24	12	24	876	0.99580033392932	0.992124074131484	0.985594418646018	-10.9803148744741	1	1	1
E2F1NHLH1_01	10	8	10	8	876	0.406784765182658	0.317949895442934	0.407279867307382	3.50024497066534	1	1	1
E2F2_05	0	0	0	0	876	1	1	1	0	1	1	1
E2F3DRGX_01	29	17	29	19	876	0.0496341437535903	0.0373420390659603	0.0967146567782526	7.57475410350157	0.686192037393387	0.382410140805112	0.694767483045807
E2F3FOXI1_01	26	54	27	56	876	0.999598974069907	0.999320784381464	0.999561467677187	-14.524154447931	1	1	1
E2F3ONECUT2_01	0	0	0	0	876	1	1	1	0	1	1	1
E2F7_01	0	0	0	0	876	1	1	1	0	1	1	1
E2F_01	817	820	3948	3734	876	0.650129506735428	0.00292974936708807	0.00745887911520818	13.679127262343	1	0.0648060559999882	0.103119003767753
E4BP4_01	27	24	28	28	876	0.388278690735317	0.338473979524905	0.553101983715293	0.680980204644465	1	1	1
EGR3_05	0	0	0	0	876	1	1	1	0	1	1	1
EGR4_02	0	0	0	0	876	1	1	1	0	1	1	1
EGR_Q6	506	570	2282	2499	876	0.999293000974168	0.998092474673021	0.999205343082677	-21.9175453828249	1	1	1
ELK1FOXI1_01	1	1	1	1	876	0.750142775556825	0.5003221179773	0.750004799737492	0	1	1	1
ELK1HOXA3_01	23	22	23	22	876	0.5	0.440063639448316	0.500025135298898	1.0000800810446	1	1	1
ELK1PAX9_01	0	0	0	0	876	1	1	1	0	1	1	1
ELK1SREBF2_02	1	4	1	4	876	0.968928316384756	0.91047517999364	0.968751621508435	-6.06279416266432	1	1	1
ERBETA_Q5	639	663	1371	1679	876	0.914220304655937	0.99624721455724	0.999999989569461	-26.971521616724	1	1	1
ERFCLOCK_01	24	16	24	18	876	0.131325273507983	0.101992993787716	0.220415057731857	6.13806369577359	1	0.684835369436355	1
ERFMAX_01	1	1	1	1	876	0.750142775556825	0.5003221179773	0.750004799737492	0	1	1	1
ERFONECUT2_01	2	0	2	0	876	0.249857224443176	0.0787088284092218	0.250004540334531	0	1	0.596246330278078	1
ERFSREBF2_02	1	1	1	1	876	0.750142775556825	0.5003221179773	0.750004799737492	0	1	1	1
ESRRG_02	0	0	0	0	876	1	1	1	0	1	1	1
ETS1_03	0	0	0	0	876	1	1	1	0	1	1	1
ETV2ONECUT2_01	0	3	0	3	876	1	0.958514362136887	1	0	1	1	1
ETV2RFX5_02	0	0	0	0	876	1	1	1	0	1	1	1
ETV2SPDEF_01	0	2	0	2	876	1	0.921528037414693	1	0	1	1	1
ETV2TBX21_03	3	2	3	2	876	0.5	0.327360212095827	0.500008756326608	3.31736551768697	1	1	1
ETV2TCF3_01	51	66	55	68	876	0.937298859348147	0.921061249013319	0.896702326013294	-6.47688282640917	1	1	1
ETV5EOMES_01	120	157	142	184	876	0.993633635654542	0.991940082690334	0.991455335760578	-15.8891063672547	1	1	1
ETV5HES7_01	443	482	1177	1494	876	0.972222901852993	0.997166860706282	0.999999999647373	-32.9504032180418	1	1	1
ETV6_01	2	12	2	13	876	0.999118947425462	0.99635722466347	0.999511798554554	-11.4535287018321	1	1	1
ETV7TBX21_01	5	11	5	11	876	0.962259167867996	0.9340630217292	0.961597345624809	-8.32429297128761	1	1	1
EVI1_01	25	19	63	23	876	0.222789641880642	0.178564541986674	9.38109883293462e-06	17.4477641402815	1	0.858662536683744	0.000305161626741932
EVI1_03	63	43	84	47	876	0.0282322733284161	0.0217471894633247	0.000779085300524873	15.5152624538852	0.503627327439165	0.272754310697978	0.0130555809451592
EVI1_09	0	1	0	2	876	1	0.841620810695718	1	0	1	1	1
EVX2_03	753	731	4689	4201	876	0.0816439251176327	0.000821311876179128	1.12495973600704e-07	21.1105927010266	0.960618948724486	0.0252325259737254	5.1841894500991e-06
EVX2_04	13	17	13	20	876	0.821290776707542	0.771808857353594	0.918632073178847	-4.29620671775565	1	1	1
FKHL14_Q2	248	207	344	304	876	0.0146165225466739	0.0138607291784839	0.0627180482900766	9.82488611761078	0.351432042100465	0.201710085150042	0.550525090546228
FLI1CEBPB_01	0	0	0	0	876	1	1	1	0	1	1	1
FOXC1_Q4	660	586	2275	1766	876	5.83543437367169e-05	3.73850605570459e-07	5.75690560440588e-16	32.5604618638509	0.00683948083672505	5.16848462201159e-05	7.95892199809113e-14
FOXD2_04	0	0	0	0	876	1	1	1	0	1	1	1
FOXG1_01	0	0	0	0	876	1	1	1	0	1	1	1
FOXG1_02	0	0	0	0	876	1	1	1	0	1	1	1
FOXI1_03	0	0	0	0	876	1	1	1	0	1	1	1
FOXJ2_02	666	574	3057	2370	876	8.35573181361293e-07	3.74379570536868e-09	4.96504919970233e-21	44.2492273780609	0.000462071969292795	2.07031902506888e-06	1.63508887332392e-18
FOXJ2_03	9	7	10	7	876	0.401358370041149	0.307174975132618	0.314542507667057	3.40687657681423	1	1	1
FOXL2_Q2	332	281	484	386	876	0.00611363633826223	0.00287776097512366	0.000497069482840369	16.525913777448	0.198872993827001	0.0648060559999882	0.00916264746702413
FOXL2_Q5	655	618	1584	1396	876	0.0267910990593172	0.00108473541102162	0.000303188941957586	16.3040659295553	0.493849259326748	0.0299929341147479	0.00615569248416455
FOXM1_Q3	773	787	4642	4353	876	0.874379153398474	0.0564125721762038	0.00117083155159261	13.7965404505098	1	0.511412334646569	0.0190432308244327
FOXN4_01	858	864	9996	11925	876	0.901697910396446	0.999999999999609	1	-74.2745259708131	1	1	1
FOXO1ETV7_01	6	4	6	4	876	0.376600554463871	0.263130059231865	0.376964298502368	4.41620925620529	1	1	1
FOXO3_01	618	549	1484	1303	876	0.000282937825024543	0.000313193432211954	0.000321656458642142	17.4809264263402	0.0195580771548215	0.0137059205557255	0.00615569248416455
FOXO3_03	0	0	0	0	876	1	1	1	0	1	1	1
FOXO6_03	5	5	5	5	876	0.623399445536129	0.500144385954386	0.62305868687883	0	1	1	1
FOXP1_01	5	3	5	3	876	0.362968123362976	0.239435360938057	0.363291181997025	4.96695582578665	1	1	1
FXR_Q3	486	444	832	742	876	0.0248196705678406	0.0224532811201669	0.0124056918203832	13.0213353116634	0.473285442207444	0.272754310697978	0.152452168370486
GATA5_06	188	186	226	220	876	0.476756068659463	0.452333383659918	0.40650489791618	1.23057622609078	1	1	1
GATAD2A_01	832	843	5071	5421	876	0.919230962737753	0.975326500112144	0.999706262680823	-10.8303864696456	1	1	1
GCM1CEBPB_01	1	1	1	1	876	0.750142775556825	0.5003221179773	0.750004799737492	0	1	1	1
GCM1ELF1_02	114	138	124	160	876	0.95569658196427	0.953256327822965	0.986037540504429	-10.7693141462607	1	1	1
GCM1ELK3_01	2	4	2	4	876	0.891026785626447	0.7933589608384	0.89062974293982	-3.93776358745241	1	1	1
GCM1ETV4_01	26	36	28	57	876	0.922805707068793	0.904781593004763	0.999492172024461	-14.396299764973	1	1	1
GCM1ETV7_01	5	12	5	16	876	0.976016967937147	0.95610978721815	0.99640191411351	-12.9278846967455	1	1	1
GCM1FOXI1_01	96	99	102	118	876	0.619344692370812	0.619104901561397	0.874201250515604	-5.16127904924115	1	1	1
GCM1MAX_03	1	1	1	1	876	0.750142775556825	0.5003221179773	0.750004799737492	0	1	1	1
GCM1NHLH1_01	138	177	166	200	876	0.99362843855826	0.990604691499875	0.966435652885534	-11.3475710091936	1	1	1
GCM1ONECUT2_01	0	4	0	4	876	1	0.97737305135008	1	0	1	1	1
GCM1PITX1_02	243	236	305	325	876	0.373882800104559	0.397308287863952	0.798703139637247	-4.48473411641273	1	1	1
GCM1SOX2_01	0	0	0	0	876	1	1	1	0	1	1	1
GCM1TBX21_02	23	25	24	27	876	0.669475185186398	0.616498386349181	0.712100720810196	-3.02013735235745	1	1	1
GCM1_05	31	21	38	27	876	0.102373813156701	0.0806291173709607	0.107279659422529	8.42433761862161	1	0.596916270146439	0.741570645758228
GCM2E2F8_01	281	333	511	640	876	0.996034382639113	0.994983827123003	0.999937751927878	-22.066360864169	1	1	1
GCM2HES7_01	301	337	497	628	876	0.966917319123787	0.990033576517632	0.999959460044548	-22.6770638948955	1	1	1
GCM2HOXA13_01	4	10	4	10	876	0.971801121858896	0.946285760271969	0.971316202870726	-7.14222664737038	1	1	1
GCM2MAX_01	225	232	277	300	876	0.668305309444054	0.707696428710473	0.841225328178227	-4.8612034044203	1	1	1
GCM2SOX15_01	97	77	106	87	876	0.0644453101018157	0.058803001574109	0.0974910500895002	8.6732735017466	0.828796662472189	0.515340152722019	0.694767483045807
GCM2TBX21_02	3	2	3	2	876	0.5	0.327360212095827	0.500008756326608	2.73995301075668	1	1	1
GCNF_01	11	10	11	10	876	0.5	0.413237634776177	0.500017279867795	1.26534847720671	1	1	1
GFI1B_01	612	617	1384	1328	876	0.622945643983141	0.32024073368648	0.14539457114248	4.58611290419811	1	1	0.855353168529696
GLI3_03	0	0	0	0	876	1	1	1	0	1	1	1
GLIS1_01	0	0	0	0	876	1	1	1	0	1	1	1
GMEB2_02	1	2	1	2	876	0.875214163335237	0.718482612097482	0.875003697077412	-2.64767406734088	1	1	1
GMEB2_03	3	4	4	4	876	0.773906786634143	0.647030875374346	0.636729249442327	0	1	1	1
GRE_C	824	844	5763	6060	876	0.990813266253592	0.947953869813978	0.997022350643926	-14.8313992330734	1	1	1
GRHL1_01	16	18	23	24	876	0.697985094409341	0.633270731738538	0.614592481439902	-1.91566629480764	1	1	1
GZF1_01	0	0	0	0	876	1	1	1	0	1	1	1
HELIOS_01	4	2	4	2	876	0.343481836209061	0.206907603402752	0.343758513135953	4.79684083401146	1	0.930243127493674	1
HES1_Q2	708	711	1782	1957	876	0.59620103474156	0.982723499367631	0.998025002094183	-13.973691999734	1	1	1
HES5_01	1	0	1	0	876	0.5	0.15893163388081	0.500004670036011	0	1	0.7847249422865	1
HESX1_02	2	2	4	2	876	0.687714347008766	0.499316294487668	0.343758513135953	2.55117458457179	1	1	1
HIC1_03	483	545	1161	1346	876	0.998885859112513	0.999594141072468	0.999900101132981	-20.3065083024533	1	1	1
HIC2_01	797	802	3727	4069	876	0.694124127155815	0.979195800779474	0.999950697368847	-15.125975305934	1	1	1
HIC2_03	0	0	0	0	876	1	1	1	0	1	1	1
HIF1_Q5	478	546	889	1260	876	0.999591322516568	0.999999627517175	1	-29.9027078261499	1	1	1
HINFP_02	0	0	0	0	876	1	1	1	0	1	1	1
HINFP_03	0	0	0	0	876	1	1	1	0	1	1	1
HMX1_01	0	2	0	2	876	1	0.921528037414693	1	0	1	1	1
HNF1B_01	680	638	2422	2170	876	0.0115997237578717	0.00923488916816682	0.000104180447310201	20.2944750243488	0.305459392290621	0.145911248857036	0.00250486032011048
HNF1_C	319	260	470	407	876	0.00160196430282549	0.00367836553206113	0.0181092839577684	13.2634949052289	0.0738238549552081	0.0726477192582073	0.213073064439275
HNF3B_01	640	553	2168	1681	876	5.06873158429561e-06	1.10432698267421e-08	2.06104536479197e-15	37.894004036709	0.00140150428305774	3.05346410709419e-06	2.27951617345992e-13
HNF4A_09	705	691	1800	1725	876	0.220110640132638	0.167057053957946	0.106201028432947	4.67378473481707	1	0.817544697688	0.741570645758228
HNF4GAMMA_01	0	0	0	0	876	1	1	1	0	1	1	1
HNF6_Q6	233	210	302	275	876	0.113270763042626	0.108258517825834	0.139546670030422	5.25783210127208	1	0.695063115084802	0.848014379415642
HOX13_01	597	586	1302	1233	876	0.304974559097669	0.10570307031409	0.0883422745153178	12.0406000370206	1	0.695063115084802	0.669222983657133
HOXB13EOMES_01	735	701	2692	2434	876	0.0201003105652052	0.00189126670693742	0.000162576945358595	19.9554857048226	0.440250001521045	0.0454726299537562	0.00359620203133213
HOXB13TBX3_01	110	105	118	117	876	0.385459548830094	0.369854247575195	0.50005718506281	0.178407027504867	1	1	1
HOXB2ELK1_02	0	1	0	1	876	1	0.841620810695718	1	0	1	1	1
HOXB2ESRRB_01	0	0	0	0	876	1	1	1	0	1	1	1
HOXB2PITX1_01	158	128	189	154	876	0.0303552495775557	0.0225302101529057	0.0331139945858536	10.6780871746425	0.524576656762134	0.272754310697978	0.352154596268789
HOXB2RFX5_01	140	113	157	130	876	0.0385234385899249	0.0347179020865583	0.0623561171976165	10.2442505266807	0.603367997870986	0.362245280261637	0.550525090546228
HOXB2_03	1	2	1	2	876	0.875214163335237	0.718482612097482	0.875003697077412	-2.34795735445485	1	1	1
HOXC10TBX21_01	28	25	30	25	876	0.39028314038006	0.335005429870842	0.29504799913988	3.57804954713857	1	1	1
HOXD10_Q2	324	274	609	489	876	0.00675938064022067	0.00362258428440815	0.000162058113897195	17.2797277475811	0.207663194113446	0.0726477192582073	0.00359620203133213
HOXD12EOMES_01	2	1	2	1	876	0.5	0.281962693640824	0.500007005057651	5.29224675050945	1	1	1
HOXD12ETV4_01	0	0	0	0	876	1	1	1	0	1	1	1
HOXD12TBX21_01	4	7	4	7	876	0.887456199213128	0.817921701520936	0.886725438733225	-4.58324049348721	1	1	1
HOXD13_01	545	492	1265	1023	876	0.00572831065391598	0.000199652861846951	2.26292274388115e-07	25.1313130265129	0.198295729523997	0.0121167981649499	9.62612521050981e-06
HOXD13_04	30	19	31	20	876	0.0733181197208077	0.0557585467524512	0.0803970015411306	7.74328639517002	0.90099822679126	0.511412334646569	0.641592551830865
HOXD9_Q2	500	477	1001	923	876	0.14496749667768	0.0586660770088659	0.0395378650811639	7.62849954862032	1	0.515340152722019	0.397535261634248
HSF2_02	239	228	331	288	876	0.294498968829352	0.214815824064778	0.0456497838359039	8.03589704673498	1	0.952913178295817	0.437986919902317
HSF2_Q6	100	87	118	98	876	0.176593125731226	0.150945978282251	0.0979961368491374	7.17130904615066	1	0.7847249422865	0.694767483045807
HSFY1_01	83	98	114	139	876	0.895474457495401	0.892101147542307	0.949055417731853	-5.21090600161408	1	1	1
IK1_01	834	847	5519	5923	876	0.955404213179341	0.983387440888403	0.999927319375091	-18.206716683181	1	1	1
IK3_01	832	843	4952	5224	876	0.919230962737753	0.946994752751089	0.996681670800139	-12.892997884092	1	1	1
IRF4_05	0	0	0	0	876	1	1	1	0	1	1	1
IRF4_09	485	468	793	786	876	0.221402668167729	0.318970687467734	0.440115286597848	0.633735240188663	1	1	1
IRF4_Q5	215	170	278	223	876	0.00553418498607763	0.00452772457078718	0.00787649826388041	13.442818281644	0.198295729523997	0.0863390237119073	0.106236671705509
IRF7_04	10	7	10	7	876	0.313676921188837	0.232488540804978	0.314542507667057	4.48834935875454	1	1	1
IRF7_Q3	484	466	785	792	876	0.207481284548469	0.398781608481945	0.580001207492074	-0.765557646921058	1	1	1
ISL2_03	821	848	6615	6560	876	0.999252293414745	0.291471770017928	0.318822606769484	1.35151098699904	1	1	1
ISRE_01	160	151	196	192	876	0.308491028471563	0.286953237657703	0.439553605573047	2.33860930593023	1	1	1
KAISO_01	263	261	326	320	876	0.479194476650999	0.440181404794747	0.422112004086781	1.03507584675203	1	1	1
KAISO_Q2	810	828	12790	13981	876	0.967351539467521	0.999251093173512	0.999999999999893	-37.7524337333132	1	1	1
KLF13_01	9	22	16	43	876	0.994995612015323	0.990682968676572	0.99989818962376	-16.9512040012736	1	1	1
KLF8_01	8	12	8	12	876	0.869790098022901	0.815827136214278	0.868422240849549	-3.51257231656707	1	1	1
KLF9_01	126	156	150	219	876	0.978132570101607	0.979560802774553	0.99987131876498	-16.0420365568021	1	1	1
LBX2_03	802	803	7396	6684	876	0.568385535257946	0.00183992448470484	9.04538383196646e-10	25.3564140041961	1	0.0454726299537562	5.55788584341939e-08
LEF1_05	566	561	1153	1143	876	0.420943883735977	0.471852089468243	0.42564061155366	1.46106102233762	1	1	1
LHX2_03	22	13	40	22	876	0.0855621390995262	0.0618161303716456	0.0150093994383029	10.341056027733	0.985747144209124	0.525912616854154	0.180439084551772
LHX3_01	528	464	2132	1784	876	0.0011896790365844	0.000250014901401491	1.39875795487638e-08	28.3821022830502	0.0598084097482887	0.0125689309522749	7.03193771860579e-07
LHX6_06	1	3	2	5	876	0.937714102110727	0.841552090305469	0.937503405169568	-4.54686057066811	1	1	1
LHX6_07	3	1	6	2	876	0.312285652991234	0.158585941703703	0.144536868718842	6.48240840759901	1	0.7847249422865	0.855353168529696
LRF_Q6	636	677	2511	2950	876	0.989738776825151	0.999802748550638	0.999999998787159	-28.3230603213412	1	1	1
LYF1_01	770	770	2451	2496	876	0.529189600891212	0.760948708583851	0.743929089060016	-2.62520845517759	1	1	1
MAFA_Q4_01	716	718	1788	1974	876	0.57374611375529	0.992028117293524	0.998866931631685	-12.9717101611296	1	1	1
MAFB_Q4	812	831	3350	3666	876	0.976265179971794	0.998297785733467	0.999925533480665	-16.7316381260896	1	1	1
MAFF_01	2	0	2	0	876	0.249857224443176	0.0787088284092218	0.250004540334531	0	1	0.596246330278078	1
MAFF_04	0	1	0	1	876	1	0.841620810695718	1	0	1	1	1
MAX_11	50	64	53	65	876	0.927022893328461	0.909878134228868	0.884394097213492	-3.6722580505413	1	1	1
MEF2_01	0	0	0	0	876	1	1	1	0	1	1	1
MEF2_04	423	386	716	627	876	0.0422307908271829	0.020490339179982	0.00814180359454228	17.382075212503	0.614569140195583	0.269789465869763	0.106294720453591
MEIS1AHOXA9_01	818	812	5228	4873	876	0.319501328169925	0.0090599995714199	0.00020706305020564	17.5305907227257	1	0.145911248857036	0.00440407179860457
MEIS1DLX3_01	56	61	59	63	876	0.717002785541618	0.681063908744977	0.674562486007231	-1.83579625913351	1	1	1
MEIS1DRGX_01	702	715	2021	2138	876	0.802472731326013	0.819918008199818	0.966553993514213	-7.88959826553603	1	1	1
MEIS1EOMES_01	797	831	3427	3907	876	0.999479799038395	0.999845122352969	0.999999990993829	-24.9872584917889	1	1	1
MEIS1SOX2_01	11	13	11	13	876	0.730785623313793	0.659533684467602	0.729388464965827	-2.25396119336908	1	1	1
MEIS1_02	189	161	221	186	876	0.0532931718698651	0.0460764885114116	0.0459034202957845	9.73463919613547	0.718807903513059	0.439315485289838	0.437986919902317
MEIS1_06	3	3	3	3	876	0.656518163790938	0.500186187822175	0.656258999517262	0	1	1	1
MEIS2ONECUT2_01	8	5	8	5	876	0.289806472199044	0.201971918290899	0.290538430656075	5.477512275722	1	0.930243127493674	1
MEIS2_05	0	0	0	0	876	1	1	1	0	1	1	1
MEOX2_03	6	3	6	3	876	0.253342622053357	0.158193319443346	0.253914933442166	6.16488444347694	1	0.7847249422865	1
MGADLX2_01	28	19	28	19	876	0.118278027282148	0.091724966635857	0.121490187309406	6.81379276949665	1	0.642074766450999	0.786481710149247
MIBP1_Q6	524	516	1044	978	876	0.366748780272924	0.323245275081723	0.0740999320413673	7.30478251918846	1	1	0.611600931625016
MIZF_03	0	0	0	0	876	1	1	1	0	1	1	1
MRF2_01	70	64	74	68	876	0.326617988672283	0.29345325081822	0.337502368467217	2.4053309689298	1	1	1
MSX1_01	692	702	2053	1946	876	0.742703273260135	0.102787225430773	0.0467291650528692	6.24382410388172	1	0.684835369436355	0.437986919902317
MSX1_Q5	130	101	154	131	876	0.0239196926828168	0.0239812306249557	0.0962240338749274	6.58842829262426	0.472413930485632	0.28216213905533	0.694767483045807
MSX2_03	5	6	5	6	876	0.726232316816236	0.618948828813344	0.72559705763934	-1.733022403496	1	1	1
MSX2_Q3	782	771	3419	3113	876	0.225778844171558	0.000727732166048849	7.83907859395227e-05	15.73847959778	1	0.0251522429890633	0.00197045930111618
MTF1_01	805	837	3564	4202	876	0.9994650958362	0.999999719338926	0.999999999999821	-39.5538590114602	1	1	1
MTF1_07	0	2	0	2	876	1	0.921528037414693	1	0	1	1	1
MYBL1ELF1_01	1	0	1	0	876	0.5	0.15893163388081	0.500004670036011	0	1	0.7847249422865	1
MYBL1FIGLA_01	38	31	38	32	876	0.230688990252069	0.196530342226665	0.275228789065971	4.60398196221871	1	0.921027790265643	1
MYBL1HOXA13_01	1	3	1	3	876	0.937714102110727	0.841690280381416	0.937502529566541	-5.09969381443796	1	1	1
MYBL1ONECUT2_01	64	61	65	65	876	0.426408402075437	0.398366468738758	0.534965912497457	0	1	1	1
MYBL2_02	13	14	14	15	876	0.650567056851235	0.576870328099582	0.644484387825658	-1.49154475082753	1	1	1
MYBL2_03	0	3	0	5	876	1	0.958514311916843	1	0	1	1	1
MYBL2_05	8	3	12	4	876	0.112543800786872	0.065151490728726	0.0384088795147676	10.7240953182734	1	0.54589052080281	0.393335377253083
MYOD_01	0	0	0	0	876	1	1	1	0	1	1	1
MYOGNF1_01	843	856	6824	7365	876	0.975065520153017	0.997338354862958	0.999997545161326	-33.3061867923173	1	1	1
NERF_Q2	832	838	4124	4283	876	0.785669525246338	0.8433564466398	0.95991741229853	-9.61046059405167	1	1	1
NFAT5_02	7	7	7	7	876	0.605157199072358	0.500122168747666	0.604750403962077	0	1	1	1
NFATC1_01	4	5	4	5	876	0.746657377946642	0.63099086162587	0.74610345484371	-2.00091981023138	1	1	1
NFATC1_02	3	6	6	9	876	0.910718909975299	0.841160343441186	0.849130604302917	-3.10988265309681	1	1	1
NFATC1_03	1	1	2	2	876	0.750142775556825	0.5003221179773	0.687507199610024	0	1	1	1
NFIA_03	68	83	70	88	876	0.913497966281933	0.900948736643107	0.934829949494847	-5.77703250056671	1	1	1
NFKB_C	510	528	959	1043	876	0.822199983804765	0.822083849191305	0.971369954291302	-4.56548252359488	1	1	1
NFY_C	584	582	1047	1200	876	0.479808777744133	0.951103216750325	0.999427549264684	-14.6948389061712	1	1	1
NKX22_01	535	484	1211	1076	876	0.00771348586844476	0.0104664938249126	0.00252411165894473	12.1974299924268	0.213277884262498	0.156431650950721	0.0377252364161199
NKX23_04	6	14	6	14	876	0.979873110292212	0.963982442799096	0.979307856589464	-9.10404645403254	1	1	1
NKX25_03	816	835	4977	4830	876	0.980055987436949	0.137640148707114	0.0698178174146567	8.11836363566218	1	0.7847249422865	0.593988508158541
NKX31_06	438	438	667	657	876	0.51905404106578	0.385873296852835	0.402425970706787	1.09821256192198	1	1	1
NKX61_01	330	294	498	434	876	0.040370010707462	0.0317401709097824	0.0194875525766733	11.0313404808273	0.603367997870986	0.358210500267545	0.219930950508171
NKX62_Q2	581	502	1779	1529	876	6.18397905671343e-05	9.56765480287874e-05	7.30758898654867e-06	17.4464158238284	0.00683948083672505	0.00661364138248993	0.000252568544347588
NOR1_02	2	1	2	1	876	0.5	0.281962693640824	0.500007005057651	3.16579566374802	1	1	1
NR2E1_02	115	82	125	89	876	0.00767580205314201	0.00641696705350099	0.00826523142767521	13.8468757367936	0.213277884262498	0.110893211893314	0.106294720453591
NR2F1_05	680	691	1492	1617	876	0.756447897436226	0.955886547138398	0.988161914948128	-10.1589247632742	1	1	1
NR4A2_02	1	1	2	2	876	0.750142775556825	0.5003221179773	0.687507199610024	0	1	1	1
NR4A2_03	0	0	0	0	876	1	1	1	0	1	1	1
NR4A2_04	29	41	29	42	876	0.943906309571296	0.928887656510075	0.952049091210601	-6.369459622608	1	1	1
NRF1_02	5	27	12	72	876	0.999991795569824	0.999956609468878	0.999999999998877	-16.9313214217783	1	1	1
NRSF_01	3	7	3	7	876	0.945814443013148	0.89769675952858	0.945316239587208	-6.80414354181455	1	1	1
OCT1_01	431	410	798	750	876	0.169435964100018	0.133521776070266	0.116099788514203	8.11872242127897	1	0.7847249422865	0.783388441864491
OCT1_06	784	775	5612	5151	876	0.270823498223292	0.00848623951156659	4.37307420587683e-06	22.781020964636	1	0.14220880151201	0.000163056485058079
OLF1_01	414	423	737	712	876	0.683772735630314	0.488339421164993	0.264233490950412	3.43429804786956	1	1	1
OSR2_05	0	0	0	0	876	1	1	1	0	1	1	1
OTX2_Q3	187	193	209	218	876	0.657532579218426	0.629867252416836	0.685845404941917	-1.99077499550366	1	1	1
P73_Q6	333	370	495	530	876	0.968018484956431	0.958886168377115	0.869721053685736	-7.2995735902856	1	1	1
PAX1_B	0	0	0	0	876	1	1	1	0	1	1	1
PAX2_01	682	700	1855	1903	876	0.866972411214198	0.768782529476549	0.788336259021637	-3.52954425831587	1	1	1
PAX2_Q2	703	720	1823	2081	876	0.864588666062903	0.999688506917616	0.999983478760918	-16.2514961742361	1	1	1
PAX3_01	855	859	6361	7281	876	0.793726177653497	0.999999964384767	0.999999999999999	-38.5559774911461	1	1	1
PAX5_01	852	853	8095	9418	876	0.616100348251719	0.999999904975614	1	-64.9862131541343	1	1	1
PAX5_Q6	808	827	3797	3934	876	0.972393706775372	0.94439893123993	0.942199032989347	-10.0568469609544	1	1	1
PAX9_01	0	1	0	1	876	1	0.841620810695718	1	0	1	1	1
PBX1_02	387	381	597	629	876	0.404880490502279	0.559531593780635	0.827183195364925	-4.33534409845126	1	1	1
PBX1_05	808	823	3486	3842	876	0.934309420004214	0.99703989086208	0.999985418636397	-21.4221651082131	1	1	1
PBX4_01	0	0	0	0	876	1	1	1	0	1	1	1
PIT1_Q6	718	680	3143	2800	876	0.0138055728447647	0.00148814137938303	4.42287029994788e-06	27.6930948921493	0.347021899234313	0.0391877229904197	0.000163056485058079
PITX1EOMES_01	113	119	122	130	876	0.689098935550235	0.659584758836219	0.714644239233501	-2.73235319150503	1	1	1
PITX1FIGLA_01	81	88	89	94	876	0.741263833744052	0.705171841692104	0.671303913759674	-2.01997043162587	1	1	1
PITX1HES7_01	6	8	6	8	876	0.788970774347403	0.704305427624263	0.788036029749202	-2.69332594093685	1	1	1
PITX1TBX21_01	1	3	1	3	876	0.937714102110727	0.841690280381416	0.937502529566541	-4.54686057066811	1	1	1
PLAG1_02	548	597	4408	4671	876	0.993985305440072	0.946462683851478	0.997267640170561	-21.0686556925749	1	1	1
PLAG1_04	9	15	10	15	876	0.925610768580616	0.890572816721876	0.885249143224165	-4.32123872792279	1	1	1
PLAG1_06	0	0	0	0	876	1	1	1	0	1	1	1
PLAG1_08	2	0	2	0	876	0.249857224443176	0.0787088284092218	0.250004540334531	0	1	0.596246330278078	1
PLAGL2_02	0	0	0	0	876	1	1	1	0	1	1	1
PLAGL2_03	138	150	162	177	876	0.798969861730035	0.780297278688732	0.807630058093259	-3.32076109715382	1	1	1
PLAGL2_05	0	0	0	0	876	1	1	1	0	1	1	1
PLZFB_Q3	648	628	1990	1809	876	0.153756616940274	0.0158365564127763	0.00173249941059461	12.4080388539634	1	0.224554248622187	0.0273734906873949
POU2F1DLX2_01	0	1	0	1	876	1	0.841620810695718	1	0	1	1	1
POU2F1EOMES_01	615	614	1241	1330	876	0.5	0.657315649243954	0.962195693021942	-8.08607024373992	1	1	1
POU2F1ETV4_01	0	0	0	0	876	1	1	1	0	1	1	1
POU2F1FOXO6_01	20	14	23	15	876	0.193426460896104	0.148484125102898	0.127947280136601	10.8535399885251	1	0.7847249422865	0.794998268713935
POU2F1HOXB13_01	53	44	61	48	876	0.201707291879461	0.169449021484882	0.125154413188307	7.13888336027805	1	0.821976393694207	0.786481710149247
POU2F1SOX2_01	56	41	57	44	876	0.0716215669663221	0.0596415366622228	0.116162481433794	7.06675261355651	0.900152875735821	0.515340152722019	0.783388441864491
POU2F1TBX21_01	23	20	29	33	876	0.378936332334729	0.333113357943008	0.737140738019419	3.04994118239028	1	1	1
POU3F1_Q6	682	673	2439	2172	876	0.324012662106757	0.00641029651126803	4.38446123565205e-05	24.8021405052447	1	0.110893211893314	0.00127610898069241
POU3F2_01	671	652	4284	3476	876	0.158638118298906	6.00345320072147e-05	2.0226536462559e-20	34.8669604358924	1	0.00474272802856996	3.72842488793171e-18
POU4F2_01	2	0	2	0	876	0.249857224443176	0.0787088284092218	0.250004540334531	0	1	0.596246330278078	1
POU4F2_02	36	29	38	30	876	0.224223711998051	0.187388587275694	0.198079737641549	4.35161355540362	1	0.885691356952639	1
POU5F1_01	823	822	6950	6753	876	0.5	0.0706145612746104	0.0465503592314615	9.35385921883127	1	0.582833617684471	0.437986919902317
POU6F2_01	1	0	1	0	876	0.5	0.15893163388081	0.500004670036011	0	1	0.7847249422865	1
PPARG_02	830	850	10121	10316	876	0.994493304562487	0.739196351236172	0.916161562416629	-0.529507553736017	1	1	1
PRDM10_01	0	0	0	0	876	1	1	1	0	1	1	1
PRDM12_01	11	8	11	8	876	0.32289105384705	0.244610299339083	0.323816936576456	3.46446224821205	1	1	1
PRDM14_01	5	10	5	10	876	0.941550895393968	0.902595358789052	0.940770373840511	-5.29216594336979	1	1	1
PRDM14_02	173	185	197	237	876	0.779413131113036	0.799527356682942	0.975556025868767	-9.165827364441	1	1	1
PRDM15_01	47	57	49	58	876	0.867001765847015	0.842091637985917	0.833178357502766	-3.56851828283293	1	1	1
PRDM15_02	0	0	0	0	876	1	1	1	0	1	1	1
PRDM15_03	4	3	4	3	876	0.5	0.352647882443025	0.500010215719676	1.82772230392934	1	1	1
PRDM15_04	3	3	3	3	876	0.656518163790938	0.500186187822175	0.656258999517262	0	1	1	1
PRDM16_05	591	622	1197	1188	876	0.951213537279617	0.541603159327838	0.435081494192183	0.606514429124536	1	1	1
PRDM1_03	590	592	1097	1099	876	0.560789636109121	0.346789514594643	0.525710171337467	-0.318295176115143	1	1	1
PRDM4_01	0	0	0	0	876	1	1	1	0	1	1	1
PRDM5_02	2	0	2	0	876	0.249857224443176	0.0787088284092218	0.250004540334531	0	1	0.596246330278078	1
PRDM5_03	3	4	3	5	876	0.773906786634143	0.648154280986517	0.855475390119327	-3.03409617247989	1	1	1
PREP1_Q3	588	604	1161	1163	876	0.808099684266972	0.771795545807485	0.525003833919497	-0.469849666944871	1	1	1
PROX1_01	5	9	5	9	876	0.911091083064386	0.858441130044302	0.910223783994647	-4.47279214762879	1	1	1
PRRX2_05	0	0	0	0	876	1	1	1	0	1	1	1
PRX2_Q2	746	686	3941	3365	876	0.000128017963239715	1.22138557280825e-05	7.78489550632519e-12	28.2271594097831	0.0117989889452604	0.00112571036960494	6.1500674499969e-10
PSF_Q5	355	417	498	613	876	0.998789115945183	0.999351164182859	0.999753379202088	-12.5167645006424	1	1	1
RARB_01	0	0	0	0	876	1	1	1	0	1	1	1
RBPJK_01	494	532	801	864	876	0.970733658337181	0.961998217872549	0.941749598967757	-6.72469215364521	1	1	1
RELA_03	801	805	4464	4553	876	0.667140944309517	0.761313774953216	0.82917289749489	-4.17719084420711	1	1	1
REST_04	92	107	101	118	876	0.88587230558179	0.86814453360912	0.888151192430189	-5.49421766272666	1	1	1
RFX2_02	1	2	1	2	876	0.875214163335237	0.718482612097482	0.875003697077412	-2.74035549669463	1	1	1
RFX3BHLHA15_01	4	6	5	6	876	0.828829332886985	0.736396946664799	0.72559705763934	-1.733022403496	1	1	1
RFX3FIGLA_02	42	31	42	31	876	0.115828184878095	0.0943169534966282	0.120833968586653	8.36274408173739	1	0.651965941045442	0.786481710149247
RFX3HES7_01	9	12	9	12	876	0.809794326968319	0.744947848267545	0.808357931544382	-3.60633611407226	1	1	1
RFX3SREBF2_01	1	0	1	0	876	0.5	0.15893163388081	0.500004670036011	0	1	0.7847249422865	1
RFX3SRF_01	125	129	138	156	876	0.632774899327223	0.625671936435445	0.866159255368781	-6.32681407640197	1	1	1
RFX5_02	7	9	9	14	876	0.773802729162088	0.694031117368109	0.894989745654403	-4.71051789518235	1	1	1
RFX_Q6	450	479	672	768	876	0.924521541614742	0.980458739900195	0.994740797762114	-9.71047818239525	1	1	1
RLF_01	16	15	16	15	876	0.5	0.428200606623407	0.5000209144422	0.775496085802788	1	1	1
ROAZ_01	3	3	4	6	876	0.656518163790938	0.501303310779975	0.82813330015363	0	1	1	1
RORA2_01	288	269	377	339	876	0.177881071058235	0.149542534102811	0.0833464560096	6.93553717759889	1	0.7847249422865	0.641592551830865
RORA_05	0	0	0	0	876	1	1	1	0	1	1	1
RORA_06	0	0	0	0	876	1	1	1	0	1	1	1
RP58_01	40	44	40	48	876	0.711836473387348	0.678168955986215	0.831328113935865	-3.85291716143326	1	1	1
RREB1_01	715	758	2790	3450	876	0.997994779110946	0.998866133278721	1	-35.4331848161471	1	1	1
RREB1_04	0	0	0	0	876	1	1	1	0	1	1	1
RREB1_05	0	0	0	0	876	1	1	1	0	1	1	1
RREB_Q5	283	323	382	465	876	0.980289422398585	0.981065425190665	0.998069306695578	-12.1180551964753	1	1	1
RUNX2_02	41	43	45	44	876	0.631260765996227	0.581986222393226	0.500035252109635	0.420129921305228	1	1	1
RUNX3_01	7	13	9	22	876	0.943376130043109	0.910954373513784	0.994664175675361	-8.55469942100708	1	1	1
RXRA_05	1	1	1	1	876	0.750142775556825	0.5003221179773	0.750004799737492	0	1	1	1
SALL1_01	162	155	186	188	876	0.354833942707607	0.359087966313778	0.56170296959315	-0.364597262584907	1	1	1
SALL1_03	41	54	44	59	876	0.930340979741541	0.915622354638333	0.942781601438956	-5.77837302118135	1	1	1
SALL3_01	395	323	540	439	876	0.000279142169585812	0.000322200664058647	0.000689407516668499	15.1739895695616	0.0195580771548215	0.0137059205557255	0.0119138236474275
SALL3_02	2	2	2	2	876	0.687714347008766	0.500227902085444	0.687507199610024	0	1	1	1
SATB1_Q3	173	166	214	200	876	0.358371357041735	0.331828358350912	0.261503495305364	3.82364735162286	1	1	1
SC1_01	5	3	5	3	876	0.362968123362976	0.239435360938057	0.363291181997025	3.74259142443134	1	1	1
SCRT2_01	4	7	4	7	876	0.887456199213128	0.817921701520936	0.886725438733225	-3.98278410973842	1	1	1
SIP1_Q6	2	2	2	2	876	0.687714347008766	0.500227902085444	0.687507199610024	0	1	1	1
SIX1_Q3	312	310	427	422	876	0.480091706466993	0.389070419360927	0.445505765452998	0.716242829216156	1	1	1
SIX3_Q6	565	495	1470	1260	876	0.000370217674514701	0.000441319707295368	3.11101476947395e-05	18.7510148607704	0.0227478193340699	0.0162699865422892	0.00095577287084394
SIX4_01	820	826	3542	3628	876	0.758409725548645	0.732323679528123	0.84853191461237	-5.01901954756471	1	1	1
SMAD3_Q6	801	805	3176	3275	876	0.667140944309517	0.78978803515785	0.893965886206183	-7.32651589456073	1	1	1
SMAD3_Q6_01	702	713	1755	1803	876	0.766482844219692	0.818088702830196	0.794684427572735	-4.16829891939219	1	1	1
SMAD4_Q6	845	854	6970	7240	876	0.918761802138995	0.927440203256053	0.988784288534173	-13.8289552626778	1	1	1
SMAD5_02	3	3	3	3	876	0.656518163790938	0.500186187822175	0.656258999517262	0	1	1	1
SMAD5_Q5	820	839	7257	7679	876	0.983716866978013	0.977431675278102	0.99974554319551	-12.6909620638897	1	1	1
SMAD7_01	20	29	21	30	876	0.926681880279192	0.903604052744635	0.919622937541126	-5.57213451214034	1	1	1
SNAP190_01	1	1	1	1	876	0.750142775556825	0.5003221179773	0.750004799737492	0	1	1	1
SOX10_03	0	0	0	0	876	1	1	1	0	1	1	1
SOX10_05	0	0	0	0	876	1	1	1	0	1	1	1
SOX10_08	655	689	1633	1750	876	0.97609612531457	0.947271704318327	0.978884875746711	-8.79743235486595	1	1	1
SOX18_Q5_01	136	153	152	189	876	0.876725509057749	0.869993537533481	0.98029128350379	-8.5314131686461	1	1	1
SOX5_01	610	586	1572	1486	876	0.118879681532196	0.107206269187023	0.0620421231490202	7.12027652769069	1	0.695063115084802	0.550525090546228
SOX6TBX21_01	237	224	288	279	876	0.25750977826174	0.261900679878785	0.36852916555571	2.55627526754075	1	1	1
SOX8_07	0	0	0	0	876	1	1	1	0	1	1	1
SOX9_05	0	0	0	0	876	1	1	1	0	1	1	1
SOX9_09	553	528	1045	999	876	0.119090871372827	0.140839554378454	0.159759510895922	6.04065673028587	1	0.7847249422865	0.920281349223385
SOX_Q6	813	818	4485	4452	876	0.713994204331219	0.253534326833891	0.367532312812654	3.76097975659146	1	1	1
SP1SP3_Q4	416	472	2945	3044	876	0.996781554764414	0.978266905970836	0.902327471525719	-15.4956928316355	1	1	1
SP2_04	804	820	5839	6952	876	0.940849850473913	0.999997087830156	1	-39.1212376798566	1	1	1
SP2_06	0	0	0	0	876	1	1	1	0	1	1	1
SP3_Q3	777	794	4082	4629	876	0.921234154283102	0.998631309629451	0.999999998039988	-28.1947136820726	1	1	1
SP5_Q2	45	58	50	65	876	0.922621151746211	0.908016934512542	0.932343730470518	-6.40258157563316	1	1	1
SPDEF_06	0	0	0	0	876	1	1	1	0	1	1	1
SPDEF_07	4	4	4	4	876	0.637031876637024	0.500161335814915	0.636729249442327	0	1	1	1
SPI1_06	635	612	1382	1306	876	0.122934104738794	0.0402383179474768	0.0739249056065309	7.56313083119697	1	0.397353389731334	0.611600931625016
SREBP1_02	790	805	3224	3878	876	0.909677697907698	0.999997169864753	0.999999999999997	-33.1238939463877	1	1	1
SREBP1_Q5	639	660	1348	1475	876	0.885024113903669	0.936382972883703	0.992060896011377	-11.9100847292843	1	1	1
SRF_01	42	56	48	69	876	0.940757386717191	0.925968801474243	0.979257728693901	-10.2496115735919	1	1	1
STAF_05	0	0	0	0	876	1	1	1	0	1	1	1
STAT1_10	566	524	1178	995	876	0.0216586379490144	0.000797544520580412	4.64951410256219e-05	24.2867040159832	0.443600992066849	0.0252325259737254	0.00128559064935845
STAT3_01	492	493	1299	1130	876	0.538361760452058	0.0474124690979287	0.000322812083256369	17.5013626441956	1	0.444391447646688	0.00615569248416455
STAT5A_02	822	837	6826	6560	876	0.956146081019779	0.100268053522376	0.0107973969118566	16.661278358112	1	0.684546093800916	0.135703647551288
STAT5A_Q6	117	93	163	130	876	0.0452516988942787	0.0392504026314746	0.0306883020974978	10.3770708480736	0.641645884321438	0.394644957367372	0.332757471763065
T3RBETA_Q6_01	607	613	1206	1346	876	0.641944874538174	0.624227462228573	0.997397482481645	-14.4819824815178	1	1	1
TAL1BETAITF2_01	678	700	1833	1937	876	0.910066942146076	0.949176504741566	0.956589483505959	-9.9170002944497	1	1	1
TAL1GATA1_02	66	47	67	51	876	0.0397976166391469	0.0336019145542185	0.0835346541262609	8.81641696205523	0.603367997870986	0.360180261172919	0.641592551830865
TAL1_01	609	612	1229	1179	876	0.58235264662833	0.281612823374884	0.158967318167831	2.11615036828438	1	1	0.920281349223385
TAXCREB_01	619	644	1401	1670	876	0.916959976809395	0.998289188017203	0.999999468501277	-23.4988499741375	1	1	1
TAXCREB_02	843	853	6085	7034	876	0.932746547635105	0.99999937095981	1	-42.6929205279746	1	1	1
TBX15_02	0	0	0	0	876	1	1	1	0	1	1	1
TBX18_01	0	0	0	0	876	1	1	1	0	1	1	1
TBX1_01	0	0	0	0	876	1	1	1	0	1	1	1
TBX1_04	0	0	0	0	876	1	1	1	0	1	1	1
TBX1_05	0	0	0	0	876	1	1	1	0	1	1	1
TBX20_05	111	124	115	140	876	0.836811832851349	0.840229031918911	0.948377302075802	-7.92580602112459	1	1	1
TBX21_01	0	0	0	0	876	1	1	1	0	1	1	1
TBX5CSX_Q5	10	2	10	2	876	0.0189658596408555	0.0102693423591827	0.0192883217646192	21.0715298690043	0.437005015891378	0.156431650950721	0.219930950508171
TBX5_04	0	0	0	0	876	1	1	1	0	1	1	1
TCF11MAFG_01	751	758	2443	2338	876	0.709827449684344	0.08095609450449	0.0661175519601687	10.9825756126426	1	0.596916270146439	0.571296972405833
TEAD4ALX4_01	43	54	45	59	876	0.895106539657771	0.875254593322647	0.929540079797664	-7.22737433330933	1	1	1
TEAD4CEBPD_01	13	17	14	18	876	0.821290776707542	0.769068665590656	0.81147355236788	-4.43136918603685	1	1	1
TEAD4CLOCK_01	166	179	187	217	876	0.799837976537246	0.808886819711064	0.938596230203188	-8.85440331035977	1	1	1
TEAD4ELK3_01	2	2	2	2	876	0.687714347008766	0.500227902085444	0.687507199610024	0	1	1	1
TEAD4EOMES_01	133	133	142	151	876	0.526534299697445	0.524992524354792	0.72049089478205	-3.34831738219401	1	1	1
TEAD4ERG_02	0	4	0	4	876	1	0.97737305135008	1	0	1	1	1
TEAD4ESRRB_01	67	58	72	61	876	0.228945808866452	0.199256652912094	0.193000721387276	6.12740418417755	1	0.925957387062082	1
TEAD4ETV7_01	1	1	1	1	876	0.750142775556825	0.5003221179773	0.750004799737492	0	1	1	1
TEAD4FIGLA_01	19	16	20	16	876	0.366639409619989	0.303273494982642	0.308877868604588	3.57096518986545	1	1	1
TEAD4FOXI1_01	132	143	146	158	876	0.784667137871416	0.755927290590997	0.772085103633952	-3.45764101808339	1	1	1
TEAD4GATA3_01	34	40	34	41	876	0.797069700919969	0.763384440098812	0.82217618743556	-4.39432054105821	1	1	1
TEAD4MAX_02	6	10	6	11	876	0.895992695951105	0.842867925968035	0.928274605760933	-6.43241863732734	1	1	1
TEAD4ONECUT2_01	3	3	3	3	876	0.656518163790938	0.500186187822175	0.656258999517262	0	1	1	1
TEAD4RFX5_01	13	22	13	22	876	0.956829329357305	0.937787302027148	0.955241126499609	-9.99436896873533	1	1	1
TEAD4SOX15_01	182	188	218	218	876	0.658984314966099	0.603740765310218	0.519174846511394	-0.179517812070711	1	1	1
TEAD4SOX6_01	11	14	11	16	876	0.789503913784059	0.728045006178293	0.8761173616191	-5.33382800625934	1	1	1
TEF3_Q3	760	710	4019	3227	876	0.000707222041830878	2.11776138627144e-08	5.91352214583697e-21	39.0581117407729	0.0391093789132475	3.90374015536036e-06	1.63508887332392e-18
TEF_01	353	370	481	524	876	0.808801519011757	0.810611336919175	0.91753822714632	-6.25334450569186	1	1	1
TEF_05	1	0	1	0	876	0.5	0.15893163388081	0.500004670036011	0	1	0.7847249422865	1
TEF_08	1	0	1	0	876	0.5	0.15893163388081	0.500004670036011	0	1	0.7847249422865	1
TFAP2B_04	112	125	203	206	876	0.835946093662022	0.780460538072297	0.578461208377669	-1.54041190392152	1	1	1
TFAP2CDLX3_03	106	121	114	139	876	0.872511943137478	0.86997355195678	0.949055417731853	-9.19938386157603	1	1	1
TFAP2CELK1_01	3	17	3	18	876	0.999812408616282	0.999179827636186	0.999889399444802	-15.4410136275267	1	1	1
TFAP2CHOXB13_01	30	29	31	30	876	0.500000000000001	0.447454432222884	0.500029222124349	0.730396915645789	1	1	1
TFAP2CMAX_02	6	10	6	10	876	0.895992695951105	0.842454673936095	0.894951035915057	-5.83190574403149	1	1	1
TFAP2CONECUT2_01	13	10	13	10	876	0.337798428591222	0.264585870767271	0.338835382226316	4.41619495273532	1	1	1
TFAP4MAX_02	5	4	5	4	876	0.5	0.369296925167103	0.500011492690599	2.18006933548165	1	1	1
TFCP2_03	21	22	24	33	876	0.621063667665271	0.56431973168525	0.907589708764011	-6.38935997791281	1	1	1
TFE_Q6	382	390	550	617	876	0.667522365378199	0.828024339135419	0.976808728472807	-4.44542200866086	1	1	1
TFIIIA_03	0	1	0	1	876	1	0.841620810695718	1	0	1	1	1
TFIIIA_04	0	0	0	0	876	1	1	1	0	1	1	1
TFIII_Q6	761	778	3136	3226	876	0.905948582628137	0.950794836791258	0.873590837088017	-8.00456852748079	1	1	1
TFIII_Q6_01	802	828	3705	3865	876	0.994497800937689	0.857324494976044	0.968199111456204	-8.36921783258781	1	1	1
THAP1_01	837	860	7291	7939	876	0.999577325003924	0.999603233038995	0.999999936012915	-32.0284920211901	1	1	1
THRA_01	0	1	0	1	876	1	0.841620810695718	1	0	1	1	1
THRB_02	0	0	0	0	876	1	1	1	0	1	1	1
THRB_03	0	0	0	0	876	1	1	1	0	1	1	1
TITF1_Q3	788	798	4466	4167	876	0.815209470338213	0.0338048304810404	0.000654739267207028	13.8182314563669	1	0.360180261172919	0.0116797037021125
TP63_01	0	0	0	0	876	1	1	1	0	1	1	1
TRF1_01	1	0	1	0	876	0.5	0.15893163388081	0.500004670036011	0	1	0.7847249422865	1
TRPS1_Q3	21	21	21	21	876	0.561939550898511	0.500071109287971	0.561217507485308	0	1	1	1
TST1_01	791	763	5828	5170	876	0.0206989150805555	0.000219110274230558	1.65407845390733e-10	31.3836162049062	0.440250001521045	0.0121167981649499	1.14338173126344e-08
VDR_01	3	0	3	0	876	0.124785836664763	0.0416028403713227	0.12500330797297	0	1	0.403620539041078	0.786481710149247
WT1_01	504	540	2649	2868	876	0.964194815945919	0.958241414768761	0.99849735535314	-21.5105523451008	1	1	1
YY1_08	779	794	2656	2649	876	0.896594861072254	0.363914187112938	0.467399471455152	0.43914695684647	1	1	1
YY1_12	775	799	2537	2705	876	0.976099398325701	0.933615528499536	0.990312181576987	-10.5114157146292	1	1	1
ZASC1_01	1	0	1	0	876	0.5	0.15893163388081	0.500004670036011	0	1	0.7847249422865	1
ZASC1_02	0	0	0	0	876	1	1	1	0	1	1	1
ZBP89_Q4_01	484	516	2758	3002	876	0.944416025903854	0.961431055303195	0.999389958448603	-17.7057748692228	1	1	1
ZBTB11_02	0	0	0	0	876	1	1	1	0	1	1	1
ZBTB1_01	0	0	0	0	876	1	1	1	0	1	1	1
ZBTB26_01	0	0	0	0	876	1	1	1	0	1	1	1
ZBTB2_Q3	287	285	373	373	876	0.479684933679004	0.502150656836779	0.514706004872926	-0.387181514533258	1	1	1
ZBTB2_Q3_01	688	718	2057	2276	876	0.968633973877208	0.997901143052372	0.99959184022105	-16.2364101319879	1	1	1
ZBTB33_05	23	36	28	44	876	0.968569231508567	0.958316595858941	0.977820699364752	-8.08785800056583	1	1	1
ZBTB34_01	19	22	19	24	876	0.736095662467051	0.684739516273149	0.81983001427707	-3.26042599227148	1	1	1
ZBTB38_01	0	4	0	4	876	1	0.97737305135008	1	0	1	1	1
ZBTB38_02	42	32	43	32	876	0.142492689847869	0.116693174446368	0.124034853641082	6.12186135812143	1	0.733310516691383	0.786481710149247
ZBTB40_01	236	236	301	300	876	0.521470801261195	0.520322081486185	0.500091399915511	0.234313561471367	1	1	1
ZBTB40_02	33	26	36	35	876	0.213535174666702	0.180264252249084	0.500031508411428	1.89753227098731	1	0.859363202532273	1
ZBTB41_01	0	0	0	0	876	1	1	1	0	1	1	1
ZBTB44_01	569	589	1025	1088	876	0.855392486173663	0.931405526366221	0.918271224085707	-4.2650410954378	1	1	1
ZBTB46_01	4	2	4	2	876	0.343481836209061	0.206907603402752	0.343758513135953	4.36025354109951	1	0.930243127493674	1
ZBTB49_01	0	0	0	0	876	1	1	1	0	1	1	1
ZBTB49_02	1	1	1	1	876	0.750142775556825	0.5003221179773	0.750004799737492	0	1	1	1
ZBTB5_01	177	196	198	238	876	0.878455348142667	0.900278697392083	0.975294921853444	-7.09974126543575	1	1	1
ZEC_01	0	0	0	0	876	1	1	1	0	1	1	1
ZF5_B	800	813	7867	10172	876	0.892123666299569	0.999999566038797	1	-62.0405823070021	1	1	1
ZFP41_02	2	3	2	3	876	0.812857245014611	0.673008696413278	0.812506161798968	-2.00201593707464	1	1	1
ZFP64_03	13	13	13	13	876	0.578071807256196	0.500089958449064	0.577509849251572	0	1	1	1
ZFP64_04	0	0	0	0	876	1	1	1	0	1	1	1
ZFP64_05	0	0	0	0	876	1	1	1	0	1	1	1
ZFP64_06	0	0	0	0	876	1	1	1	0	1	1	1
ZFP91_01	0	0	0	0	876	1	1	1	0	1	1	1
ZFPM1_01	7	6	7	6	876	0.5	0.390510907147502	0.500013695470509	1.29234108534307	1	1	1
ZFX_01	150	190	217	286	876	0.993410219174222	0.993725632001558	0.999114936447472	-16.5660698208576	1	1	1
ZFX_03	43	43	45	46	876	0.543987039989136	0.502215045367258	0.582996286124424	-0.82305396453384	1	1	1
ZFX_04	0	0	0	0	876	1	1	1	0	1	1	1
ZGPAT_01	763	816	7032	7813	876	0.999993368365945	0.999842991005385	0.999999999942466	-32.2825730837849	1	1	1
ZID_01	102	98	113	109	876	0.410866905509566	0.383478475619777	0.420292169129229	1.31358199753776	1	1	1
ZNF131_01	1	0	1	0	876	0.5	0.15893163388081	0.500004670036011	0	1	0.7847249422865	1
ZNF131_02	0	0	0	0	876	1	1	1	0	1	1	1
ZNF135_01	10	9	10	9	876	0.5	0.408913465660421	0.500016457008409	1.05514818977892	1	1	1
ZNF135_02	18	19	18	19	876	0.629926727892833	0.566041583930122	0.628608139556492	-0.79582057055251	1	1	1
ZNF135_03	57	60	60	61	876	0.648990685401094	0.607832522292311	0.572131844830997	-0.444587137168304	1	1	1
ZNF135_04	1	1	1	1	876	0.750142775556825	0.5003221179773	0.750004799737492	0	1	1	1
ZNF143_03	0	1	0	1	876	1	0.841620810695718	1	0	1	1	1
ZNF236_01	0	0	0	0	876	1	1	1	0	1	1	1
ZNF236_02	10	1	10	1	876	0.00573730862998905	0.0032538542394269	0.00585976519530723	29.6986976145559	0.198295729523997	0.0692069767078106	0.083088465461664
ZNF236_04	0	0	0	0	876	1	1	1	0	1	1	1
ZNF236_05	4	0	4	0	876	0.0622858978892727	0.0226884236746962	0.0625021404622005	0	0.820097655542091	0.272754310697978	0.550525090546228
ZNF236_06	10	8	10	8	876	0.406784765182658	0.317949895442934	0.407279867307382	2.29181571262797	1	1	1
ZNF236_07	13	7	14	8	876	0.130209901977099	0.0889619353399306	0.143147947055621	8.12952053879548	1	0.634638056561877	0.855353168529696
ZNF236_08	1	1	2	1	876	0.750142775556825	0.5	0.500007005057651	0	1	1	1
ZNF282_01	4	11	4	11	876	0.982801204209779	0.965234757979132	0.982423777063532	-8.48094974946422	1	1	1
ZNF282_02	0	1	0	1	876	1	0.841620810695718	1	0	1	1	1
ZNF295_01	824	845	9516	10686	876	0.993539779307489	0.999801849492111	1	-47.6959579992202	1	1	1
ZNF312_01	0	0	0	0	876	1	1	1	0	1	1	1
ZNF319_01	58	64	65	66	876	0.744349530660381	0.701064861350715	0.569359955237117	-0.427465434620431	1	1	1
ZNF319_02	12	9	12	10	876	0.330843907957469	0.256180589147173	0.415922752404285	2.04984650735177	1	1	1
ZNF335_01	0	0	0	0	876	1	1	1	0	1	1	1
ZNF335_02	0	0	0	0	876	1	1	1	0	1	1	1
ZNF339_01	6	5	6	5	876	0.5	0.381314276274987	0.500012641966219	1.48453127357363	1	1	1
ZNF341_01	34	48	40	55	876	0.955397785195924	0.942743945926368	0.949926917906416	-6.73104187815598	1	1	1
ZNF362_01	4	2	4	2	876	0.343481836209061	0.206907603402752	0.343758513135953	4.58373729813623	1	0.930243127493674	1
ZNF366_02	0	1	0	1	876	1	0.841620810695718	1	0	1	1	1
ZNF367_01	196	216	223	258	876	0.881607021709756	0.897056493242315	0.949741323038215	-6.8831573026028	1	1	1
ZNF384_02	96	73	106	87	876	0.0373817113470034	0.0338686683200575	0.0974910500895002	7.25234652309141	0.603367997870986	0.360180261172919	0.694767483045807
ZNF410_01	0	0	0	0	876	1	1	1	0	1	1	1
ZNF436_01	17	11	17	11	876	0.170507443889644	0.126618843311779	0.172475163658879	5.95465824197593	1	0.7847249422865	0.983286242302681
ZNF436_02	6	8	6	8	876	0.788970774347403	0.704305427624263	0.788036029749202	-2.39877042970835	1	1	1
ZNF438_01	33	27	33	27	876	0.255803647882079	0.21539628804155	0.259499261845557	4.13700891945153	1	0.952913178295817	1
ZNF450_01	31	39	32	41	876	0.863916629841457	0.836186793073548	0.879198172120635	-3.91787255462183	1	1	1
ZNF499_01	4	5	4	5	876	0.746657377946642	0.63099086162587	0.74610345484371	-1.55082799641012	1	1	1
ZNF507_01	35	45	40	47	876	0.896092912585873	0.86864842049032	0.804433992057667	-3.0885089929208	1	1	1
ZNF513_01	0	0	0	0	876	1	1	1	0	1	1	1
ZNF515_02	0	0	0	0	876	1	1	1	0	1	1	1
ZNF516_01	184	162	205	182	876	0.103769275157941	0.0895149519201201	0.131717094690199	5.10580399449768	1	0.634638056561877	0.809328370707553
ZNF521_01	3	4	3	4	876	0.773906786634143	0.647673117225632	0.773445587365452	-1.73383753522811	1	1	1
ZNF521_02	0	0	0	0	876	1	1	1	0	1	1	1
ZNF521_03	1	4	1	13	876	0.968928316384756	0.910557681813797	0.999938975705948	-11.0811488032649	1	1	1
ZNF536_01	43	40	45	40	876	0.411097560486865	0.364139959499424	0.332350620703913	2.34541776722668	1	1	1
ZNF536_03	0	0	0	0	876	1	1	1	0	1	1	1
ZNF592_02	827	821	3552	3655	876	0.306691043710208	0.778266693990753	0.890305611006059	-5.96285310439268	1	1	1
ZNF651_01	1	0	1	0	876	0.5	0.15893163388081	0.500004670036011	0	1	0.7847249422865	1
ZNF652_03	0	0	0	0	876	1	1	1	0	1	1	1
ZNF672_02	11	9	11	9	876	0.411394427977722	0.326570407640881	0.411917473943861	1.94433988569803	1	1	1
ZNF672_03	45	36	49	37	876	0.181406990656804	0.150027612018232	0.117701818500911	6.51915219795304	1	0.7847249422865	0.784206091939802
ZNF687_01	0	0	0	0	876	1	1	1	0	1	1	1
ZNF710_01	2	5	2	5	876	0.937874785223368	0.872078907723915	0.937503405169568	-4.89964211978144	1	1	1
ZNF710_02	0	0	0	0	876	1	1	1	0	1	1	1
ZNF711_02	5	4	5	5	876	0.5	0.370016876466199	0.62305868687883	1.32737320600684	1	1	1
ZNF76_01	1	1	1	1	876	0.750142775556825	0.5003221179773	0.750004799737492	0	1	1	1
ZNF770_01	22	19	22	22	876	0.376193257491412	0.319243604033314	0.559827348659686	0	1	1	1
ZNF775_02	20	12	21	12	876	0.10554926878879	0.0764829506403799	0.0813841303969258	8.17042264504029	1	0.596246330278078	0.641592551830865
ZNF777_02	822	838	4869	5681	876	0.96594486310206	0.999996896403265	0.999999999999999	-44.88380000014	1	1	1
ZXDB_01	316	348	533	709	876	0.947947178389958	0.967257007725467	0.999999758042354	-16.2352936127434	1	1	1
ZXDL_01	0	0	0	0	876	1	1	1	0	1	1	1
