transcription_factor	no_search_sites	no_background_sites	sum_search_sites	sum_background_sites	no_gene_sites	fisher_pval	wilcox_pval	fisher_pval2	zscore	fisher_adjusted	wilcox_adjusted	fisher2_adjusted
AEBP2_02	0	0	0	0	183	1	1	1	0	1	1	1
AFP1_Q6	15	12	18	12	183	0.344953260115425	0.26629613195429	0.180788299970026	5.43320170420027	1	1	1
AHRARNT_01	96	121	181	279	183	0.997206373705443	0.999345126135476	0.99999822220858	-22.9049422870938	1	1	1
AHRARNT_02	101	124	177	297	183	0.99508689304572	0.999961844639869	0.999999988704354	-27.9919520773795	1	1	1
AHR_01	137	159	326	455	183	0.998957167290968	0.999973325551972	0.999998469050185	-24.1653148215575	1	1	1
AIOLOS_01	1	1	1	1	183	0.750684931506849	0.501543613737692	0.750000620965278	0	1	1	1
ALX4_01	0	0	0	0	183	1	1	1	0	1	1	1
AMYB_01	0	0	0	0	183	1	1	1	0	1	1	1
AP1FJ_Q2	158	158	427	508	183	0.560409299449401	0.868557308201613	0.99638746926188	-11.2558789128031	1	1	1
AP2ALPHA_03	169	171	2466	3083	183	0.728825749528589	0.974991465209081	1	-25.6812959483231	1	1	1
AP2_Q6	151	164	1444	1589	183	0.983090352113938	0.979966644687142	0.996110601087255	-13.3719211086051	1	1	1
AP4_01	0	0	0	0	183	1	1	1	0	1	1	1
APA1_02	1	0	1	0	183	0.5	0.159981110999345	0.5	0	1	0.994039936883569	1
AREB6_01	157	156	407	423	183	0.5	0.463925985034234	0.722622270922937	-2.46105774563439	1	1	1
ARNTLBHLHA15_01	1	0	1	0	183	0.5	0.159981110999345	0.5	0	1	0.994039936883569	1
ARNTL_01	0	1	0	2	183	1	0.842663377793175	1	0	1	1	1
AR_02	125	125	248	221	183	0.54470725417281	0.150325440324678	0.114805359854072	9.13177282161793	1	0.994039936883569	1
AR_12	0	0	0	0	183	1	1	1	0	1	1	1
ATF3_05	0	0	0	0	183	1	1	1	0	1	1	1
ATF4TEF_01	9	6	9	6	183	0.29975760604974	0.215215410554754	0.303615970214079	4.18446352817803	1	1	1
BACH1_01	45	46	55	54	183	0.595511417755709	0.48010561374706	0.5	-0.538380160346039	1	1	1
BATF3_01	0	0	0	0	183	1	1	1	0	1	1	1
BATFJUN_01	10	6	11	6	183	0.222107421627749	0.151946923667293	0.166147794354007	5.61666297294928	1	0.994039936883569	1
BATF_04	0	0	0	0	183	1	1	1	0	1	1	1
BCL11A_03	11	9	11	12	183	0.409394619571804	0.333451533358264	0.661184661804445	-0.81848787863769	1	1	1
BCL6_02	162	165	595	529	183	0.750783089326756	0.0870217097646345	0.0260748272008655	9.98572659734213	1	0.994039936883569	0.526627363425691
BEN_02	179	181	1247	1383	183	0.892556652166564	0.934058789070533	0.996326698297748	-9.72690089282059	1	1	1
BMAL1_Q6	61	59	81	71	183	0.455685795641936	0.327420215570281	0.23271230975647	3.54619822071057	1	1	1
BRACH_01	0	0	0	0	183	1	1	1	0	1	1	1
BRN3B_01	1	1	1	1	183	0.750684931506849	0.501543613737692	0.750000620965278	0	1	1	1
BTEB3_Q5	171	175	1676	1873	183	0.875132513879739	0.969509306534458	0.999579832073266	-17.024233606335	1	1	1
CACCCBINDINGFACTOR_Q6	139	151	566	617	183	0.953263903160461	0.974897397996723	0.935015107910289	-8.95359566244444	1	1	1
CARF_01	1	1	1	1	183	0.750684931506849	0.501543613737692	0.750000620965278	0	1	1	1
CDC5_01	29	35	35	44	183	0.832270601922865	0.805303128043182	0.869810659755821	-4.52817425559578	1	1	1
CDPCR3_01	125	134	284	303	183	0.874794660881044	0.776146986226933	0.795613092471366	-4.94904723396239	1	1	1
CDP_01	163	162	826	706	183	0.5	0.0441089530555472	0.0011538698647751	13.2273871053809	1	0.980693807226297	0.0398806272012892
CDP_Q6_01	157	148	476	436	183	0.130865792482089	0.0921198892013375	0.0980119078295762	5.50051044608573	1	0.994039936883569	0.997555679038718
CEBPGELF1_01	9	14	9	15	183	0.902325832516676	0.861513950693648	0.924211281679937	-6.42286840851166	1	1	1
CEBPG_Q6	159	165	969	822	183	0.874620030749484	0.0834064148236126	0.000270751724926344	16.4818338783329	1	0.994039936883569	0.0136114276258426
CIZ_03	0	0	0	0	183	1	1	1	0	1	1	1
CLOCKFIGLA_01	21	20	26	24	183	0.5	0.440390290007834	0.443858927409459	0.645415313602585	1	1	1
CLOCKNHLH1_01	7	6	7	8	183	0.5	0.393701921070952	0.696384029785921	0	1	1	1
CMYB_01	0	0	0	0	183	1	1	1	0	1	1	1
CMYC_02	102	99	223	241	183	0.416812900998716	0.444101229486725	0.81125382634913	-2.14678196270725	1	1	1
COE2_02	0	0	0	0	183	1	1	1	0	1	1	1
CP2_01	180	180	1238	1270	183	0.657544909184364	0.746364142579908	0.745692688063046	-2.46157815102038	1	1	1
CPEB1_01	143	130	459	348	183	0.0747110118612558	0.00952545965735791	5.18647070560137e-05	15.5073826638435	1	0.526757919051892	0.00358514787524694
CREB3L1_02	0	0	0	0	183	1	1	1	0	1	1	1
CREBP1_Q2	98	110	166	211	183	0.914998533382339	0.944304482537261	0.991169682923863	-8.52471364401894	1	1	1
CRX_02	88	85	133	130	183	0.4170878597964	0.401918715633684	0.45092410890358	1.47527520455563	1	1	1
CTCF_04	134	147	442	594	183	0.95863745160125	0.991668748177689	0.999999069311016	-23.4420030721114	1	1	1
CTCF_06	170	179	936	1071	183	0.994594759181774	0.980746866507786	0.998834178470277	-12.6473633112437	1	1	1
CTF1_01	141	142	440	467	183	0.598515286963512	0.565057565266405	0.824011725816992	-5.02060331487848	1	1	1
CTIP2_01	0	1	0	1	183	1	0.842663377793175	1	0	1	1	1
CUX1HOXA13_01	3	0	3	0	183	0.123972602739726	0.0414899112089935	0.124999068552083	0	1	0.980693807226297	1
CUX1HOXB13_01	4	3	4	3	183	0.5	0.35233379744433	0.5	2.16177402074407	1	1	1
CUX1NHLH1_02	0	0	0	0	183	1	1	1	0	1	1	1
CUX1RFX5_01	2	2	2	2	183	0.688531642703498	0.501094512138919	0.687500931451388	0	1	1	1
CUX1SRF_01	1	1	1	1	183	0.750684931506849	0.501543613737692	0.750000620965278	0	1	1	1
CUX1_06	0	2	0	3	183	1	0.92219889271069	1	0	1	1	1
CUX2_02	0	0	0	0	183	1	1	1	0	1	1	1
DEAF1_02	10	3	12	3	183	0.0432777086824514	0.0237558004336415	0.0175764695215389	25.4014616992216	1	0.821059852487734	0.404991151892125
DEC_Q1	146	151	390	404	183	0.788606005494572	0.670375597727652	0.70291944980258	-1.92717925790058	1	1	1
DLX3_01	123	121	404	355	183	0.455869635097955	0.193449436457782	0.0405513092543954	13.3872838144106	1	1	0.606077676153531
DMRT2_01	8	7	9	8	183	0.5	0.397279978571522	0.5	1.32405755816645	1	1	1
DRRS_02	14	5	14	5	183	0.0284118141074037	0.017158324295145	0.0317809726737602	12.0015730117171	1	0.729888718093478	0.585829262952979
E2F1EOMES_02	4	0	4	0	183	0.0614740178874675	0.0224533870311841	0.0624990685532396	0	1	0.821059852487734	0.785499657044125
E2F1HES7_02	2	2	2	2	183	0.688531642703498	0.501094512138919	0.687500931451388	0	1	1	1
E2F1NHLH1_01	2	3	2	3	183	0.81421940450583	0.674416547573709	0.812501552418979	-2.94503505196863	1	1	1
E2F2_05	0	0	0	0	183	1	1	1	0	1	1	1
E2F3DRGX_01	3	1	3	1	183	0.311468357296502	0.158318771822325	0.312499068548613	6.48267103300106	1	0.994039936883569	1
E2F3FOXI1_01	8	13	8	13	183	0.911852834237369	0.869386600581839	0.905382218717225	-5.22817167256547	1	1	1
E2F3ONECUT2_01	0	0	0	0	183	1	1	1	0	1	1	1
E2F7_01	0	0	0	0	183	1	1	1	0	1	1	1
E2F_01	174	173	853	783	183	0.5	0.0504034771782239	0.0436738262292352	11.3102690553377	1	0.984375057471866	0.635569102757028
E4BP4_01	11	4	12	4	183	0.0554589759364171	0.0323518102338442	0.0384034749506232	11.5340695530392	1	0.871623423461361	0.606077676153531
EGR3_05	0	1	0	1	183	1	0.842663377793175	1	0	1	1	1
EGR4_02	0	0	0	0	183	1	1	1	0	1	1	1
EGR_Q6	101	125	431	490	183	0.996465375370516	0.995436612698947	0.97613999107427	-12.3534615317231	1	1	1
ELK1FOXI1_01	1	0	1	0	183	0.5	0.159981110999345	0.5	0	1	0.994039936883569	1
ELK1HOXA3_01	6	1	6	1	183	0.0607021233958654	0.0284898344429385	0.062498369966145	23.8762644675824	1	0.871623423461361	0.785499657044125
ELK1PAX9_01	0	0	0	0	183	1	1	1	0	1	1	1
ELK1SREBF2_02	0	1	0	1	183	1	0.842663377793175	1	0	1	1	1
ERBETA_Q5	141	141	304	331	183	0.549431698759077	0.851847141821018	0.866943301054964	-4.48191239046432	1	1	1
ERFCLOCK_01	5	2	5	2	183	0.224296408927363	0.12688357111397	0.226560462442498	9.16637551671383	1	0.994039936883569	1
ERFMAX_01	0	1	0	1	183	1	0.842663377793175	1	0	1	1	1
ERFONECUT2_01	0	0	0	0	183	1	1	1	0	1	1	1
ERFSREBF2_02	1	0	1	0	183	0.5	0.159981110999345	0.5	0	1	0.994039936883569	1
ESRRG_02	0	0	0	0	183	1	1	1	0	1	1	1
ETS1_03	0	0	0	0	183	1	1	1	0	1	1	1
ETV2ONECUT2_01	0	0	0	0	183	1	1	1	0	1	1	1
ETV2RFX5_02	0	0	0	0	183	1	1	1	0	1	1	1
ETV2SPDEF_01	0	0	0	0	183	1	1	1	0	1	1	1
ETV2TBX21_03	0	0	0	0	183	1	1	1	0	1	1	1
ETV2TCF3_01	11	13	12	14	183	0.736377416300972	0.662949508606407	0.721407887460281	-2.17270678524137	1	1	1
ETV5EOMES_01	24	37	24	41	183	0.975524703482093	0.970831923648353	0.987599790891432	-14.103726623896	1	1	1
ETV5HES7_01	90	98	240	317	183	0.826698200552101	0.938302323935212	0.999537161894768	-17.806492030629	1	1	1
ETV6_01	0	0	0	0	183	1	1	1	0	1	1	1
ETV7TBX21_01	3	2	4	2	183	0.5	0.325585917473708	0.343748835681428	6.40425716260338	1	1	1
EVI1_01	11	4	13	5	183	0.0554589759364171	0.0330996236757479	0.0481225268617586	13.5839967586261	1	0.871623423461361	0.665293933863813
EVI1_03	18	12	22	12	183	0.170439221600448	0.117001636011673	0.0607168935919244	8.17263113488948	1	0.994039936883569	0.785499657044125
EVI1_09	0	0	0	0	183	1	1	1	0	1	1	1
EVX2_03	159	164	1043	895	183	0.834937543912261	0.13250535660222	0.000405945981259679	15.2952645253137	1	0.994039936883569	0.0172683175105079
EVX2_04	2	0	2	0	183	0.249315068493151	0.0789329488765929	0.249999379034722	0	1	0.994039936883569	1
FKHL14_Q2	42	49	57	69	183	0.833337478314418	0.806236697848283	0.876683883662419	-4.33696195738522	1	1	1
FLI1CEBPB_01	0	0	0	0	183	1	1	1	0	1	1	1
FOXC1_Q4	135	136	461	373	183	0.594194829191082	0.149014308227409	0.00127171071555977	12.7300956603508	1	0.994039936883569	0.0413680015120324
FOXD2_04	0	0	0	0	183	1	1	1	0	1	1	1
FOXG1_01	0	0	0	0	183	1	1	1	0	1	1	1
FOXG1_02	0	0	0	0	183	1	1	1	0	1	1	1
FOXI1_03	0	0	0	0	183	1	1	1	0	1	1	1
FOXJ2_02	139	128	646	489	183	0.119616523946242	0.0275641732345035	1.70850136219427e-06	20.9493445814469	1	0.871623423461361	0.000236200313323358
FOXJ2_03	0	1	0	1	183	1	0.842663377793175	1	0	1	1	1
FOXL2_Q2	60	70	79	105	183	0.885242310095123	0.92341693281402	0.976902518097152	-8.78359169606357	1	1	1
FOXL2_Q5	130	138	344	307	183	0.855993348016607	0.155371133095869	0.0789348937475428	6.36412493852505	1	0.994039936883569	0.923833257282786
FOXM1_Q3	166	165	1045	1009	183	0.5	0.311651945249972	0.219396595729304	3.30166264836369	1	1	1
FOXN4_01	181	181	2136	2577	183	0.688531642703498	0.99992683421874	0.999999999954426	-39.2146143975048	1	1	1
FOXO1ETV7_01	0	2	0	2	183	1	0.922199668460992	1	0	1	1	1
FOXO3_01	122	124	283	294	183	0.630786660244503	0.506108341756656	0.691416945879733	-0.702453253968192	1	1	1
FOXO3_03	0	0	0	0	183	1	1	1	0	1	1	1
FOXO6_03	0	1	0	1	183	1	0.842663377793175	1	0	1	1	1
FOXP1_01	1	0	1	0	183	0.5	0.159981110999345	0.5	0	1	0.994039936883569	1
FXR_Q3	101	104	165	182	183	0.663172127991372	0.773843569372024	0.833150799723998	-4.58994454106595	1	1	1
GATA5_06	40	45	51	52	183	0.771113286974487	0.699187297907151	0.578061061497714	-0.199261037204042	1	1	1
GATAD2A_01	178	181	1181	1211	183	0.939297876604135	0.420356563736364	0.73752068171931	-2.05104130334552	1	1	1
GCM1CEBPB_01	0	0	0	0	183	1	1	1	0	1	1	1
GCM1ELF1_02	26	26	33	29	183	0.559435669714686	0.490886960063648	0.351757406410758	2.75720064066299	1	1	1
GCM1ELK3_01	0	3	0	3	183	1	0.959068677292434	1	0	1	1	1
GCM1ETV4_01	10	6	11	6	183	0.222107421627749	0.151946923667293	0.166147794354007	7.5846543420426	1	0.994039936883569	1
GCM1ETV7_01	0	1	0	1	183	1	0.842663377793175	1	0	1	1	1
GCM1FOXI1_01	21	14	24	21	183	0.14306394048755	0.111731111108968	0.382989517940215	2.33170765044454	1	0.994039936883569	1
GCM1MAX_03	0	0	0	0	183	1	1	1	0	1	1	1
GCM1NHLH1_01	37	36	46	39	183	0.5	0.416549407803036	0.257690624516997	4.32297560766503	1	1	1
GCM1ONECUT2_01	0	0	0	0	183	1	1	1	0	1	1	1
GCM1PITX1_02	53	53	65	65	183	0.545852793211818	0.510444741724254	0.534927969934882	0.221605882207352	1	1	1
GCM1SOX2_01	0	1	0	1	183	1	0.842663377793175	1	0	1	1	1
GCM1TBX21_02	4	5	4	5	183	0.748824410884496	0.632653421439109	0.746096195078112	-2.36761719955481	1	1	1
GCM1_05	6	8	7	11	183	0.792632952364222	0.712456442307627	0.881063016252696	-2.78508658786736	1	1	1
GCM2E2F8_01	61	65	110	127	183	0.708820926244845	0.742497423327418	0.878943002537394	-6.74948808760411	1	1	1
GCM2HES7_01	61	71	101	129	183	0.884453592994857	0.861380239488911	0.972228091663804	-10.3616817630756	1	1	1
GCM2HOXA13_01	2	2	2	2	183	0.688531642703498	0.501094512138919	0.687500931451388	0	1	1	1
GCM2MAX_01	48	40	52	59	183	0.19598262495252	0.257983734829737	0.776128302948752	-3.3952838228638	1	1	1
GCM2SOX15_01	23	14	26	14	183	0.0823480060110126	0.0551819652470666	0.0403377370127417	13.2463726332671	1	0.984375057471866	0.606077676153531
GCM2TBX21_02	0	3	0	3	183	1	0.959068677292434	1	0	1	1	1
GCNF_01	1	3	1	3	183	0.938525982112533	0.843003450009868	0.93750093144676	-4.83157837659908	1	1	1
GFI1B_01	132	127	307	275	183	0.322927630801661	0.229658902257476	0.0992143984577387	6.68439016711817	1	1	0.997555679038718
GLI3_03	0	0	0	0	183	1	1	1	0	1	1	1
GLIS1_01	0	0	0	0	183	1	1	1	0	1	1	1
GMEB2_02	0	0	0	0	183	1	1	1	0	1	1	1
GMEB2_03	0	0	0	0	183	1	1	1	0	1	1	1
GRE_C	174	180	1255	1260	183	0.98223849260059	0.489516152449757	0.547763651649626	0.941725239714581	1	1	1
GRHL1_01	6	8	8	9	183	0.792632952364222	0.705842142899849	0.68547426661612	-2.17935376161092	1	1	1
GZF1_01	0	0	0	0	183	1	1	1	0	1	1	1
HELIOS_01	0	0	0	0	183	1	1	1	0	1	1	1
HES1_Q2	147	157	378	411	183	0.937579970197072	0.784467688880477	0.887182431292866	-5.5331476547506	1	1	1
HES5_01	0	0	0	0	183	1	1	1	0	1	1	1
HESX1_02	0	1	0	1	183	1	0.842663377793175	1	0	1	1	1
HIC1_03	97	118	240	298	183	0.990321486111506	0.996039139109207	0.994575653863371	-13.9110237250105	1	1	1
HIC2_01	165	172	811	861	183	0.939835825745524	0.808336315975423	0.894328026323987	-5.1549110393355	1	1	1
HIC2_03	0	0	0	0	183	1	1	1	0	1	1	1
HIF1_Q5	102	107	195	232	183	0.736823052891442	0.787465891722274	0.967173182415038	-7.4634216658839	1	1	1
HINFP_02	0	0	0	0	183	1	1	1	0	1	1	1
HINFP_03	0	0	0	0	183	1	1	1	0	1	1	1
HMX1_01	0	0	0	0	183	1	1	1	0	1	1	1
HNF1B_01	135	137	487	523	183	0.640116165435216	0.622537529602682	0.878138870582647	-1.56609674876324	1	1	1
HNF1_C	69	58	109	95	183	0.136067270903622	0.133305676683809	0.181319862504324	7.34037787273978	1	0.994039936883569	1
HNF3B_01	133	121	438	322	183	0.106024148655124	0.00630228138548872	1.43850168891769e-05	19.238308965592	1	0.526757919051892	0.00132581905661914
HNF4A_09	149	154	388	405	183	0.796885807988547	0.763317321991862	0.738845272785082	-2.13573528845842	1	1	1
HNF4GAMMA_01	0	0	0	0	183	1	1	1	0	1	1	1
HNF6_Q6	41	39	53	47	183	0.449709901628703	0.344678346354171	0.308627787413716	2.48806426812072	1	1	1
HOX13_01	127	120	305	275	183	0.251622220194788	0.325890762715292	0.114081284545422	9.29843298699018	1	1	1
HOXB13EOMES_01	159	161	565	552	183	0.681720737356881	0.465402909835443	0.359600950756655	1.52970137320825	1	1	1
HOXB13TBX3_01	25	24	27	25	183	0.5	0.431868839483324	0.444938426638868	1.52479437459052	1	1	1
HOXB2ELK1_02	0	1	0	1	183	1	0.842663377793175	1	0	1	1	1
HOXB2ESRRB_01	0	0	0	0	183	1	1	1	0	1	1	1
HOXB2PITX1_01	39	22	44	23	183	0.012131157081175	0.0078549005906965	0.00696300771195697	15.7707987891859	1	0.526757919051892	0.183359203081533
HOXB2RFX5_01	21	31	22	33	183	0.950552608771428	0.933706222154435	0.947617096947178	-8.37968460010214	1	1	1
HOXB2_03	0	0	0	0	183	1	1	1	0	1	1	1
HOXC10TBX21_01	7	1	7	1	183	0.0336642563349493	0.0161770468982543	0.0351548916435152	21.4953267014892	1	0.729888718093478	0.589110759965574
HOXD10_Q2	67	63	140	104	183	0.371616531168047	0.321850551271904	0.0124026554487184	6.73917979927169	1	1	0.311757657415512
HOXD12EOMES_01	2	0	2	0	183	0.249315068493151	0.0789329488765929	0.249999379034722	0	1	0.994039936883569	1
HOXD12ETV4_01	0	0	0	0	183	1	1	1	0	1	1	1
HOXD12TBX21_01	0	0	0	0	183	1	1	1	0	1	1	1
HOXD13_01	116	103	264	188	183	0.100323307069986	0.00780310688397568	0.000202196755888021	18.9149714018094	1	0.526757919051892	0.0111814806006076
HOXD13_04	3	4	3	4	183	0.775703591072637	0.649211454858699	0.773439537557502	-1.66036074359373	1	1	1
HOXD9_Q2	108	102	209	196	183	0.298612569050918	0.307024519194403	0.275418759650768	2.65226133753658	1	1	1
HSF2_02	55	53	68	76	183	0.454396371115659	0.504684283454981	0.773354613038156	-1.86674491496692	1	1	1
HSF2_Q6	25	20	29	24	183	0.262344524975655	0.213627328720435	0.291553612410766	4.12320973078325	1	1	1
HSFY1_01	22	18	34	23	183	0.307853741429178	0.230956694817961	0.0924096826683504	6.03901477017607	1	1	0.964199141803731
IK1_01	176	180	1248	1196	183	0.94772020292938	0.200760694752131	0.150388729119452	4.35291611416556	1	1	1
IK3_01	176	179	1091	1044	183	0.890279611523382	0.152093809380969	0.159093500931031	5.14436900807532	1	0.994039936883569	1
IRF4_05	0	0	0	0	183	1	1	1	0	1	1	1
IRF4_09	119	97	194	132	183	0.0127328626471091	0.00123150259090075	0.000350801579811057	18.7972354845883	1	0.340510466384058	0.0161661061362929
IRF4_Q5	66	34	94	37	183	0.000127282478909751	2.56627972737309e-05	3.34536250309971e-07	30.7629351775224	0.0703872108370922	0.0141915268923732	6.16661821404714e-05
IRF7_04	1	1	1	1	183	0.750684931506849	0.501543613737692	0.750000620965278	0	1	1	1
IRF7_Q3	114	95	204	143	183	0.0285688736809656	0.00234092916268837	0.000619632595108882	12.4092073188979	1	0.40278312265912	0.0244754875068009
ISL2_03	174	176	1424	1427	183	0.777892578372251	0.6470430435088	0.529963549269098	-0.339294712508984	1	1	1
ISRE_01	50	40	70	47	183	0.137292152225244	0.0731501914211447	0.0207356446822447	12.0254683393466	1	0.994039936883569	0.458672460371253
KAISO_01	59	60	71	71	183	0.588271036100337	0.541497810233916	0.533425499030602	0	1	1	1
KAISO_Q2	166	175	2353	3000	183	0.981811627325317	0.984025128250306	1	-27.2954971726461	1	1	1
KLF13_01	1	5	3	8	183	0.985011821383737	0.949001362545086	0.967286957282924	-7.33404240429068	1	1	1
KLF8_01	1	0	1	0	183	0.5	0.159981110999345	0.5	0	1	0.994039936883569	1
KLF9_01	18	30	23	37	183	0.978373075315174	0.96894306400375	0.974061742574841	-8.00548969484561	1	1	1
LBX2_03	169	170	1565	1369	183	0.655046739884575	0.101072873026645	0.000150505657163155	18.2893079366978	1	0.994039936883569	0.00924773649013605
LEF1_05	122	121	250	259	183	0.5	0.600466474852087	0.671285023048077	-1.62512831969996	1	1	1
LHX2_03	7	4	12	8	183	0.271272051805988	0.179552144138694	0.251716964515114	3.28745031384903	1	1	1
LHX3_01	99	94	428	357	183	0.337713714443788	0.148303167146455	0.00617051760517146	14.9824421490016	1	0.994039936883569	0.170614811782991
LHX6_06	0	0	0	0	183	1	1	1	0	1	1	1
LHX6_07	0	1	0	2	183	1	0.842663377793175	1	0	1	1	1
LRF_Q6	123	143	518	596	183	0.993228586496618	0.976946244876592	0.991130513970399	-10.6348163580372	1	1	1
LYF1_01	163	172	553	520	183	0.970502524204637	0.322762447240448	0.163987441414148	3.73661979004254	1	1	1
MAFA_Q4_01	156	154	379	433	183	0.442338830259263	0.864099636416429	0.97335795317766	-7.5530411754127	1	1	1
MAFB_Q4	175	177	745	738	183	0.792632952364223	0.323628062182082	0.437983407642892	1.07875372740061	1	1	1
MAFF_01	0	2	0	2	183	1	0.922199668460992	1	0	1	1	1
MAFF_04	0	0	0	0	183	1	1	1	0	1	1	1
MAX_11	12	9	12	9	183	0.327026091909806	0.250748782185021	0.331807727208449	2.38176784462153	1	1	1
MEF2_01	0	0	0	0	183	1	1	1	0	1	1	1
MEF2_04	87	82	147	125	183	0.337493605612715	0.19218604511145	0.101334596171444	8.98170546149001	1	1	1
MEIS1AHOXA9_01	176	174	1116	1111	183	0.399593557449442	0.468779254816686	0.466133069327429	-0.039561353067577	1	1	1
MEIS1DLX3_01	11	18	13	19	183	0.939835825745524	0.907749939196078	0.892345565997002	-4.99790260461245	1	1	1
MEIS1DRGX_01	144	153	444	461	183	0.909425931376767	0.616863447825615	0.725406417863652	-2.12503837471034	1	1	1
MEIS1EOMES_01	174	171	764	810	183	0.327026091909806	0.63557144002068	0.882388728131108	-4.65247595639443	1	1	1
MEIS1SOX2_01	4	3	4	3	183	0.5	0.35233379744433	0.5	2.23749907492486	1	1	1
MEIS1_02	39	41	40	44	183	0.647735681936277	0.619935051294407	0.70719622752362	-2.35882941437916	1	1	1
MEIS1_06	1	0	1	0	183	0.5	0.159981110999345	0.5	0	1	0.994039936883569	1
MEIS2ONECUT2_01	0	0	0	0	183	1	1	1	0	1	1	1
MEIS2_05	0	0	0	0	183	1	1	1	0	1	1	1
MEOX2_03	2	1	2	2	183	0.5	0.284527602145152	0.687500931451388	0	1	1	1
MGADLX2_01	6	5	6	5	183	0.5	0.380541911495803	0.5	1.41601316881	1	1	1
MIBP1_Q6	114	124	242	219	183	0.886065818329685	0.56792893846968	0.152625397279134	4.97051681438845	1	1	1
MIZF_03	0	0	0	0	183	1	1	1	0	1	1	1
MRF2_01	13	19	14	19	183	0.902713258697162	0.862248076539915	0.851906760249574	-4.17022446626899	1	1	1
MSX1_01	150	145	418	394	183	0.298591334375834	0.357726655785001	0.209565975523243	3.2189239781569	1	1	1
MSX1_Q5	29	27	34	35	183	0.442338830259263	0.412681103574434	0.595033499550025	-1.38519238683056	1	1	1
MSX2_03	1	4	1	4	183	0.969602626514208	0.911734023017336	0.968750776203706	-6.24634745522642	1	1	1
MSX2_Q3	163	163	701	640	183	0.566414262797863	0.0542892009948827	0.0503602101005477	7.93836498400731	1	0.984375057471866	0.679248687453729
MTF1_01	173	174	715	852	183	0.68069004027922	0.997232670335827	0.999762980256296	-19.5502444803885	1	1	1
MTF1_07	0	0	0	0	183	1	1	1	0	1	1	1
MYBL1ELF1_01	0	0	0	0	183	1	1	1	0	1	1	1
MYBL1FIGLA_01	9	8	9	9	183	0.5	0.407312199779796	0.592737363663374	0	1	1	1
MYBL1HOXA13_01	0	1	0	1	183	1	0.842663377793175	1	0	1	1	1
MYBL1ONECUT2_01	16	16	16	17	183	0.573245608366116	0.506847463431879	0.63583915813612	-0.940451518522685	1	1	1
MYBL2_02	3	6	4	6	183	0.912864207689831	0.841804726742778	0.828128056343844	-4.47336104087699	1	1	1
MYBL2_03	0	0	0	0	183	1	1	1	0	1	1	1
MYBL2_05	2	3	3	5	183	0.81421940450583	0.675297406232691	0.855471195065965	-2.23763202066865	1	1	1
MYOD_01	0	0	0	0	183	1	1	1	0	1	1	1
MYOGNF1_01	178	182	1508	1617	183	0.985011821383737	0.928330654262002	0.97589836292874	-15.3148419376479	1	1	1
NERF_Q2	174	175	898	866	183	0.68965661370661	0.315301501685507	0.229740463618915	6.08867110190056	1	1	1
NFAT5_02	1	3	1	3	183	0.938525982112533	0.843003450009868	0.93750093144676	-4.24380719480601	1	1	1
NFATC1_01	2	2	2	2	183	0.688531642703498	0.501094512138919	0.687500931451388	0	1	1	1
NFATC1_02	0	0	0	0	183	1	1	1	0	1	1	1
NFATC1_03	0	0	0	0	183	1	1	1	0	1	1	1
NFIA_03	16	14	16	15	183	0.424616654984182	0.358354669980156	0.5	0.731808952589668	1	1	1
NFKB_C	110	108	218	223	183	0.4576009124417	0.475814376144202	0.61249247448839	1.24618451137914	1	1	1
NFY_C	127	132	224	259	183	0.754704009819913	0.84412547963353	0.949447107164696	-7.4868666204077	1	1	1
NKX22_01	112	110	259	235	183	0.457406191108099	0.266541465151395	0.15022554972773	5.78459381746963	1	1	1
NKX23_04	1	1	1	1	183	0.750684931506849	0.501543613737692	0.750000620965278	0	1	1	1
NKX25_03	172	177	1107	1092	183	0.93295584324126	0.390004995068442	0.3823337073904	1.93026854727663	1	1	1
NKX31_06	100	93	153	139	183	0.264969846128915	0.169104855855082	0.223343120432691	3.35293659477046	1	1	1
NKX61_01	56	67	88	97	183	0.907949953202274	0.862094588243024	0.768899990311145	-2.17821351162878	1	1	1
NKX62_Q2	122	103	354	287	183	0.0265056749289061	0.0308028313197851	0.00451532944383259	13.3255538657766	1	0.871623423461361	0.131419851707338
NOR1_02	0	1	0	1	183	1	0.842663377793175	1	0	1	1	1
NR2E1_02	24	18	27	18	183	0.206242395258442	0.151604006289585	0.116333512961191	7.62027360684958	1	0.994039936883569	1
NR2F1_05	155	145	340	367	183	0.110452015120533	0.365592006218588	0.854055731906718	-4.63322308856366	1	1	1
NR4A2_02	0	0	0	0	183	1	1	1	0	1	1	1
NR4A2_03	0	0	0	0	183	1	1	1	0	1	1	1
NR4A2_04	7	4	7	5	183	0.271272051805988	0.183054572010535	0.387205350246272	2.75805899882395	1	1	1
NRF1_02	1	4	2	14	183	0.969602626514208	0.91251280078343	0.999740659706424	-7.57982816713612	1	1	1
NRSF_01	0	0	0	0	183	1	1	1	0	1	1	1
OCT1_01	90	91	160	164	183	0.582795132455478	0.607032291223394	0.609426056731292	-0.708077830625385	1	1	1
OCT1_06	163	169	1101	1037	183	0.896502396650407	0.312662154515084	0.0859414788898138	7.29282943057882	1	1	0.93187525149151
OLF1_01	80	91	161	165	183	0.895690068706012	0.782296264858361	0.609098807362202	-0.457583996617484	1	1	1
OSR2_05	0	0	0	0	183	1	1	1	0	1	1	1
OTX2_Q3	44	43	53	53	183	0.5	0.465227516364881	0.538662510307668	-0.297865264114846	1	1	1
P73_Q6	77	84	102	119	183	0.800212411576895	0.831670097826575	0.887120196286118	-6.15015453378169	1	1	1
PAX1_B	0	0	0	0	183	1	1	1	0	1	1	1
PAX2_01	145	146	386	395	183	0.602112438003043	0.537035020807412	0.639881646172509	-1.9227870932149	1	1	1
PAX2_Q2	154	155	417	440	183	0.613334023283517	0.692533004585772	0.794083515012905	-3.62304316887647	1	1	1
PAX3_01	182	181	1380	1559	183	0.5	0.983826665667837	0.999571031294713	-16.1231887206993	1	1	1
PAX5_01	180	182	1820	2055	183	0.938525982112533	0.99021756384715	0.999930701951086	-23.9722296332276	1	1	1
PAX5_Q6	174	176	773	797	183	0.777892578372251	0.678219090217422	0.736357821721392	-1.26660596979806	1	1	1
PAX9_01	0	0	0	0	183	1	1	1	0	1	1	1
PBX1_02	71	79	115	123	183	0.83059781731909	0.754023569163541	0.720194708795651	-2.99067227900925	1	1	1
PBX1_05	169	177	756	886	183	0.981988268921467	0.947006257009162	0.999404461393099	-15.9463243606748	1	1	1
PBX4_01	0	0	0	0	183	1	1	1	0	1	1	1
PIT1_Q6	154	150	639	576	183	0.338077213574513	0.151570143653246	0.0374025427281223	11.6597089525586	1	0.994039936883569	0.606077676153531
PITX1EOMES_01	34	27	41	28	183	0.200094144614856	0.145264019283377	0.0739987225146253	9.62112350070551	1	0.994039936883569	0.889593338056257
PITX1FIGLA_01	25	18	28	18	183	0.165062456087739	0.11877679826442	0.0919498729292455	9.10438808396823	1	0.994039936883569	0.964199141803731
PITX1HES7_01	2	1	2	1	183	0.5	0.282383642816733	0.5	3.60815223777413	1	1	1
PITX1TBX21_01	1	1	1	1	183	0.750684931506849	0.501543613737692	0.750000620965278	0	1	1	1
PLAG1_02	107	118	859	862	183	0.901324563143402	0.867278486598664	0.538486980818575	-2.33185647981707	1	1	1
PLAG1_04	2	3	3	3	183	0.81421940450583	0.671754515237163	0.656251164318572	0	1	1	1
PLAG1_06	1	0	1	0	183	0.5	0.159981110999345	0.5	0	1	0.994039936883569	1
PLAG1_08	0	0	0	0	183	1	1	1	0	1	1	1
PLAGL2_02	0	0	0	0	183	1	1	1	0	1	1	1
PLAGL2_03	31	40	36	46	183	0.907023857671195	0.884900312586339	0.887901356231741	-3.23327251250097	1	1	1
PLAGL2_05	0	0	0	0	183	1	1	1	0	1	1	1
PLZFB_Q3	139	134	402	433	183	0.315590914499519	0.730819676923969	0.866194490846227	-4.47831137052613	1	1	1
POU2F1DLX2_01	0	1	0	1	183	1	0.842663377793175	1	0	1	1	1
POU2F1EOMES_01	129	144	279	297	183	0.972805899089333	0.872532832098178	0.785875269948189	-3.77225176835915	1	1	1
POU2F1ETV4_01	0	0	0	0	183	1	1	1	0	1	1	1
POU2F1FOXO6_01	4	3	4	4	183	0.5	0.355434755507269	0.636720108376729	0	1	1	1
POU2F1HOXB13_01	10	9	10	10	183	0.5	0.412494850355411	0.588100714319384	0	1	1	1
POU2F1SOX2_01	10	6	10	6	183	0.222107421627749	0.15390960185353	0.227244592778073	6.27325321604049	1	0.994039936883569	1
POU2F1TBX21_01	3	1	5	2	183	0.311468357296502	0.158985354108251	0.226560462442498	9.05651485356752	1	0.994039936883569	1
POU3F1_Q6	139	147	514	453	183	0.872543572553919	0.406087854555045	0.0266646766291489	9.8100884046167	1	1	0.526627363425691
POU3F2_01	138	140	795	633	183	0.643100433400933	0.11380065339153	9.67051843293905e-06	18.3201902176304	1	0.994039936883569	0.00106955933868306
POU4F2_01	0	0	0	0	183	1	1	1	0	1	1	1
POU4F2_02	4	11	4	12	183	0.984216964473891	0.967856034595962	0.989365865621489	-6.97818794697109	1	1	1
POU5F1_01	176	177	1485	1394	183	0.712988519968187	0.185392690442622	0.046143036923588	5.82762954365653	1	1	0.65428460048062
POU6F2_01	0	0	0	0	183	1	1	1	0	1	1	1
PPARG_02	176	178	2248	2222	183	0.810186392520652	0.255051374229087	0.353453287643918	6.02959550464962	1	1	1
PRDM10_01	0	0	0	0	183	1	1	1	0	1	1	1
PRDM12_01	4	3	4	4	183	0.5	0.355434755507269	0.636720108376729	0	1	1	1
PRDM14_01	1	0	1	0	183	0.5	0.159981110999345	0.5	0	1	0.994039936883569	1
PRDM14_02	41	36	46	44	183	0.304074402592381	0.303420949186841	0.458059750442124	1.06772663059054	1	1	1
PRDM15_01	12	10	12	10	183	0.413262359131584	0.330684538502349	0.415903654710725	1.84507447530603	1	1	1
PRDM15_02	0	0	0	0	183	1	1	1	0	1	1	1
PRDM15_03	2	0	2	0	183	0.249315068493151	0.0789329488765929	0.249999379034722	0	1	0.994039936883569	1
PRDM15_04	1	0	1	0	183	0.5	0.159981110999345	0.5	0	1	0.994039936883569	1
PRDM16_05	131	131	252	273	183	0.546112809051188	0.786268366275106	0.831666912106417	-2.32038991798177	1	1	1
PRDM1_03	131	124	261	220	183	0.247579512413222	0.071475638974834	0.0339500158358291	7.39427269841857	1	0.994039936883569	0.589110759965574
PRDM4_01	0	0	0	0	183	1	1	1	0	1	1	1
PRDM5_02	0	0	0	0	183	1	1	1	0	1	1	1
PRDM5_03	1	0	1	0	183	0.5	0.159981110999345	0.5	0	1	0.994039936883569	1
PREP1_Q3	131	126	233	247	183	0.323812361581429	0.403667486413431	0.753327526451518	-2.89609136896129	1	1	1
PROX1_01	1	1	1	1	183	0.750684931506849	0.501543613737692	0.750000620965278	0	1	1	1
PRRX2_05	0	0	0	0	183	1	1	1	0	1	1	1
PRX2_Q2	153	155	879	720	183	0.666052071654447	0.102835070760207	3.71436873264571e-05	16.5231139695195	1	0.994039936883569	0.00293435129879011
PSF_Q5	71	89	109	138	183	0.977444877297825	0.975829386149229	0.972007286740111	-6.82128766268327	1	1	1
RARB_01	0	0	0	0	183	1	1	1	0	1	1	1
RBPJK_01	107	119	174	201	183	0.919027003998555	0.927243195638393	0.926042845759688	-5.93959329739099	1	1	1
RELA_03	168	175	985	963	183	0.95855026489372	0.675387213667091	0.316702395937838	1.70527873657965	1	1	1
REST_04	22	22	24	22	183	0.563751209498971	0.484962972346792	0.441494613635331	1.50891890037715	1	1	1
RFX2_02	0	0	0	0	183	1	1	1	0	1	1	1
RFX3BHLHA15_01	1	3	1	3	183	0.938525982112533	0.843003450009868	0.93750093144676	-4.83157837659908	1	1	1
RFX3FIGLA_02	9	10	9	10	183	0.68069004027922	0.593507328834511	0.67620099096041	-1.37952550148768	1	1	1
RFX3HES7_01	0	1	0	1	183	1	0.842663377793175	1	0	1	1	1
RFX3SREBF2_01	0	0	0	0	183	1	1	1	0	1	1	1
RFX3SRF_01	29	31	44	35	183	0.663931695696238	0.600188705672194	0.184070259840158	6.26449875234965	1	1	1
RFX5_02	1	1	2	1	183	0.750684931506849	0.5	0.5	0	1	1	1
RFX_Q6	111	98	164	157	183	0.102481123934378	0.29895754022805	0.368833872731917	1.57093163645631	1	1	1
RLF_01	2	3	2	3	183	0.81421940450583	0.674416547573709	0.812501552418979	-1.91717181589184	1	1	1
ROAZ_01	0	2	0	4	183	1	0.922199668460992	1	0	1	1	1
RORA2_01	65	66	82	84	183	0.586288259706015	0.549851043495875	0.592034532321123	-0.773616820961288	1	1	1
RORA_05	0	0	0	0	183	1	1	1	0	1	1	1
RORA_06	0	0	0	0	183	1	1	1	0	1	1	1
RP58_01	5	11	5	11	183	0.964774623304167	0.937386799529741	0.961596525049377	-6.04727230486802	1	1	1
RREB1_01	148	164	627	686	183	0.994149258428697	0.972084044180276	0.951415079996168	-10.7714346260941	1	1	1
RREB1_04	0	0	0	0	183	1	1	1	0	1	1	1
RREB1_05	0	0	0	0	183	1	1	1	0	1	1	1
RREB_Q5	58	68	90	99	183	0.886924651902454	0.813924288254075	0.766512727147415	-2.8833778232787	1	1	1
RUNX2_02	9	12	9	12	183	0.81546199329859	0.750031331836404	0.808351107504887	-3.60754964825382	1	1	1
RUNX3_01	2	2	2	2	183	0.688531642703498	0.501094512138919	0.687500931451388	0	1	1	1
RXRA_05	0	0	0	0	183	1	1	1	0	1	1	1
SALL1_01	38	26	42	31	183	0.0648315490051654	0.054137582229322	0.120800991476955	6.53097489563468	1	0.984375057471866	1
SALL1_03	8	12	10	13	183	0.875132513879739	0.815846968750689	0.797570328201654	-2.89346053122225	1	1	1
SALL3_01	67	70	93	86	183	0.667105444971732	0.540498918874489	0.326935003768903	2.37500905289376	1	1	1
SALL3_02	1	0	1	0	183	0.5	0.159981110999345	0.5	0	1	0.994039936883569	1
SATB1_Q3	40	31	59	40	183	0.145118901862162	0.11860577014743	0.0349331244242009	11.4275831031968	1	0.994039936883569	0.589110759965574
SC1_01	2	0	2	0	183	0.249315068493151	0.0789329488765929	0.249999379034722	0	1	0.994039936883569	1
SCRT2_01	1	2	1	2	183	0.876027397260274	0.719751071524118	0.875000931447917	-2.55170393343162	1	1	1
SIP1_Q6	2	0	2	0	183	0.249315068493151	0.0789329488765929	0.249999379034722	0	1	0.994039936883569	1
SIX1_Q3	61	67	86	84	183	0.778506507397926	0.657257020179405	0.469441034279752	0.674222113689624	1	1	1
SIX3_Q6	117	119	313	283	183	0.628383468831953	0.26775967713489	0.117252359629921	6.35371718657588	1	1	1
SIX4_01	177	180	807	849	183	0.912864207689831	0.362159007793252	0.855166774875108	-4.13328757194542	1	1	1
SMAD3_Q6	167	178	640	734	183	0.997151594930945	0.989791148380079	0.994887739713763	-11.8971054282767	1	1	1
SMAD3_Q6_01	153	157	390	410	183	0.765959291872298	0.860479132251026	0.771309477272787	-4.0675367664201	1	1	1
SMAD4_Q6	177	179	1488	1571	183	0.831533552130884	0.930847507323702	0.93632286053292	-6.61039770662883	1	1	1
SMAD5_02	1	0	1	0	183	0.5	0.159981110999345	0.5	0	1	0.994039936883569	1
SMAD5_Q5	173	174	1391	1640	183	0.68069004027922	0.981177401020925	0.999997449509545	-13.1549921155839	1	1	1
SMAD7_01	1	5	1	5	183	0.985011821383737	0.950173744880407	0.98437558215061	-6.00119866781381	1	1	1
SNAP190_01	1	0	1	0	183	0.5	0.159981110999345	0.5	0	1	0.994039936883569	1
SOX10_03	0	0	0	0	183	1	1	1	0	1	1	1
SOX10_05	0	0	0	0	183	1	1	1	0	1	1	1
SOX10_08	141	150	336	379	183	0.902441332712442	0.897500730871781	0.950251547883795	-7.08242976683752	1	1	1
SOX18_Q5_01	24	29	31	31	183	0.81352662712146	0.73097778815626	0.550465729154435	-0.0852599501696101	1	1	1
SOX5_01	133	123	342	288	183	0.152431948339013	0.0549186872194956	0.0172494184522984	8.55489844190752	1	0.984375057471866	0.404991151892125
SOX6TBX21_01	56	52	70	65	183	0.36553626515529	0.306309651401655	0.365372972545203	2.81694104914935	1	1	1
SOX8_07	0	0	0	0	183	1	1	1	0	1	1	1
SOX9_05	0	0	0	0	183	1	1	1	0	1	1	1
SOX9_09	117	126	227	246	183	0.865779852361215	0.871860234796331	0.821244030153442	-5.1449685907194	1	1	1
SOX_Q6	172	174	955	1048	183	0.75439567106642	0.911906365060547	0.982392243834995	-8.94170160296465	1	1	1
SP1SP3_Q4	85	99	477	572	183	0.941636855990095	0.941492812705117	0.998509750441485	-13.1439881918024	1	1	1
SP2_04	168	172	1185	1401	183	0.845499532221449	0.988702249084463	0.999990795450404	-18.4647744815644	1	1	1
SP2_06	0	0	0	0	183	1	1	1	0	1	1	1
SP3_Q3	162	166	840	862	183	0.804094239439426	0.829798478343549	0.711805698618865	-5.01133389136329	1	1	1
SP5_Q2	8	14	8	17	183	0.938993940588661	0.911069140520714	0.978360577144662	-7.6003715890396	1	1	1
SPDEF_06	0	0	0	0	183	1	1	1	0	1	1	1
SPDEF_07	0	1	0	1	183	1	0.842663377793175	1	0	1	1	1
SPI1_06	141	122	330	253	183	0.0180673112002389	0.00942288512565246	0.000805494836698347	16.0553139912919	1	0.526757919051892	0.029695909646279
SREBP1_02	166	172	693	773	183	0.916144744869748	0.97384358325163	0.982988735956015	-9.14421627099174	1	1	1
SREBP1_Q5	135	145	292	337	183	0.9125762144869	0.898643799490889	0.966832238627408	-10.0481013463661	1	1	1
SRF_01	10	9	11	9	183	0.5	0.403011696833231	0.411899285680616	2.70934430688415	1	1	1
STAF_05	0	0	0	0	183	1	1	1	0	1	1	1
STAT1_10	118	112	254	220	183	0.294344985949571	0.130841133548266	0.0646359824565991	8.46011912754319	1	0.994039936883569	0.794304406633318
STAT3_01	111	97	304	240	183	0.0850014666176606	0.0192696812556328	0.00340961483774079	14.1819085454292	1	0.761152409597494	0.104750944737259
STAT5A_02	173	178	1413	1437	183	0.944541024063583	0.616446720800205	0.68080417080646	-8.17326451071191	1	1	1
STAT5A_Q6	22	22	29	29	183	0.563751209498971	0.50034928391549	0.552162150519118	0.433335725213452	1	1	1
T3RBETA_Q6_01	133	129	274	261	183	0.364087175152161	0.168675015389503	0.301848585679404	3.70147647710692	1	1	1
TAL1BETAITF2_01	151	146	415	422	183	0.296587058406552	0.381497594304434	0.609026614050501	-2.06375223437874	1	1	1
TAL1GATA1_02	16	6	16	6	183	0.0227823346332692	0.0140847064289214	0.0262362138094973	16.7872544970761	1	0.708076605017595	0.526627363425691
TAL1_01	118	130	240	266	183	0.927084326312342	0.910415194000616	0.885151223966688	-5.7179897581285	1	1	1
TAXCREB_01	129	137	294	360	183	0.854458688274944	0.910163981162695	0.995654829521916	-12.9086812981057	1	1	1
TAXCREB_02	177	180	1284	1436	183	0.912864207689831	0.987493166203232	0.998381487205541	-14.9584828944713	1	1	1
TBX15_02	0	0	0	0	183	1	1	1	0	1	1	1
TBX18_01	0	0	0	0	183	1	1	1	0	1	1	1
TBX1_01	0	0	0	0	183	1	1	1	0	1	1	1
TBX1_04	0	0	0	0	183	1	1	1	0	1	1	1
TBX1_05	0	0	0	0	183	1	1	1	0	1	1	1
TBX20_05	24	15	26	16	183	0.0873680896725023	0.0634398378176495	0.0820636980785075	9.32592604742066	1	0.994039936883569	0.923833257282786
TBX21_01	0	0	0	0	183	1	1	1	0	1	1	1
TBX5CSX_Q5	3	0	3	0	183	0.123972602739726	0.0414899112089935	0.124999068552083	0	1	0.980693807226297	1
TBX5_04	0	0	0	0	183	1	1	1	0	1	1	1
TCF11MAFG_01	163	162	530	527	183	0.5	0.508580163646873	0.475443587493545	1.2528300780028	1	1	1
TEAD4ALX4_01	12	9	12	10	183	0.327026091909806	0.25547314069151	0.415903654710725	2.57041831474792	1	1	1
TEAD4CEBPD_01	1	2	1	2	183	0.876027397260274	0.719751071524118	0.875000931447917	-3.00147872878245	1	1	1
TEAD4CLOCK_01	39	30	43	34	183	0.14248436941089	0.120697038012369	0.180992884740649	5.84996571754594	1	0.994039936883569	1
TEAD4ELK3_01	0	0	0	0	183	1	1	1	0	1	1	1
TEAD4EOMES_01	25	32	28	33	183	0.875665850627517	0.82938436161858	0.778704347281137	-4.01452981935471	1	1	1
TEAD4ERG_02	0	0	0	0	183	1	1	1	0	1	1	1
TEAD4ESRRB_01	13	6	13	6	183	0.0779447585723571	0.0499076550472816	0.0835292276024218	12.4132774382218	1	0.984375057471866	0.923833257282786
TEAD4ETV7_01	0	0	0	0	183	1	1	1	0	1	1	1
TEAD4FIGLA_01	3	8	3	8	183	0.969260424706629	0.937030376857259	0.967286957282924	-6.42446321339177	1	1	1
TEAD4FOXI1_01	31	31	34	35	183	0.555361310219217	0.509690137835723	0.595033499550025	-0.633606239486439	1	1	1
TEAD4GATA3_01	3	8	3	8	183	0.969260424706629	0.937030376857259	0.967286957282924	-7.11752524476302	1	1	1
TEAD4MAX_02	2	1	2	1	183	0.5	0.282383642816733	0.5	4.12497398611092	1	1	1
TEAD4ONECUT2_01	0	1	0	1	183	1	0.842663377793175	1	0	1	1	1
TEAD4RFX5_01	4	6	4	6	183	0.831533552130884	0.73961206504652	0.828128056343844	-4.2836484178446	1	1	1
TEAD4SOX15_01	37	33	43	43	183	0.345150842511804	0.332788770968451	0.542898763532945	0	1	1	1
TEAD4SOX6_01	3	3	3	4	183	0.657544909184363	0.503584465795315	0.773439537557502	-2.18063592313503	1	1	1
TEF3_Q3	153	150	842	600	183	0.391007420505917	0.00364180038570633	9.30302796864271e-11	24.3255059779377	1	0.40278312265912	5.14457446665942e-08
TEF_01	76	85	106	113	183	0.853847078309286	0.780948925345907	0.705604956977226	-2.20501297658751	1	1	1
TEF_05	0	0	0	0	183	1	1	1	0	1	1	1
TEF_08	0	0	0	0	183	1	1	1	0	1	1	1
TFAP2B_04	18	20	34	40	183	0.696155614519945	0.643508873526625	0.792028891457776	-2.74790215538031	1	1	1
TFAP2CDLX3_03	28	30	31	34	183	0.666052071654447	0.611766715041682	0.68994180019762	-2.20089292437615	1	1	1
TFAP2CELK1_01	0	3	0	3	183	1	0.959068677292434	1	0	1	1	1
TFAP2CHOXB13_01	3	2	3	2	183	0.5	0.327355542493325	0.5	2.82996565856631	1	1	1
TFAP2CMAX_02	2	2	2	2	183	0.688531642703498	0.501094512138919	0.687500931451388	0	1	1	1
TFAP2CONECUT2_01	1	1	1	1	183	0.750684931506849	0.501543613737692	0.750000620965278	0	1	1	1
TFAP4MAX_02	0	1	0	1	183	1	0.842663377793175	1	0	1	1	1
TFCP2_03	10	5	13	6	183	0.14577334202647	0.0930811105295976	0.0835292276024218	12.0688691345381	1	0.994039936883569	0.923833257282786
TFE_Q6	81	82	124	139	183	0.583281011947274	0.604616571295176	0.838157844241847	-1.43662945876511	1	1	1
TFIIIA_03	0	0	0	0	183	1	1	1	0	1	1	1
TFIIIA_04	0	0	0	0	183	1	1	1	0	1	1	1
TFIII_Q6	158	163	587	679	183	0.830184571126524	0.922221037805015	0.995589126168706	-7.81940512962343	1	1	1
TFIII_Q6_01	170	176	836	827	183	0.947321325491899	0.409041487116832	0.422081196796837	1.1568718315454	1	1	1
THAP1_01	177	182	1586	1645	183	0.992630812180337	0.698204535883353	0.855387709195961	-7.54113292178827	1	1	1
THRA_01	0	0	0	0	183	1	1	1	0	1	1	1
THRB_02	0	0	0	0	183	1	1	1	0	1	1	1
THRB_03	0	1	0	1	183	1	0.842663377793175	1	0	1	1	1
TITF1_Q3	170	170	985	947	183	0.580394605866076	0.372995814680816	0.199391759784919	4.27110608001677	1	1	1
TP63_01	0	0	0	0	183	1	1	1	0	1	1	1
TRF1_01	0	0	0	0	183	1	1	1	0	1	1	1
TRPS1_Q3	3	8	3	8	183	0.969260424706629	0.937030376857259	0.967286957282924	-6.66347781928446	1	1	1
TST1_01	169	160	1283	989	183	0.0823480060110126	0.00325666539916803	3.35574934896691e-10	30.6585386777217	1	0.40278312265912	9.2786469498935e-08
VDR_01	0	0	0	0	183	1	1	1	0	1	1	1
WT1_01	98	119	549	554	183	0.990445713405554	0.930246230217412	0.571775175932099	-3.08246813036182	1	1	1
YY1_08	169	164	599	578	183	0.232937347647356	0.213008027954779	0.27968049441659	2.42070390796977	1	1	1
YY1_12	167	169	559	574	183	0.715890763240568	0.627553561917128	0.682957121143371	-2.4099669645031	1	1	1
ZASC1_01	0	0	0	0	183	1	1	1	0	1	1	1
ZASC1_02	0	0	0	0	183	1	1	1	0	1	1	1
ZBP89_Q4_01	93	111	484	531	183	0.97730033074706	0.957764020702351	0.934311699228375	-8.86769743213244	1	1	1
ZBTB11_02	0	0	0	0	183	1	1	1	0	1	1	1
ZBTB1_01	0	0	0	0	183	1	1	1	0	1	1	1
ZBTB26_01	0	0	0	0	183	1	1	1	0	1	1	1
ZBTB2_Q3	67	68	91	89	183	0.585742766087786	0.5328085428232	0.470299228103771	0.724308531130077	1	1	1
ZBTB2_Q3_01	152	159	417	493	183	0.879132984686915	0.903253148742367	0.994716579267431	-8.01192248203003	1	1	1
ZBTB33_05	4	9	5	12	183	0.956722291317549	0.921625647095276	0.975481471246454	-7.24417905131564	1	1	1
ZBTB34_01	4	3	4	3	183	0.5	0.35233379744433	0.5	1.73458402390214	1	1	1
ZBTB38_01	1	0	1	0	183	0.5	0.159981110999345	0.5	0	1	0.994039936883569	1
ZBTB38_02	6	11	6	11	183	0.93295584324126	0.892793101512962	0.928272654176393	-4.81630218506994	1	1	1
ZBTB40_01	55	41	74	52	183	0.061073208920857	0.0443351630753299	0.0304489566713404	8.7924349817923	1	0.980693807226297	0.580630104801766
ZBTB40_02	13	8	13	8	183	0.18453800670141	0.1311347400935	0.191648892495113	5.81098982124578	1	0.994039936883569	1
ZBTB41_01	0	0	0	0	183	1	1	1	0	1	1	1
ZBTB44_01	131	133	225	254	183	0.636684324306918	0.903718570904664	0.914931011552818	-4.06921156798834	1	1	1
ZBTB46_01	0	0	0	0	183	1	1	1	0	1	1	1
ZBTB49_01	0	0	0	0	183	1	1	1	0	1	1	1
ZBTB49_02	0	0	0	0	183	1	1	1	0	1	1	1
ZBTB5_01	42	50	48	63	183	0.860939217526527	0.857893326631524	0.935788601378784	-5.69849623366296	1	1	1
ZEC_01	0	0	0	0	183	1	1	1	0	1	1	1
ZF5_B	168	172	1574	2184	183	0.845499532221449	0.992971065361827	1	-35.2230467824438	1	1	1
ZFP41_02	0	1	0	1	183	1	0.842663377793175	1	0	1	1	1
ZFP64_03	2	0	2	0	183	0.249315068493151	0.0789329488765929	0.249999379034722	0	1	0.994039936883569	1
ZFP64_04	0	0	0	0	183	1	1	1	0	1	1	1
ZFP64_05	0	0	0	0	183	1	1	1	0	1	1	1
ZFP64_06	0	0	0	0	183	1	1	1	0	1	1	1
ZFP91_01	0	0	0	0	183	1	1	1	0	1	1	1
ZFPM1_01	1	2	1	2	183	0.876027397260274	0.719751071524118	0.875000931447917	-2.45194222766462	1	1	1
ZFX_01	40	43	67	71	183	0.691134716779103	0.637275346515775	0.664759585390329	-1.98462698503676	1	1	1
ZFX_03	14	8	15	11	183	0.135644101877391	0.101100737632983	0.278592112539719	3.95573451521442	1	0.994039936883569	1
ZFX_04	0	0	0	0	183	1	1	1	0	1	1	1
ZGPAT_01	167	173	1378	1651	183	0.923394456504831	0.970053011805568	0.999999714266585	-20.9498235256795	1	1	1
ZID_01	20	21	23	22	183	0.629665941652971	0.550704509565867	0.5	0.70824064559545	1	1	1
ZNF131_01	0	0	0	0	183	1	1	1	0	1	1	1
ZNF131_02	0	0	0	0	183	1	1	1	0	1	1	1
ZNF135_01	2	2	2	2	183	0.688531642703498	0.501094512138919	0.687500931451388	0	1	1	1
ZNF135_02	2	2	2	2	183	0.688531642703498	0.501094512138919	0.687500931451388	0	1	1	1
ZNF135_03	16	18	16	19	183	0.705185174469644	0.646650623587888	0.750229475624558	-2.31844733206943	1	1	1
ZNF135_04	1	0	1	0	183	0.5	0.159981110999345	0.5	0	1	0.994039936883569	1
ZNF143_03	0	0	0	0	183	1	1	1	0	1	1	1
ZNF236_01	0	0	0	0	183	1	1	1	0	1	1	1
ZNF236_02	2	1	2	1	183	0.5	0.282383642816733	0.5	3.16595562076796	1	1	1
ZNF236_04	0	0	0	0	183	1	1	1	0	1	1	1
ZNF236_05	0	1	0	1	183	1	0.842663377793175	1	0	1	1	1
ZNF236_06	1	3	1	3	183	0.938525982112533	0.843003450009868	0.93750093144676	-3.91706834333862	1	1	1
ZNF236_07	1	1	1	1	183	0.750684931506849	0.501543613737692	0.750000620965278	0	1	1	1
ZNF236_08	1	1	1	1	183	0.750684931506849	0.501543613737692	0.750000620965278	0	1	1	1
ZNF282_01	0	1	0	1	183	1	0.842663377793175	1	0	1	1	1
ZNF282_02	0	0	0	0	183	1	1	1	0	1	1	1
ZNF295_01	168	179	1917	2154	183	0.998243063600406	0.970564316815828	0.999911631166486	-19.3420191050049	1	1	1
ZNF312_01	0	0	0	0	183	1	1	1	0	1	1	1
ZNF319_01	9	7	13	7	183	0.399593557449442	0.301900584822367	0.131582014125571	7.46584578868295	1	1	1
ZNF319_02	0	0	0	0	183	1	1	1	0	1	1	1
ZNF335_01	0	0	0	0	183	1	1	1	0	1	1	1
ZNF335_02	0	0	0	0	183	1	1	1	0	1	1	1
ZNF339_01	4	3	4	3	183	0.5	0.35233379744433	0.5	1.91683807564884	1	1	1
ZNF341_01	7	7	7	7	183	0.606795943440139	0.500593293921214	0.604738149219158	0	1	1	1
ZNF362_01	0	0	0	0	183	1	1	1	0	1	1	1
ZNF366_02	0	0	0	0	183	1	1	1	0	1	1	1
ZNF367_01	42	37	50	46	183	0.305742452392787	0.288024201056009	0.379810709097635	1.84380488335275	1	1	1
ZNF384_02	15	16	16	16	183	0.646055230968148	0.568315462494311	0.569977748130728	-0.414759454051915	1	1	1
ZNF410_01	0	0	0	0	183	1	1	1	0	1	1	1
ZNF436_01	3	3	3	3	183	0.657544909184363	0.500896144755488	0.656251164318572	0	1	1	1
ZNF436_02	1	1	1	1	183	0.750684931506849	0.501543613737692	0.750000620965278	0	1	1	1
ZNF438_01	8	4	8	4	183	0.189813607479348	0.120819130216806	0.193844054117048	7.14268763878604	1	0.994039936883569	1
ZNF450_01	9	9	9	10	183	0.595100021199589	0.50526184390434	0.67620099096041	-1.096781685709	1	1	1
ZNF499_01	0	2	0	2	183	1	0.922199668460992	1	0	1	1	1
ZNF507_01	8	13	10	15	183	0.911852834237369	0.865124169862981	0.885245787486974	-3.91733027562705	1	1	1
ZNF513_01	0	0	0	0	183	1	1	1	0	1	1	1
ZNF515_02	0	0	0	0	183	1	1	1	0	1	1	1
ZNF516_01	39	35	42	40	183	0.348197473118378	0.324869240825215	0.456073830198463	0.923156829166378	1	1	1
ZNF521_01	1	1	1	1	183	0.750684931506849	0.501543613737692	0.750000620965278	0	1	1	1
ZNF521_02	0	0	0	0	183	1	1	1	0	1	1	1
ZNF521_03	0	0	0	0	183	1	1	1	0	1	1	1
ZNF536_01	8	9	9	9	183	0.689656613706609	0.593739508125258	0.592737363663374	0	1	1	1
ZNF536_03	0	0	0	0	183	1	1	1	0	1	1	1
ZNF592_02	172	174	709	722	183	0.75439567106642	0.54212096658867	0.644581315517696	-1.4263137622541	1	1	1
ZNF651_01	0	0	0	0	183	1	1	1	0	1	1	1
ZNF652_03	0	0	0	0	183	1	1	1	0	1	1	1
ZNF672_02	5	3	5	3	183	0.361764216175279	0.238221369588579	0.363279891623271	3.36810245655174	1	1	1
ZNF672_03	6	11	7	11	183	0.93295584324126	0.890001083220854	0.881063016252696	-4.04667094085153	1	1	1
ZNF687_01	0	0	0	0	183	1	1	1	0	1	1	1
ZNF710_01	1	0	1	0	183	0.5	0.159981110999345	0.5	0	1	0.994039936883569	1
ZNF710_02	0	0	0	0	183	1	1	1	0	1	1	1
ZNF711_02	1	1	1	1	183	0.750684931506849	0.501543613737692	0.750000620965278	0	1	1	1
ZNF76_01	0	0	0	0	183	1	1	1	0	1	1	1
ZNF770_01	7	4	7	4	183	0.271272051805988	0.179960711318335	0.274411260837558	4.66482304152525	1	1	1
ZNF775_02	5	4	6	4	183	0.5	0.365963865206941	0.376951596820486	3.08352709524551	1	1	1
ZNF777_02	172	176	1016	1229	183	0.886975122863821	0.995690389368672	0.999997084656677	-22.6864906302932	1	1	1
ZXDB_01	72	80	138	139	183	0.830121620219916	0.70364306825546	0.547827317877194	-0.225544300202314	1	1	1
ZXDL_01	0	0	0	0	183	1	1	1	0	1	1	1
