transcription_factor	no_search_sites	no_background_sites	sum_search_sites	sum_background_sites	no_gene_sites	fisher_pval	wilcox_pval	fisher_pval2	zscore	fisher_adjusted	wilcox_adjusted	fisher2_adjusted
AEBP2_02	0	0	0	0	901	1	1	1	0	1	1	1
AFP1_Q6	59	51	63	55	901	0.245559876398146	0.216740721514929	0.259739179397217	3.1775724763194	1	0.909906000950774	1
AHRARNT_01	533	567	1019	1364	901	0.954574851957155	0.999966215833964	0.999999999999396	-35.4917849299808	1	1	1
AHRARNT_02	568	613	1119	1460	901	0.988719510032585	0.999984121600791	0.999999999992532	-37.6248496356465	1	1	1
AHR_01	689	741	1649	2019	901	0.998994162192246	0.999990590287532	0.999999999578264	-32.3627278059034	1	1	1
AIOLOS_01	6	4	6	4	901	0.376610375407192	0.263141613401208	0.376952814619025	3.39201497196647	1	1	1
ALX4_01	0	0	0	0	901	1	1	1	0	1	1	1
AMYB_01	1	0	1	0	901	0.5	0.158923960927542	0.5	0	1	0.770923036140018	1
AP1FJ_Q2	758	771	2097	2165	901	0.821167761480248	0.856322342304868	0.854986221464232	-3.9927977755328	1	1	1
AP2ALPHA_03	816	843	13673	15872	901	0.992784616079574	0.999967986117493	1	-38.2008708211894	1	1	1
AP2_Q6	724	766	7882	8414	901	0.996321404369313	0.99516458886499	0.999986230046948	-24.4630758325399	1	1	1
AP4_01	0	0	0	0	901	1	1	1	0	1	1	1
APA1_02	2	0	2	0	901	0.249861188228762	0.0787071853295696	0.249999873877319	0	1	0.565260694639636	1
AREB6_01	747	750	1873	1937	901	0.599187933488869	0.742215109154915	0.854074701600882	-4.90401813767716	1	1	1
ARNTLBHLHA15_01	3	2	3	2	901	0.5	0.327360223652099	0.5	3.00115382550371	1	1	1
ARNTL_01	1	7	2	14	901	0.996154227248713	0.983242043795569	0.999740612594498	-6.86657283606419	1	1	1
AR_02	588	618	1124	1169	901	0.939708837947013	0.825119002419049	0.831769838635069	-6.92644153881596	1	1	1
AR_12	0	0	0	0	901	1	1	1	0	1	1	1
ATF3_05	6	2	6	2	901	0.143983918820944	0.0783033525820601	0.144530753391317	9.27433409592989	1	0.565260694639636	0.918683984199981
ATF4TEF_01	25	20	25	21	901	0.273200674148343	0.226545849997236	0.329367171738672	2.99259922276575	1	0.934924291406503	1
BACH1_01	184	150	227	190	901	0.02266472875331	0.022584572276387	0.0388780475747064	10.7342458410541	0.498681577001858	0.285871287769201	0.35580842907084
BATF3_01	0	0	0	0	901	1	1	1	0	1	1	1
BATFJUN_01	27	23	28	26	901	0.333705958461526	0.286330886222968	0.445960839467027	2.41088565452746	1	1	1
BATF_04	0	0	0	0	901	1	1	1	0	1	1	1
BCL11A_03	42	39	43	40	901	0.410139853937943	0.36674773676783	0.413200566837522	1.22528241691846	1	1	1
BCL6_02	766	757	2630	2500	901	0.301221383214705	0.0826769831034499	0.0356570118346325	9.72623902616332	1	0.577997807997403	0.344351710505656
BEN_02	878	878	6411	6917	901	0.559263131873768	0.997958589255325	0.999994758599162	-16.334818694681	1	1	1
BMAL1_Q6	281	291	356	353	901	0.711123172953264	0.616944933145154	0.470061120595754	0.5959513773947	1	1	1
BRACH_01	0	0	0	0	901	1	1	1	0	1	1	1
BRN3B_01	7	6	7	6	901	0.5	0.390517742836982	0.5	1.15673500241323	1	1	1
BTEB3_Q5	837	844	9731	10504	901	0.774212364796889	0.998641167990036	0.999999977467536	-32.2989977685388	1	1	1
CACCCBINDINGFACTOR_Q6	676	722	2899	3227	901	0.996056216005799	0.997928239997555	0.99998728381195	-25.7542011305187	1	1	1
CARF_01	9	2	9	2	901	0.0323126858896638	0.0171669690786197	0.0327144779453274	16.3100358238767	0.567613462851769	0.263703719457686	0.328929205523019
CDC5_01	168	140	199	162	901	0.045493548565036	0.039128389596969	0.0289770426237075	10.3000157986968	0.679944117742295	0.420569139021707	0.308159703286735
CDPCR3_01	636	648	1428	1514	901	0.750680341088513	0.714837575099886	0.945779425804425	-8.85427635878142	1	1	1
CDP_01	774	792	3722	3385	901	0.907743614844682	0.00559528881790098	3.25550732634702e-05	16.6518312023774	1	0.128924779845802	0.000692421365949963
CDP_Q6_01	714	685	2313	2206	901	0.0566789733651027	0.0475494650939048	0.0572055302868273	7.84136177568195	0.783586806772545	0.46955096780231	0.458473307950949
CEBPGELF1_01	56	67	60	74	901	0.868876882621664	0.849574973023697	0.902579218130405	-5.95355122049233	1	1	1
CEBPG_Q6	761	759	4654	4138	901	0.474156881397912	0.00610736594384884	1.83378751193902e-08	26.0996967416774	1	0.129898975651862	8.45070411751899e-07
CIZ_03	0	1	0	1	901	1	0.841613154998138	1	0	1	1	1
CLOCKFIGLA_01	89	112	100	147	901	0.96385331886944	0.966266999771757	0.998904551980576	-15.4660594696415	1	1	1
CLOCKNHLH1_01	17	46	18	50	901	0.999955539726241	0.999900022545149	0.999977739221063	-20.5307642719381	1	1	1
CMYB_01	0	0	0	0	901	1	1	1	0	1	1	1
CMYC_02	446	500	950	1207	901	0.995273462885404	0.999454190538729	0.999999986862174	-17.6985872779872	1	1	1
COE2_02	0	1	0	1	901	1	0.841613154998138	1	0	1	1	1
CP2_01	867	877	5702	5749	901	0.929281631795765	0.499873088506645	0.673593459773216	-1.97742400793406	1	1	1
CPEB1_01	675	613	2175	1790	901	0.000723605166133934	2.56357329800257e-06	5.01066840306468e-10	24.224935565834	0.0800307313744131	0.000354414008448855	2.77089962689477e-08
CREB3L1_02	0	0	0	0	901	1	1	1	0	1	1	1
CREBP1_Q2	489	500	866	998	901	0.715005905159328	0.926471257926521	0.998975971077181	-11.5899103257385	1	1	1
CRX_02	438	438	632	694	901	0.518795287441108	0.58905162486704	0.958263962893683	-8.79205757250673	1	1	1
CTCF_04	663	708	2509	2881	901	0.994486816083892	0.999525413226068	0.99999982046259	-27.3080714259177	1	1	1
CTCF_06	831	856	4586	4922	901	0.994037191462057	0.996427481746254	0.999734629835502	-15.0874348799196	1	1	1
CTF1_01	656	695	1958	2218	901	0.985229375861284	0.994957439951381	0.999973767944195	-15.0735929517003	1	1	1
CTIP2_01	1	4	1	5	901	0.968923370038077	0.910546199123058	0.984375118239835	-6.00054527521754	1	1	1
CUX1HOXA13_01	8	5	8	5	901	0.289826569091127	0.201991946776343	0.290526709685528	5.31087579378542	1	0.893612372538544	1
CUX1HOXB13_01	16	15	16	15	901	0.5	0.428215533609625	0.5	0.966776412030026	1	1	1
CUX1NHLH1_02	1	3	1	3	901	0.937708159786469	0.841680685933882	0.937500189183974	-5.5981370421483	1	1	1
CUX1RFX5_01	18	25	19	26	901	0.891761705267942	0.85973234920603	0.883656061212544	-6.207141156032	1	1	1
CUX1SRF_01	1	0	1	0	901	0.5	0.158923960927542	0.5	0	1	0.770923036140018	1
CUX1_06	2	4	2	5	901	0.891015624919289	0.793604772108321	0.937500331072038	-4.06263117387504	1	1	1
CUX2_02	0	1	0	1	901	1	0.841613154998138	1	0	1	1	1
DEAF1_02	33	42	39	44	901	0.880991784307053	0.851341740666214	0.74479947016234	-3.36298010679546	1	1	1
DEC_Q1	689	716	1694	1899	901	0.944285279864863	0.993253445519872	0.999709848395688	-13.8323682423159	1	1	1
DLX3_01	619	580	2045	1718	901	0.0288842210401356	0.000748590482864777	5.11422755825824e-08	29.7122924582621	0.560487001307839	0.0272418821136263	2.17551372285908e-06
DMRT2_01	35	43	40	45	901	0.851274737800886	0.817865518095316	0.742291650979006	-3.48230797374641	1	1	1
DRRS_02	41	58	41	60	901	0.968865796190234	0.961344168403437	0.976980729168022	-7.38219629969666	1	1	1
E2F1EOMES_02	15	30	16	30	901	0.992594343550355	0.988058927893068	0.98705281208489	-13.1575411280295	1	1	1
E2F1HES7_02	14	24	14	27	901	0.965025606139005	0.950214244043751	0.986234214372969	-11.21319029779	1	1	1
E2F1NHLH1_01	17	13	18	13	901	0.290736292868093	0.230045662141467	0.236563085609353	6.40783797783255	1	0.942335193809118	1
E2F2_05	0	0	0	0	901	1	1	1	0	1	1	1
E2F3DRGX_01	22	21	22	21	901	0.5	0.438750784032285	0.5	0.690929803492791	1	1	1
E2F3FOXI1_01	34	55	35	62	901	0.991837309363169	0.989400194058325	0.997887559490348	-12.8527565409528	1	1	1
E2F3ONECUT2_01	0	0	0	0	901	1	1	1	0	1	1	1
E2F7_01	0	1	0	1	901	1	0.841613154998138	1	0	1	1	1
E2F_01	845	849	3952	3957	901	0.690040489879621	0.043973771493943	0.526948430834155	2.31552912997784	1	0.450323993262046	1
E4BP4_01	30	19	32	19	901	0.0733986920843882	0.0549414263048424	0.0459551904000788	8.33603827536785	0.849525729358176	0.498075553222587	0.403384449067358
EGR3_05	2	0	2	0	901	0.249861188228762	0.0787071853295696	0.249999873877319	0	1	0.565260694639636	1
EGR4_02	0	0	0	0	901	1	1	1	0	1	1	1
EGR_Q6	525	608	2699	2884	901	0.999979303232018	0.999914990286799	0.993666859401049	-21.9176744114291	1	1	1
ELK1FOXI1_01	2	2	2	2	901	0.687708391268022	0.500221573220234	0.687500189184165	0	1	1	1
ELK1HOXA3_01	20	27	20	27	901	0.881632181737622	0.849551970239563	0.878522690967865	-6.48280306420352	1	1	1
ELK1PAX9_01	0	0	0	0	901	1	1	1	0	1	1	1
ELK1SREBF2_02	4	5	4	5	901	0.746641691075701	0.630978831454219	0.746094246609184	-1.84483053889388	1	1	1
ERBETA_Q5	639	686	1359	1684	901	0.994832763296121	0.999717351617917	0.999999998388008	-29.0896189798195	1	1	1
ERFCLOCK_01	21	15	21	15	901	0.200128366943802	0.156325756672457	0.202513977076182	6.72412662555121	1	0.770923036140018	1
ERFMAX_01	0	2	0	2	901	1	0.921523110018076	1	0	1	1	1
ERFONECUT2_01	3	3	3	3	901	0.656510706501532	0.500181014483315	0.656250236480385	0	1	1	1
ERFSREBF2_02	2	4	2	6	901	0.891015624919289	0.793863443471073	0.964844025893156	-6.58332252890455	1	1	1
ESRRG_02	0	0	0	0	901	1	1	1	0	1	1	1
ETS1_03	0	0	0	0	901	1	1	1	0	1	1	1
ETV2ONECUT2_01	1	2	1	2	901	0.875208217656857	0.718473338273723	0.875000189184022	-2.91686256171425	1	1	1
ETV2RFX5_02	0	0	0	0	901	1	1	1	0	1	1	1
ETV2SPDEF_01	0	0	0	0	901	1	1	1	0	1	1	1
ETV2TBX21_03	1	2	1	2	901	0.875208217656857	0.718473338273723	0.875000189184022	-3.46496638052889	1	1	1
ETV2TCF3_01	53	85	56	85	901	0.998331779539508	0.99751355120638	0.994372970047788	-12.8755248001739	1	1	1
ETV5EOMES_01	130	165	143	190	901	0.989102922461085	0.988854704199255	0.995787293191661	-17.8376874107527	1	1	1
ETV5HES7_01	483	544	1328	1688	901	0.998417347892166	0.999884340760449	0.999999999977428	-37.362511075941	1	1	1
ETV6_01	4	7	4	9	901	0.887435691765716	0.818608089892923	0.953857950259927	-6.28103845686158	1	1	1
ETV7TBX21_01	11	16	12	16	901	0.877895555998602	0.832988179349178	0.827537489786491	-4.6106345406039	1	1	1
EVI1_01	29	15	51	19	901	0.0230237853283781	0.0168086578746492	8.29994676089243e-05	21.0535852041923	0.498681577001858	0.263703719457686	0.00163923948527625
EVI1_03	61	41	70	43	901	0.0261409142729179	0.0191481735304213	0.00704238483763381	12.516916835962	0.535404651589762	0.271511281085205	0.103681624336202
EVI1_09	0	0	0	0	901	1	1	1	0	1	1	1
EVX2_03	773	758	4946	4313	901	0.178105249757219	0.00194310294361678	2.26050640836014e-11	26.110367522974	1	0.0511683775152419	1.56257505477894e-09
EVX2_04	16	13	17	13	901	0.354400253999854	0.286391416386075	0.292330921006416	3.28216989805885	1	1	1
FKHL14_Q2	229	203	338	309	901	0.0838515047607198	0.0749191061472715	0.135447656620488	6.33827309643177	0.90921337515055	0.565260694639636	0.881206518954468
FLI1CEBPB_01	0	0	0	0	901	1	1	1	0	1	1	1
FOXC1_Q4	674	610	2152	1837	901	0.00051533626536239	3.61566599399187e-05	3.19414442388812e-07	21.0973425837578	0.0800307313744131	0.00333243882446251	1.26168704743581e-05
FOXD2_04	1	0	1	0	901	0.5	0.158923960927542	0.5	0	1	0.770923036140018	1
FOXG1_01	0	0	0	0	901	1	1	1	0	1	1	1
FOXG1_02	0	0	0	0	901	1	1	1	0	1	1	1
FOXI1_03	0	0	0	0	901	1	1	1	0	1	1	1
FOXJ2_02	682	614	3015	2383	901	0.000219235664801006	1.75799291385404e-07	3.65898981392193e-18	43.8950352321695	0.0800307313744131	9.70044021094175e-05	2.02342136709883e-15
FOXJ2_03	7	5	7	5	901	0.386829691049068	0.281362012829747	0.38720668983067	3.16298945409776	1	1	1
FOXL2_Q2	324	276	487	391	901	0.00938451471022875	0.00609462907496749	0.000664506589519931	14.6539853281655	0.297839047744925	0.129898975651862	0.0118539401291781
FOXL2_Q5	666	624	1607	1394	901	0.0160867973534067	0.000788191887555191	5.34516994036161e-05	17.8894916935223	0.404363588019723	0.0272418821136263	0.00109476999148888
FOXM1_Q3	778	808	4626	4435	901	0.987809802471367	0.301978042242224	0.0227147630704187	9.16322130271922	1	1	0.256352326080439
FOXN4_01	878	888	10841	12821	901	0.968708816891874	0.999999999991273	1	-76.3058564788366	1	1	1
FOXO1ETV7_01	6	6	6	6	901	0.613170308950931	0.500128210910762	0.612793310169331	0	1	1	1
FOXO3_01	612	545	1455	1245	901	0.000586958326740923	0.000519138456107205	2.82661847754534e-05	21.8995552776717	0.0800307313744131	0.0205059690162346	0.000625248007233029
FOXO3_03	0	0	0	0	901	1	1	1	0	1	1	1
FOXO6_03	6	4	6	4	901	0.376610375407192	0.263141613401208	0.376952814619025	3.53630652186549	1	1	1
FOXP1_01	3	2	4	2	901	0.5	0.327001660225097	0.343749763519615	4.6233991365868	1	1	1
FXR_Q3	481	475	855	789	901	0.406715927433345	0.160637208996787	0.0543680934722517	9.11278118575688	1	0.772455448480203	0.442140524855223
GATA5_06	189	183	229	218	901	0.38553654488214	0.372588820811214	0.31811786259145	1.73125432777064	1	1	1
GATAD2A_01	861	867	5121	5605	901	0.796925790105574	0.999216962426319	0.999998676505855	-14.8552709341678	1	1	1
GCM1CEBPB_01	0	1	0	1	901	1	0.841613154998138	1	0	1	1	1
GCM1ELF1_02	113	143	122	187	901	0.981846742416171	0.983137464403465	0.999917846552877	-17.5589094800611	1	1	1
GCM1ELK3_01	4	2	4	2	901	0.343489293498468	0.206913184052118	0.343749763519615	5.38601999862377	1	0.893929615475166	1
GCM1ETV4_01	29	40	30	44	901	0.929897049386081	0.913147270097879	0.959749390359922	-7.91967216995746	1	1	1
GCM1ETV7_01	8	10	8	10	901	0.76077723367702	0.682217271932289	0.759659824018089	-3.00052242813735	1	1	1
GCM1FOXI1_01	93	113	102	133	901	0.940074569467557	0.936515629661654	0.981694362534214	-9.71236941560841	1	1	1
GCM1MAX_03	0	4	0	4	901	1	0.977369635654034	1	0	1	1	1
GCM1NHLH1_01	169	163	199	209	901	0.38064949058054	0.391697790933264	0.706971430238085	-2.69207809884551	1	1	1
GCM1ONECUT2_01	0	2	0	2	901	1	0.921523110018076	1	0	1	1	1
GCM1PITX1_02	266	252	326	356	901	0.249319658911487	0.262127196463668	0.882448257397049	-6.51882321649847	1	1	1
GCM1SOX2_01	0	1	0	1	901	1	0.841613154998138	1	0	1	1	1
GCM1TBX21_02	20	25	20	27	901	0.817392137604459	0.776817386045349	0.878522690967865	-7.02110116883968	1	1	1
GCM1_05	27	27	37	38	901	0.554866530208723	0.501712314231973	0.591224777555113	0.720658051668518	1	1	1
GCM2E2F8_01	311	341	602	831	901	0.935725906468279	0.926963551657274	0.999999999438332	-29.4149839769996	1	1	1
GCM2HES7_01	300	378	523	743	901	0.999939636422538	0.999989372101433	0.99999999976486	-34.8379327102661	1	1	1
GCM2HOXA13_01	7	17	7	17	901	0.989109740956419	0.980042606328385	0.988672478335806	-9.10835601032588	1	1	1
GCM2MAX_01	216	259	249	323	901	0.990705254095926	0.994631035613469	0.99915647241368	-15.5788710113122	1	1	1
GCM2SOX15_01	94	67	102	72	901	0.0157534730667912	0.012468372052162	0.0138096248994349	15.4937555098942	0.404363588019723	0.22983365816152	0.177410156664162
GCM2TBX21_02	2	3	2	3	901	0.812847318780037	0.672998439658368	0.812500315306941	-2.38162753350837	1	1	1
GCNF_01	8	13	10	13	901	0.906673420858857	0.862386302195181	0.797564928946922	-4.94469636264305	1	1	1
GFI1B_01	646	628	1416	1438	901	0.189466143239893	0.310842622386913	0.666703101806714	-2.01239755961677	1	1	1
GLI3_03	0	0	0	0	901	1	1	1	0	1	1	1
GLIS1_01	0	0	0	0	901	1	1	1	0	1	1	1
GMEB2_02	1	0	1	0	901	0.5	0.158923960927542	0.5	0	1	0.770923036140018	1
GMEB2_03	5	5	6	6	901	0.623389624592807	0.500140369270765	0.612793310169331	0.50630973466527	1	1	1
GRE_C	853	868	5892	6048	901	0.965856390785956	0.844504212881032	0.925230482590126	-8.29966545589628	1	1	1
GRHL1_01	8	18	9	26	901	0.986085275786056	0.976437268898509	0.999060971231782	-9.45892761660891	1	1	1
GZF1_01	0	0	0	0	901	1	1	1	0	1	1	1
HELIOS_01	4	5	4	5	901	0.746641691075701	0.630978831454219	0.746094246609184	-1.61379191021741	1	1	1
HES1_Q2	722	766	1797	2102	901	0.997429996154243	0.999942941073374	0.999999539459133	-24.3649218324964	1	1	1
HES5_01	2	0	4	0	901	0.249861188228762	0.0787071853295696	0.0624998108160261	0	1	0.565260694639636	0.486794301144541
HESX1_02	3	2	4	4	901	0.5	0.327719205650533	0.636719025893991	1.09871993159905	1	1	1
HIC1_03	511	567	1220	1388	901	0.99692655166041	0.999314342484231	0.999537682376831	-19.4247350287524	1	1	1
HIC2_01	818	840	3834	4206	901	0.977310128409487	0.998549779001308	0.999984706039154	-16.4013771879094	1	1	1
HIC2_03	0	0	0	0	901	1	1	1	0	1	1	1
HIF1_Q5	542	577	1002	1330	901	0.959790484132568	0.999887835156794	0.999999999995696	-22.92237903982	1	1	1
HINFP_02	0	0	0	0	901	1	1	1	0	1	1	1
HINFP_03	0	0	0	0	901	1	1	1	0	1	1	1
HMX1_01	1	1	1	1	901	0.750138811771238	0.500313177704302	0.750000126122681	0	1	1	1
HNF1B_01	686	681	2487	2249	901	0.412868770598445	0.0201093937655822	0.000281733863000085	20.5981796144891	1	0.278012368809174	0.00537237331858782
HNF1_C	326	287	512	430	901	0.0293926275550223	0.016371210944736	0.00413130640696871	11.881877093312	0.560487001307839	0.263703719457686	0.0671944836192263
HNF3B_01	636	568	2093	1680	901	0.000397852717920484	3.50829664048526e-07	9.06594570010412e-12	33.106101939629	0.0800307313744131	9.70044021094175e-05	7.16209710308226e-10
HNF4A_09	709	725	1740	1790	901	0.839743870151975	0.782947023187505	0.804870136253673	-3.0862084690563	1	1	1
HNF4GAMMA_01	0	0	0	0	901	1	1	1	0	1	1	1
HNF6_Q6	254	210	323	276	901	0.0102331680057027	0.0115344495117818	0.0300229614705177	9.73571531901603	0.297839047744925	0.219950020000529	0.313258447041439
HOX13_01	611	606	1376	1275	901	0.420260958404044	0.14552940351092	0.0259673489170993	14.7404797183296	1	0.770923036140018	0.287198879023118
HOXB13EOMES_01	742	757	2659	2571	901	0.843225711334141	0.195555400157323	0.114177619723532	6.20646695599439	1	0.88641095317213	0.799243338064727
HOXB13TBX3_01	131	125	143	144	901	0.367941586863413	0.363907607736074	0.546978393337374	0.032490704777063	1	1	1
HOXB2ELK1_02	1	5	1	5	901	0.984504919061835	0.949050733241017	0.984375118239835	-6.75328013453317	1	1	1
HOXB2ESRRB_01	0	0	0	0	901	1	1	1	0	1	1	1
HOXB2PITX1_01	163	155	187	199	901	0.332690842904858	0.338116319239864	0.745907415208542	-3.36760878181505	1	1	1
HOXB2RFX5_01	134	131	156	151	901	0.447097041976651	0.428655456056081	0.409725664669517	1.68155380506199	1	1	1
HOXB2_03	1	1	1	1	901	0.750138811771238	0.500313177704302	0.750000126122681	0	1	1	1
HOXC10TBX21_01	24	18	24	19	901	0.217684073503299	0.175615382936402	0.271189802205749	4.10454821731241	1	0.82301107426975	1
HOXD10_Q2	303	268	619	473	901	0.0425563460534978	0.0232625821873672	5.53204270048966e-06	17.4699332804228	0.672390267645265	0.285871287769201	0.000169956645187266
HOXD12EOMES_01	2	1	2	1	901	0.5	0.281959607011762	0.5	5.2923945675284	1	1	1
HOXD12ETV4_01	0	0	0	0	901	1	1	1	0	1	1	1
HOXD12TBX21_01	7	1	7	1	901	0.0348528532784423	0.0167907310446499	0.035155974106844	23.8751927176928	0.567613462851769	0.263703719457686	0.344351710505656
HOXD13_01	548	486	1229	1028	901	0.00182517699213264	0.000206358664155115	1.24982733910569e-05	24.0626446406744	0.100932287664935	0.0131374434727117	0.000329121199297831
HOXD13_04	22	29	22	29	901	0.872207848721172	0.839949408406341	0.86878430930616	-4.14050835752931	1	1	1
HOXD9_Q2	513	466	993	917	901	0.014784695626834	0.0232245900621741	0.0429821931283153	7.58216595632138	0.404363588019723	0.285871287769201	0.383373432257393
HSF2_02	237	223	309	287	901	0.241236122704205	0.206682360523919	0.194814231470588	4.85635015551586	1	0.893929615475166	1
HSF2_Q6	106	91	124	121	901	0.14526925218751	0.145766374903477	0.44917728234178	1.217413634925	1	0.770923036140018	1
HSFY1_01	111	86	162	118	901	0.0348984769203619	0.0253843964650181	0.00502297830353594	10.9095557761497	0.567613462851769	0.29867172862032	0.0793630571958678
IK1_01	860	879	5582	6231	901	0.995106441734187	0.998572044482007	0.999999999012234	-26.8469628027529	1	1	1
IK3_01	855	873	4986	5353	901	0.98825139759066	0.993600695652046	0.999857736319347	-17.5555882273926	1	1	1
IRF4_05	0	0	0	0	901	1	1	1	0	1	1	1
IRF4_09	487	465	801	841	901	0.160845771231007	0.119047005154044	0.844285146429256	0.0140351057858742	1	0.770923036140018	1
IRF4_Q5	232	176	312	217	901	0.000970249144765568	0.000338546113625015	2.08612669865493e-05	20.9709581132515	0.0894246295092265	0.0169981351041324	0.000501577419285293
IRF7_04	8	7	8	9	901	0.5	0.398736621501371	0.685471329604155	-1.37509989999922	1	1	1
IRF7_Q3	479	472	802	903	901	0.388546355838065	0.432504278869511	0.993280389183443	-7.56601432170727	1	1	1
ISL2_03	847	866	6879	6627	901	0.985420751695715	0.067479407045386	0.0151087088389374	8.30211020944977	1	0.565260694639636	0.185669244176275
ISRE_01	184	135	223	157	901	0.00150551268174467	0.00101732021821407	0.000415546327651359	19.5632951283658	0.0925053903338667	0.0312543378151323	0.00765990397304005
KAISO_01	265	277	323	339	901	0.747854508783457	0.727768060088057	0.745625575422982	-2.60366012624332	1	1	1
KAISO_Q2	827	842	14235	15104	901	0.925409110434907	0.99899050352094	0.999999845261487	-31.0066537999358	1	1	1
KLF13_01	8	20	11	26	901	0.994059632752292	0.988829014221733	0.996184236870726	-12.1556064932486	1	1	1
KLF8_01	11	14	11	15	901	0.78945686355235	0.727980811531719	0.836531805835522	-3.14163379732563	1	1	1
KLF9_01	133	183	171	246	901	0.999223283669236	0.99910971337087	0.999904942226018	-16.5769984083179	1	1	1
LBX2_03	819	836	7424	6675	901	0.939451083456991	0.00269792635246495	1.27868178005074e-10	29.1206150575684	1	0.0648675336049181	7.85678915964509e-09
LEF1_05	563	554	1179	1129	901	0.348927847131989	0.376306688627516	0.153735227145943	5.28956724238321	1	1	0.955231242828161
LHX2_03	22	18	38	34	901	0.315996271906055	0.265165873444647	0.361971658023093	3.40338007955871	1	1	1
LHX3_01	543	478	2262	1786	901	0.00116857096745348	0.000178769285368601	3.66474070759922e-14	33.7040490949169	0.0923171064288247	0.0131374434727117	4.41996907130225e-12
LHX6_06	5	2	9	2	901	0.226106263622319	0.127408690536317	0.0327144779453274	8.12467423521212	1	0.770923036140018	0.328929205523019
LHX6_07	1	1	2	1	901	0.750138811771238	0.5	0.5	0	1	1	1
LRF_Q6	641	704	2782	3118	901	0.99973912357161	0.998708602636049	0.999994462409914	-21.1675050556627	1	1	1
LYF1_01	788	802	2414	2700	901	0.863636021827076	0.950992465320518	0.999970835920087	-16.2205640356569	1	1	1
MAFA_Q4_01	738	741	1835	1967	901	0.597015342275707	0.953263553396818	0.984583511356468	-9.90957793971827	1	1	1
MAFB_Q4	842	855	3558	3840	901	0.920561824844885	0.989844435632832	0.99951098894042	-14.5575322181273	1	1	1
MAFF_01	3	1	4	1	901	0.312291608731978	0.158453667657232	0.187499684693059	7.34973606298017	1	0.770923036140018	1
MAFF_04	1	0	1	0	901	0.5	0.158923960927542	0.5	0	1	0.770923036140018	1
MAX_11	53	66	55	71	901	0.908008063338879	0.893749835534195	0.935218020987339	-4.67644541367909	1	1	1
MEF2_01	0	0	0	0	901	1	1	1	0	1	1	1
MEF2_04	414	359	701	556	901	0.00507082082174771	0.000947213059231092	2.38051669451592e-05	25.6998976021541	0.200297422459034	0.0308122836326349	0.000548510721694711
MEIS1AHOXA9_01	845	831	5244	4929	901	0.114841842359823	0.0171232103542091	0.000899883374600348	14.9861280991113	1	0.263703719457686	0.0155511095673123
MEIS1DLX3_01	65	55	68	57	901	0.197596618607319	0.171542795188524	0.185572793515634	5.23682633881659	1	0.817662651703086	1
MEIS1DRGX_01	711	740	2201	2092	901	0.962876441770329	0.185331739952781	0.0494541285929546	7.53309025161057	1	0.854070434949067	0.427314579873498
MEIS1EOMES_01	829	856	3623	4231	901	0.996400050010813	0.999978452063601	0.999999999997188	-29.3389934859889	1	1	1
MEIS1SOX2_01	26	17	26	17	901	0.108238294732058	0.0824764805346056	0.111023897849579	8.70215975273102	1	0.577997807997403	0.787130968087397
MEIS1_02	164	167	189	194	901	0.596114622740948	0.578956776796288	0.620408804960168	-1.25485002077063	1	1	1
MEIS1_06	2	8	2	8	901	0.989428045858869	0.971445593474112	0.989257967689548	-7.08923855369986	1	1	1
MEIS2ONECUT2_01	3	4	3	4	901	0.773893736377681	0.647661948051411	0.773437913840674	-2.12225952517667	1	1	1
MEIS2_05	0	0	0	0	901	1	1	1	0	1	1	1
MEOX2_03	5	4	7	4	901	0.5	0.368741608679907	0.274413493468213	5.33912945458123	1	1	1
MGADLX2_01	32	22	32	22	901	0.106663206561895	0.0836163194209625	0.110161099486711	7.03978611122019	1	0.577997807997403	0.787130968087397
MIBP1_Q6	534	560	1078	1097	901	0.903604041086746	0.634392625421114	0.666062799961884	-2.26295019238105	1	1	1
MIZF_03	0	0	0	0	901	1	1	1	0	1	1	1
MRF2_01	77	64	81	66	901	0.146249829354359	0.125138432821479	0.124054086661676	6.6429965783521	1	0.770923036140018	0.83283006483417
MSX1_01	716	721	2087	2032	901	0.637445577630479	0.381514878969137	0.199820760409555	3.30553953157626	1	1	1
MSX1_Q5	137	128	168	158	901	0.297352987445913	0.274613007388133	0.309098041332104	1.97223665799962	1	1	1
MSX2_03	8	6	8	7	901	0.394854544067388	0.296746278226125	0.5	1.51264333340593	1	1	1
MSX2_Q3	791	788	3386	3242	901	0.443131505082289	0.0292435721592126	0.0392483077275249	6.01836488965201	1	0.336910320917595	0.35580842907084
MTF1_01	836	846	3633	4133	901	0.85069158352381	0.99999930098784	0.999999993945759	-31.1359399602633	1	1	1
MTF1_07	0	0	0	0	901	1	1	1	0	1	1	1
MYBL1ELF1_01	2	0	2	0	901	0.249861188228762	0.0787071853295696	0.249999873877319	0	1	0.565260694639636	1
MYBL1FIGLA_01	32	39	33	40	901	0.833631359611487	0.80137788159209	0.825413529619985	-4.84441173495722	1	1	1
MYBL1HOXA13_01	4	0	4	0	901	0.0622918402135309	0.0226901379073366	0.0624998108160261	0	0.820175896144824	0.285871287769201	0.486794301144541
MYBL1ONECUT2_01	66	62	69	65	901	0.391669181796555	0.357424150361972	0.397810971750357	1.74115757855182	1	1	1
MYBL2_02	14	13	18	13	901	0.5	0.418854658409672	0.236563085609353	1.96170572152006	1	1	1
MYBL2_03	2	1	3	2	901	0.5	0.282176259933396	0.5	2.95983594309656	1	1	1
MYBL2_05	6	3	8	6	901	0.253358308924299	0.158924459529769	0.395263302003779	3.67494590037271	1	0.770923036140018	1
MYOD_01	0	0	0	0	901	1	1	1	0	1	1	1
MYOGNF1_01	869	879	7052	7740	901	0.936088077096549	0.999946642296856	0.999999993547677	-38.6280981895533	1	1	1
NERF_Q2	843	866	4268	4253	901	0.994873204269906	0.36086019410005	0.439597535582792	0.00982079739446793	1	1	1
NFAT5_02	12	6	12	6	901	0.117758708731758	0.0777059419798532	0.118941188957884	8.7754923392907	1	0.565260694639636	0.822180968671372
NFATC1_01	3	3	3	3	901	0.656510706501532	0.500181014483315	0.656250236480385	0	1	1	1
NFATC1_02	2	6	4	9	901	0.965147146721558	0.921465872264055	0.953857950259927	-6.16491665660535	1	1	1
NFATC1_03	0	1	0	2	901	1	0.841613154998138	1	0	1	1	1
NFIA_03	78	71	79	72	901	0.303963772252777	0.274988178553082	0.312745215172525	2.45603491234293	1	1	1
NFKB_C	516	528	960	1084	901	0.732479436631498	0.863940417328526	0.997171379486763	-10.158595996153	1	1	1
NFY_C	609	629	1122	1268	901	0.856979043052484	0.978553432816989	0.998691842485334	-13.8248109515766	1	1	1
NKX22_01	539	475	1219	996	901	0.00138127152478568	0.000421956692522388	1.15953771329299e-06	21.6963245556097	0.0925053903338667	0.0179493885357601	4.00765222156889e-05
NKX23_04	6	8	6	8	901	0.788944412141069	0.704283243234447	0.788025734553159	-3.04188765757404	1	1	1
NKX25_03	832	854	5081	4889	901	0.986557487972652	0.0685110501367277	0.0275718140307464	10.1977328598741	1	0.565260694639636	0.298964963902015
NKX31_06	458	445	705	669	901	0.285916192584683	0.20640977658979	0.172445756141626	3.91312613558182	1	0.893929615475166	1
NKX61_01	335	287	546	408	901	0.00991587293645537	0.00168587722427491	4.41724295541523e-06	23.9746417797091	0.297839047744925	0.0466145052512011	0.000143690314961448
NKX62_Q2	590	533	1823	1539	901	0.00323120963092043	0.000368856457955857	5.10177375321506e-07	19.1177829790739	0.148904910491583	0.0169981351041324	1.88085392368528e-05
NOR1_02	2	0	2	0	901	0.249861188228762	0.0787071853295696	0.249999873877319	0	1	0.565260694639636	1
NR2E1_02	111	74	121	81	901	0.00254658346961153	0.00207702173582076	0.00296470655460269	16.0558996879522	0.128023696245016	0.0522087736322219	0.0496812946877359
NR2F1_05	711	696	1546	1743	901	0.212682666419221	0.902516892594318	0.999726197841348	-16.0768220845279	1	1	1
NR4A2_02	0	0	0	0	901	1	1	1	0	1	1	1
NR4A2_03	0	0	0	0	901	1	1	1	0	1	1	1
NR4A2_04	23	47	23	49	901	0.998954463488801	0.998312938691899	0.999353336677257	-11.6713066405624	1	1	1
NRF1_02	9	24	20	55	901	0.997899765722485	0.995800152376674	0.999988789039509	-12.1401467929435	1	1	1
NRSF_01	3	1	3	1	901	0.312291608731978	0.158587871842275	0.312499810815835	8.83255763039672	1	0.770923036140018	1
OCT1_01	448	416	802	703	901	0.0718907448146428	0.017821425553912	0.00573807775008927	17.1503412544432	0.849525729358176	0.266358063008468	0.0881432498833158
OCT1_06	800	812	5554	5118	901	0.840653479179382	0.0220042567951818	1.20671181834888e-05	19.8945496057845	1	0.285871287769201	0.000329121199297831
OLF1_01	430	455	742	755	901	0.889748706451828	0.73823773896499	0.6413089182267	-4.99670265816402	1	1	1
OSR2_05	0	0	0	0	901	1	1	1	0	1	1	1
OTX2_Q3	199	205	237	249	901	0.653708554567511	0.630398778629597	0.722303450495053	-2.81519766524623	1	1	1
P73_Q6	380	401	551	598	901	0.852181638987269	0.875871586401698	0.921696010520795	-8.97284914273644	1	1	1
PAX1_B	0	0	0	0	901	1	1	1	0	1	1	1
PAX2_01	717	727	1907	1881	901	0.741957270300828	0.396116341335277	0.342159471531642	3.35948388345866	1	1	1
PAX2_Q2	734	767	1963	2207	901	0.984173156952432	0.998693913208522	0.999927365132715	-14.8114352737746	1	1	1
PAX3_01	878	883	6733	7697	901	0.828343083030573	0.99999959188574	1	-37.4262276322156	1	1	1
PAX5_01	873	879	8402	9892	901	0.842297482558219	0.999999999441674	1	-71.4583250258126	1	1	1
PAX5_Q6	835	852	3817	3894	901	0.958806279385346	0.974517977070078	0.81326411500311	-6.89303232807228	1	1	1
PAX9_01	0	0	0	0	901	1	1	1	0	1	1	1
PBX1_02	383	366	583	588	901	0.222203192267399	0.257137615494502	0.569608060337645	1.02241538896202	1	1	1
PBX1_05	833	853	3613	3948	901	0.978291649264957	0.997182191838328	0.999946048111782	-19.3341811545005	1	1	1
PBX4_01	0	1	0	1	901	1	0.841613154998138	1	0	1	1	1
PIT1_Q6	722	689	3191	2869	901	0.0336689877247352	0.0190010684987096	1.80790233550814e-05	22.7865393296617	0.567613462851769	0.271511281085205	0.000454440905243637
PITX1EOMES_01	125	126	135	148	901	0.554104174345127	0.560504890207347	0.79735098336293	-4.15391127810174	1	1	1
PITX1FIGLA_01	85	105	92	111	901	0.94648496825125	0.934985898661067	0.919893345924558	-6.6874158281369	1	1	1
PITX1HES7_01	6	8	6	8	901	0.788944412141069	0.704283243234447	0.788025734553159	-2.69314904530903	1	1	1
PITX1TBX21_01	2	3	2	3	901	0.812847318780037	0.672998439658368	0.812500315306941	-2.31065603402289	1	1	1
PLAG1_02	555	626	5020	5473	901	0.999822675310416	0.988460523359807	0.99999559510584	-25.8708808106855	1	1	1
PLAG1_04	8	13	9	24	901	0.906673420858857	0.864039755980912	0.997724471015036	-10.1871777531034	1	1	1
PLAG1_06	0	0	0	0	901	1	1	1	0	1	1	1
PLAG1_08	2	1	2	1	901	0.5	0.281959607011762	0.5	3.16588668687154	1	1	1
PLAGL2_02	0	0	0	0	901	1	1	1	0	1	1	1
PLAGL2_03	157	170	173	212	901	0.803914590815846	0.845213329708417	0.97933397927231	-6.65281405667434	1	1	1
PLAGL2_05	0	1	0	1	901	1	0.841613154998138	1	0	1	1	1
PLZFB_Q3	659	669	1993	1863	901	0.721904751818201	0.13339692215604	0.0187821501189696	8.79869794958378	1	0.770923036140018	0.220989979059365
POU2F1DLX2_01	0	1	0	1	901	1	0.841613154998138	1	0	1	1	1
POU2F1EOMES_01	624	618	1308	1281	901	0.399560693399997	0.302675869117934	0.304568428726798	1.36216144499438	1	1	1
POU2F1ETV4_01	0	1	0	1	901	1	0.841613154998138	1	0	1	1	1
POU2F1FOXO6_01	21	22	22	24	901	0.621022459537449	0.562732987169933	0.670632828261328	-2.22944758163056	1	1	1
POU2F1HOXB13_01	49	49	52	53	901	0.541335984533257	0.502298882934226	0.577316868877239	-0.549948961389383	1	1	1
POU2F1SOX2_01	56	45	60	47	901	0.152875472317678	0.128446952021562	0.122939277788188	6.96597121178756	1	0.770923036140018	0.83283006483417
POU2F1TBX21_01	17	12	29	17	901	0.2272874126861	0.172995533904631	0.0519006769824215	10.5528498908055	1	0.817662651703086	0.437994825526949
POU3F1_Q6	687	678	2361	2195	901	0.330090388375307	0.14299691710929	0.00719159661138023	15.1272909869807	1	0.770923036140018	0.103681624336202
POU3F2_01	680	655	4069	3423	901	0.0984587281073402	0.00132425592455229	3.99635539900746e-14	29.6872299083487	1	0.0385428171724956	4.41996907130225e-12
POU4F2_01	3	2	3	2	901	0.5	0.327360223652099	0.5	2.64736576203541	1	1	1
POU4F2_02	35	36	36	38	901	0.595579974243643	0.55003600727151	0.636228910328863	-1.00053807377882	1	1	1
POU5F1_01	846	843	6875	6669	901	0.423004508462578	0.126802860056654	0.0385670262319849	7.31123599128787	1	0.770923036140018	0.35580842907084
POU6F2_01	0	0	0	0	901	1	1	1	0	1	1	1
PPARG_02	861	880	10314	10385	901	0.995669851177524	0.501302158347371	0.692545560416354	-2.05105964950811	1	1	1
PRDM10_01	0	0	0	0	901	1	1	1	0	1	1	1
PRDM12_01	12	10	12	11	901	0.415388011134239	0.335121797150959	0.5	0.954603728530614	1	1	1
PRDM14_01	3	10	3	10	901	0.989001177480073	0.974308066833286	0.988769742603224	-7.38974516419357	1	1	1
PRDM14_02	177	170	200	202	901	0.360020775516653	0.384837537091095	0.559464295289401	-0.55689537684879	1	1	1
PRDM15_01	58	55	60	57	901	0.423004508462578	0.385660410037941	0.42670207818697	1.17030650082575	1	1	1
PRDM15_02	0	0	0	0	901	1	1	1	0	1	1	1
PRDM15_03	4	5	4	5	901	0.746641691075701	0.630978831454219	0.746094246609184	-1.55070271157307	1	1	1
PRDM15_04	3	3	3	3	901	0.656510706501532	0.500181014483315	0.656250236480385	0	1	1	1
PRDM16_05	612	627	1239	1214	901	0.791947630128423	0.62052834214299	0.313886350510889	1.14354436506274	1	1	1
PRDM1_03	615	585	1151	1168	901	0.0737382188231328	0.218838152127401	0.645795060924571	-1.52485124626914	0.849525729358176	0.909906000950774	1
PRDM4_01	1	0	1	0	901	0.5	0.158923960927542	0.5	0	1	0.770923036140018	1
PRDM5_02	3	0	3	0	901	0.124791782343143	0.0416036588929917	0.124999810815978	0	1	0.434091006940083	0.83283006483417
PRDM5_03	3	5	3	6	901	0.856016081179056	0.761165561977759	0.910156746608432	-4.12370225441374	1	1	1
PREP1_Q3	603	591	1180	1144	901	0.291839565845259	0.27484440226953	0.233785755289144	3.19325599813817	1	1	1
PROX1_01	5	7	5	8	901	0.806960028041015	0.71939621959607	0.86657794101689	-3.5712705496082	1	1	1
PRRX2_05	0	0	0	0	901	1	1	1	0	1	1	1
PRX2_Q2	743	717	4053	3338	901	0.0665279535854477	9.59855812218851e-06	4.14459254808909e-17	33.7958393645081	0.836135416653467	0.00106160052831405	1.14597983954663e-14
PSF_Q5	384	451	563	692	901	0.999345087723587	0.999707712153547	0.99988053107024	-12.9279052582011	1	1	1
RARB_01	0	0	0	0	901	1	1	1	0	1	1	1
RBPJK_01	500	521	790	900	901	0.852181638987269	0.96671370643223	0.9965547335253	-11.5887692277251	1	1	1
RELA_03	820	841	4492	4610	901	0.973346586508621	0.921941558120122	0.894387107770067	-5.86721576258062	1	1	1
REST_04	99	96	104	102	901	0.439746097119544	0.41383905889416	0.472236643516415	0.700743593766464	1	1	1
RFX2_02	1	0	1	0	901	0.5	0.158923960927542	0.5	0	1	0.770923036140018	1
RFX3BHLHA15_01	5	9	5	9	901	0.911066784086124	0.85841423492136	0.910218055718963	-5.53832427503008	1	1	1
RFX3FIGLA_02	36	28	36	30	901	0.186540368021293	0.156815234230771	0.26928799290149	5.05702425602972	1	0.770923036140018	1
RFX3HES7_01	7	20	7	20	901	0.99721470420185	0.994137642625279	0.997037857411874	-12.014585101333	1	1	1
RFX3SREBF2_01	0	2	0	3	901	1	0.921523078050396	1	0	1	1	1
RFX3SRF_01	135	138	152	154	901	0.603632930486034	0.566072328849282	0.56807143112465	-0.908058594557045	1	1	1
RFX5_02	5	8	9	19	901	0.867451651248604	0.796960970547506	0.982151573450126	-8.63003325899776	1	1	1
RFX_Q6	481	519	702	850	901	0.967761497791384	0.998644664411672	0.999923563702968	-14.3744798270169	1	1	1
RLF_01	18	15	18	15	901	0.362944208525493	0.299186982571831	0.364165143998288	2.40884720670323	1	1	1
ROAZ_01	3	3	4	6	901	0.656510706501532	0.500905070272978	0.828125620761323	-1.87216227628173	1	1	1
RORA2_01	288	257	364	327	901	0.0619273148519487	0.0503545971428945	0.0853609637127532	7.01579366422155	0.820175896144824	0.488527933684573	0.6293948391087
RORA_05	0	0	0	0	901	1	1	1	0	1	1	1
RORA_06	0	0	0	0	901	1	1	1	0	1	1	1
RP58_01	42	42	45	43	901	0.544446828548532	0.495894756786485	0.457592311063132	0.988807034464948	1	1	1
RREB1_01	730	766	2996	4166	901	0.989919848149638	0.998295033339368	1	-52.5762956378813	1	1	1
RREB1_04	0	0	0	0	901	1	1	1	0	1	1	1
RREB1_05	0	0	0	0	901	1	1	1	0	1	1	1
RREB_Q5	300	318	427	479	901	0.8271294989916	0.839067103179663	0.960927322078961	-7.73517769313052	1	1	1
RUNX2_02	39	58	40	86	901	0.981830657517796	0.977182926714265	0.999988596903065	-20.1718188287332	1	1	1
RUNX3_01	6	15	6	17	901	0.98712663055098	0.976041962113274	0.994689206283952	-10.3653455538431	1	1	1
RXRA_05	0	1	0	1	901	1	0.841613154998138	1	0	1	1	1
SALL1_01	199	170	236	221	901	0.0510297512869706	0.0529182921091357	0.256266283809845	3.40347912630282	0.742617170044598	0.498075553222587	1
SALL1_03	46	67	51	69	901	0.983931292074612	0.977975567989072	0.958800894687637	-6.53521404521634	1	1	1
SALL3_01	366	330	526	450	901	0.0451713825476111	0.0302589796192323	0.00814704127081249	11.2929815995408	0.679944117742295	0.341494198559908	0.109885702994129
SALL3_02	1	1	1	1	901	0.750138811771238	0.500313177704302	0.750000126122681	0	1	1	1
SATB1_Q3	178	177	224	218	901	0.5	0.484173121978159	0.406014295689344	1.27304380619511	1	1	1
SC1_01	2	4	2	4	901	0.891015624919289	0.793345980430571	0.890625354720219	-3.39207792325888	1	1	1
SCRT2_01	6	5	6	5	901	0.5	0.381319803596215	0.5	1.48468855740002	1	1	1
SIP1_Q6	2	1	2	1	901	0.5	0.281959607011762	0.5	3.60805224909935	1	1	1
SIX1_Q3	343	309	461	416	901	0.0528380239862816	0.0360485616121945	0.0686033712489603	6.94225018129915	0.749216083702915	0.398697091430871	0.519694031516096
SIX3_Q6	577	535	1545	1225	901	0.0234461500941199	0.00030894071024015	6.32131341024749e-10	29.080027210103	0.498681577001858	0.0169981351041324	3.17789665078806e-08
SIX4_01	848	860	3641	3941	901	0.915933143729762	0.994480753749943	0.999733746976033	-18.9465916644664	1	1	1
SMAD3_Q6	822	847	3232	3440	901	0.990570734819515	0.987007154269198	0.994814203108503	-11.4814586788722	1	1	1
SMAD3_Q6_01	719	752	1813	1931	901	0.980753226842188	0.991089034133316	0.974219327265153	-10.1091672781895	1	1	1
SMAD4_Q6	866	884	7276	7562	901	0.996530441001223	0.961992385966381	0.990985720564961	-14.459395105109	1	1	1
SMAD5_02	2	2	2	3	901	0.687708391268022	0.500664719079566	0.812500315306941	-2.00192637220956	1	1	1
SMAD5_Q5	850	851	7581	8181	901	0.581090433252628	0.993180493484831	0.99999923301783	-14.2053815649576	1	1	1
SMAD7_01	26	22	27	25	901	0.33058724827407	0.282386798046321	0.44494126044187	2.04351833708684	1	1	1
SNAP190_01	1	1	1	1	901	0.750138811771238	0.500313177704302	0.750000126122681	0	1	1	1
SOX10_03	0	0	0	0	901	1	1	1	0	1	1	1
SOX10_05	0	0	0	0	901	1	1	1	0	1	1	1
SOX10_08	686	712	1667	1728	901	0.936414286441028	0.865619492889912	0.856559732992177	-4.5302759895751	1	1	1
SOX18_Q5_01	136	150	151	160	901	0.83322974082969	0.796476550097728	0.714639069725323	-2.26432846966753	1	1	1
SOX5_01	616	613	1615	1480	901	0.459710508990515	0.0763460888455289	0.00795773147180419	9.32995072714575	1	0.565260694639636	0.109885702994129
SOX6TBX21_01	254	244	306	302	901	0.31772786380901	0.312294179763716	0.451580872050209	1.78495593668685	1	1	1
SOX8_07	0	0	0	0	901	1	1	1	0	1	1	1
SOX9_05	0	0	0	0	901	1	1	1	0	1	1	1
SOX9_09	559	575	1067	1086	901	0.79648497613962	0.784699455117462	0.66685713016624	-2.07539360079386	1	1	1
SOX_Q6	827	848	4507	4453	901	0.978741769492162	0.281774027359632	0.287337101286662	3.65937991033392	1	1	1
SP1SP3_Q4	444	502	3583	3399	901	0.997316127747341	0.958559459208101	0.0141158171667688	-0.654522287505244	1	1	0.177410156664162
SP2_04	829	855	6230	7169	901	0.995063149125493	0.999826455851252	1	-31.2754530697284	1	1	1
SP2_06	0	0	0	0	901	1	1	1	0	1	1	1
SP3_Q3	802	820	4329	4931	901	0.932330580186894	0.999733653268137	0.999999999834114	-28.935617597402	1	1	1
SP5_Q2	53	53	54	60	901	0.539846811246425	0.514132545583242	0.743878643279623	-2.70289743310166	1	1	1
SPDEF_06	0	0	0	0	901	1	1	1	0	1	1	1
SPDEF_07	3	2	3	2	901	0.5	0.327360223652099	0.5	2.64736576203541	1	1	1
SPI1_06	637	612	1372	1361	901	0.11011451549305	0.189583117021742	0.424101772640739	1.09020708532543	1	0.866441848867963	1
SREBP1_02	799	841	3399	4355	901	0.999814019665369	0.999999942255477	1	-45.3563133035788	1	1	1
SREBP1_Q5	653	690	1387	1610	901	0.980072301917655	0.986436002984333	0.999979036728119	-20.5534288326915	1	1	1
SRF_01	49	53	59	67	901	0.694774405078688	0.661104193650174	0.788611817545551	-2.67848749603698	1	1	1
STAF_05	0	0	0	0	901	1	1	1	0	1	1	1
STAT1_10	571	540	1209	1106	901	0.0730355470827735	0.0395471884794372	0.0169419272587672	10.5497137059082	0.849525729358176	0.420569139021707	0.203671429871702
STAT3_01	518	496	1333	1209	901	0.159315819735357	0.0538688767239529	0.00731208562226376	12.6563804935247	1	0.498075553222587	0.103681624336202
STAT5A_02	849	862	6745	6769	901	0.934183536795425	0.575019646355947	0.585424225630625	-2.04063128637666	1	1	1
STAT5A_Q6	116	111	174	165	901	0.388242123441398	0.374821705762044	0.331980688531753	3.02645831710025	1	1	1
T3RBETA_Q6_01	622	646	1238	1440	901	0.901434046242242	0.985381907545185	0.999957023057244	-21.5312549541354	1	1	1
TAL1BETAITF2_01	719	717	1934	1978	901	0.476656945124438	0.5413133688972	0.764291162770394	-3.46904720812087	1	1	1
TAL1GATA1_02	51	47	52	47	901	0.377740466472867	0.33698788520667	0.343938968226443	2.99060082470254	1	1	1
TAL1_01	616	591	1183	1143	901	0.114635904582401	0.216892767291374	0.209224988412363	2.57152493617548	1	0.909906000950774	1
TAXCREB_01	638	702	1555	1773	901	0.99977678211501	0.999293067481003	0.999927854955673	-20.2087151124955	1	1	1
TAXCREB_02	861	886	6337	7440	901	0.999855623685139	0.99999999684943	1	-47.3532188567756	1	1	1
TBX15_02	0	0	0	0	901	1	1	1	0	1	1	1
TBX18_01	0	0	0	0	901	1	1	1	0	1	1	1
TBX1_01	0	1	0	1	901	1	0.841613154998138	1	0	1	1	1
TBX1_04	0	0	0	0	901	1	1	1	0	1	1	1
TBX1_05	0	0	0	0	901	1	1	1	0	1	1	1
TBX20_05	105	118	116	136	901	0.841713253284825	0.831500287543785	0.907129955963918	-6.43453187034512	1	1	1
TBX21_01	0	1	0	1	901	1	0.841613154998138	1	0	1	1	1
TBX5CSX_Q5	8	10	8	11	901	0.76077723367702	0.682966222239452	0.820359440020478	-3.42501370200807	1	1	1
TBX5_04	1	1	2	2	901	0.750138811771238	0.500313177704302	0.687500189184165	0	1	1	1
TCF11MAFG_01	783	790	2462	2471	901	0.714208235263467	0.505213026750856	0.556678650398514	-1.40076246836132	1	1	1
TEAD4ALX4_01	42	44	47	46	901	0.629768774118209	0.580968516872087	0.5	0.590271710336674	1	1	1
TEAD4CEBPD_01	11	11	12	11	901	0.584611988865761	0.499050447551546	0.5	0.548506066443961	1	1	1
TEAD4CLOCK_01	174	175	198	208	901	0.547443486729478	0.541147860240704	0.70743187736797	-3.01144189188872	1	1	1
TEAD4ELK3_01	2	1	2	1	901	0.5	0.281959607011762	0.5	4.24423175911537	1	1	1
TEAD4EOMES_01	140	157	155	176	901	0.873471391591564	0.860228992784339	0.886758868627192	-6.47996043456524	1	1	1
TEAD4ERG_02	1	1	1	1	901	0.750138811771238	0.500313177704302	0.750000126122681	0	1	1	1
TEAD4ESRRB_01	71	72	74	75	901	0.569154912038719	0.534634129725569	0.565040942658034	-0.516939380094351	1	1	1
TEAD4ETV7_01	1	0	1	0	901	0.5	0.158923960927542	0.5	0	1	0.770923036140018	1
TEAD4FIGLA_01	22	14	22	15	901	0.119112788444348	0.0897692773292369	0.162002031423768	6.92896238352731	1	0.605395248330098	0.995412481970483
TEAD4FOXI1_01	139	145	156	168	901	0.674541392907047	0.644970367517534	0.764911655317945	-3.50243816610474	1	1	1
TEAD4GATA3_01	36	33	36	34	901	0.403129726381852	0.358253411120808	0.452486424267421	1.35092215976723	1	1	1
TEAD4MAX_02	4	9	4	11	901	0.95443880024116	0.918366648653762	0.982422211244021	-8.99086167371837	1	1	1
TEAD4ONECUT2_01	0	8	0	8	901	1	0.997703927598798	1	0	1	1	1
TEAD4RFX5_01	23	28	23	28	901	0.802870181707054	0.761217252014577	0.79947204669071	-4.92996797732087	1	1	1
TEAD4SOX15_01	198	161	239	195	901	0.0168195870826165	0.0156965581642476	0.0194337035840563	11.4131565190663	0.404401376377693	0.263703719457686	0.223892460041316
TEAD4SOX6_01	20	12	21	12	901	0.105608309427076	0.0765431911372414	0.0813760782791282	10.9898807835743	1	0.565260694639636	0.608121233626458
TEF3_Q3	769	726	4053	3357	901	0.0042110789941475	9.48726650111161e-07	2.86965164260135e-16	32.9647402155924	0.179132821827967	0.000174881945837157	5.28972452786182e-14
TEF_01	328	385	443	525	901	0.997406393443474	0.995335120154696	0.996204960847439	-11.7838784546238	1	1	1
TEF_05	0	0	0	0	901	1	1	1	0	1	1	1
TEF_08	1	0	1	0	901	0.5	0.158923960927542	0.5	0	1	0.770923036140018	1
TFAP2B_04	117	152	211	268	901	0.991396923514015	0.987164531592561	0.99601335393756	-10.7663118127002	1	1	1
TFAP2CDLX3_03	144	125	155	141	901	0.117025412578791	0.115885472640896	0.224952382915665	5.75639413752082	1	0.7629126948859	1
TFAP2CELK1_01	3	10	3	11	901	0.989001177480073	0.974363206345544	0.993530424746928	-10.5497579833493	1	1	1
TFAP2CHOXB13_01	21	30	22	30	901	0.922593220084765	0.898586357832264	0.894198715846584	-6.04587733859984	1	1	1
TFAP2CMAX_02	9	8	9	8	901	0.5	0.403867212155961	0.5	1.5817434025043	1	1	1
TFAP2CONECUT2_01	8	6	8	6	901	0.394854544067388	0.295922455296261	0.395263302003779	3.7864411749329	1	1	1
TFAP4MAX_02	5	7	5	9	901	0.806960028041015	0.719937171856611	0.910218055718963	-4.78333107977965	1	1	1
TFCP2_03	31	20	37	30	901	0.0774067799152347	0.0593433752828482	0.231905018179937	5.93921635685434	0.873590801900506	0.529304621474436	1
TFE_Q6	387	423	596	707	901	0.960144272015858	0.985369414844354	0.999050145617491	-8.85415360102657	1	1	1
TFIIIA_03	0	0	0	0	901	1	1	1	0	1	1	1
TFIIIA_04	0	0	0	0	901	1	1	1	0	1	1	1
TFIII_Q6	783	794	3291	3360	901	0.803752372292997	0.987849647490795	0.805042463293046	-7.39092713606195	1	1	1
TFIII_Q6_01	833	852	3794	3890	901	0.972273054814463	0.8109450867104	0.866224864197911	-4.16319829192909	1	1	1
THAP1_01	863	882	7618	8310	901	0.996696976186602	0.999767941021466	0.999999982466066	-35.1642956760775	1	1	1
THRA_01	0	0	0	0	901	1	1	1	0	1	1	1
THRB_02	0	0	0	0	901	1	1	1	0	1	1	1
THRB_03	0	0	0	0	901	1	1	1	0	1	1	1
TITF1_Q3	817	812	4521	4126	901	0.3745822980623	0.00863399757309266	1.08319927226969e-05	18.3597201911505	1	0.17052145206858	0.000315267998718494
TP63_01	0	0	0	0	901	1	1	1	0	1	1	1
TRF1_01	1	0	1	0	901	0.5	0.158923960927542	0.5	0	1	0.770923036140018	1
TRPS1_Q3	20	17	20	17	901	0.370111049534529	0.309236019766035	0.371413511687685	2.69036850127063	1	1	1
TST1_01	805	769	5822	5093	901	0.00650057918249548	0.00021381011076746	1.37468082361396e-12	34.7401567030615	0.239654685861333	0.0131374434727117	1.26699749243087e-10
VDR_01	1	0	1	0	901	0.5	0.158923960927542	0.5	0	1	0.770923036140018	1
WT1_01	520	586	3187	3244	901	0.999409480782733	0.977954461982205	0.765596703824084	-12.8686329661866	1	1	1
YY1_08	798	811	2709	2661	901	0.856905205382293	0.200453376430669	0.260359402955654	2.45372902544446	1	0.893612372538544	1
YY1_12	795	821	2721	2779	901	0.981830949529516	0.69251378891205	0.787175003236509	-3.53167070438921	1	1	1
ZASC1_01	0	0	0	0	901	1	1	1	0	1	1	1
ZASC1_02	0	0	0	0	901	1	1	1	0	1	1	1
ZBP89_Q4_01	500	530	3411	3363	901	0.93000571237103	0.917768441586885	0.283652503430182	-6.36936297926976	1	1	1
ZBTB11_02	0	0	0	0	901	1	1	1	0	1	1	1
ZBTB1_01	0	0	0	0	901	1	1	1	0	1	1	1
ZBTB26_01	0	0	0	0	901	1	1	1	0	1	1	1
ZBTB2_Q3	275	303	367	399	901	0.9283643617128	0.917972187543087	0.883491566640895	-5.58287053300697	1	1	1
ZBTB2_Q3_01	722	730	2156	2134	901	0.7039733344521	0.974681069230051	0.374119603297376	-3.66980151433742	1	1	1
ZBTB33_05	38	47	57	65	901	0.866800365952804	0.839371741753229	0.792364599885637	-4.62661846314907	1	1	1
ZBTB34_01	19	24	19	25	901	0.822726985379636	0.78081905710798	0.854395068421893	-3.82683865015117	1	1	1
ZBTB38_01	2	0	2	0	901	0.249861188228762	0.0787071853295696	0.249999873877319	0	1	0.565260694639636	1
ZBTB38_02	32	27	32	28	901	0.298411613934065	0.255644060447029	0.349439535267408	2.36091002284288	1	1	1
ZBTB40_01	216	229	275	294	901	0.777787668531138	0.786049437008311	0.799132673922942	-3.06891415506465	1	1	1
ZBTB40_02	38	28	42	43	901	0.12944403752034	0.108752333212764	0.58579018071015	1.64877079958857	1	0.724578798393477	1
ZBTB41_01	0	1	0	1	901	1	0.841613154998138	1	0	1	1	1
ZBTB44_01	611	636	1069	1174	901	0.907708159922651	0.981347162895867	0.987446792753461	-6.87928964534571	1	1	1
ZBTB46_01	2	5	2	5	901	0.937864380335932	0.872065054189943	0.937500331072038	-4.31346017158764	1	1	1
ZBTB49_01	0	2	0	2	901	1	0.921523110018076	1	0	1	1	1
ZBTB49_02	1	0	1	0	901	0.5	0.158923960927542	0.5	0	1	0.770923036140018	1
ZBTB5_01	186	172	221	201	901	0.221397499630928	0.199233723774573	0.177488923069859	4.41455751006839	1	0.893612372538544	1
ZEC_01	0	0	0	0	901	1	1	1	0	1	1	1
ZF5_B	828	842	8784	11057	901	0.912579467175387	0.999996010169018	1	-59.7370653515786	1	1	1
ZFP41_02	1	3	1	3	901	0.937708159786469	0.841680685933882	0.937500189183974	-3.91681246736653	1	1	1
ZFP64_03	13	10	14	10	901	0.337827021340625	0.263859194343352	0.270626856190166	3.63678443802052	1	1	1
ZFP64_04	0	0	0	0	901	1	1	1	0	1	1	1
ZFP64_05	0	0	0	0	901	1	1	1	0	1	1	1
ZFP64_06	0	0	0	0	901	1	1	1	0	1	1	1
ZFP91_01	0	0	0	0	901	1	1	1	0	1	1	1
ZFPM1_01	5	2	5	2	901	0.226106263622319	0.128110846827315	0.226562086159326	6.92910018661428	1	0.770923036140018	1
ZFX_01	194	216	305	361	901	0.901907525102109	0.918957430912579	0.986452641264437	-10.3126280855553	1	1	1
ZFX_03	42	26	43	27	901	0.0314761065296717	0.0241317204711603	0.036116454266416	10.1850690540239	0.567613462851769	0.290105248272862	0.344351710505656
ZFX_04	0	0	0	0	901	1	1	1	0	1	1	1
ZGPAT_01	800	823	7796	8283	901	0.970756142480871	0.995820275002931	0.999944334343836	-22.3139944844228	1	1	1
ZID_01	112	102	127	109	901	0.256151192176403	0.217708670193546	0.134199400468893	5.96252442645486	1	0.909906000950774	0.881206518954468
ZNF131_01	1	1	1	1	901	0.750138811771238	0.500313177704302	0.750000126122681	0	1	1	1
ZNF131_02	0	0	0	0	901	1	1	1	0	1	1	1
ZNF135_01	8	13	8	13	901	0.906673420858857	0.863775926987462	0.905377609166362	-4.64147801376199	1	1	1
ZNF135_02	12	17	12	17	901	0.869479161740866	0.825360097879531	0.867536307353731	-4.05894489168531	1	1	1
ZNF135_03	52	59	53	61	901	0.783375727643562	0.755105503664434	0.800320197799763	-3.4176617255999	1	1	1
ZNF135_04	3	1	3	1	901	0.312291608731978	0.158587871842275	0.312499810815835	6.48252988264173	1	0.770923036140018	1
ZNF143_03	0	0	0	0	901	1	1	1	0	1	1	1
ZNF236_01	0	0	0	0	901	1	1	1	0	1	1	1
ZNF236_02	7	7	7	12	901	0.605145455932611	0.500950130055734	0.916466777471405	-4.83097667146611	1	1	1
ZNF236_04	0	0	0	0	901	1	1	1	0	1	1	1
ZNF236_05	0	0	0	0	901	1	1	1	0	1	1	1
ZNF236_06	4	11	4	11	901	0.982790708788143	0.96521852268089	0.982422211244021	-7.04588466296406	1	1	1
ZNF236_07	10	7	10	10	901	0.313700727562043	0.235001608492682	0.588098970452895	3.10170463177207	1	0.955558011003331	1
ZNF236_08	1	0	1	0	901	0.5	0.158923960927542	0.5	0	1	0.770923036140018	1
ZNF282_01	7	10	7	10	901	0.835005268871656	0.767650421025221	0.833848093866106	-3.83457119618699	1	1	1
ZNF282_02	0	0	0	0	901	1	1	1	0	1	1	1
ZNF295_01	838	856	10646	11580	901	0.970551790672073	0.999357162576204	0.999999999858663	-40.6422231712913	1	1	1
ZNF312_01	0	1	0	1	901	1	0.841613154998138	1	0	1	1	1
ZNF319_01	62	47	65	47	901	0.083133663222911	0.0671797643213034	0.0538861705974123	8.68830646174465	0.90921337515055	0.565260694639636	0.442140524855223
ZNF319_02	7	15	8	15	901	0.974469768385055	0.956579257720563	0.953431119380436	-6.1895818540642	1	1	1
ZNF335_01	0	0	0	0	901	1	1	1	0	1	1	1
ZNF335_02	0	0	0	0	901	1	1	1	0	1	1	1
ZNF339_01	6	2	6	2	901	0.143983918820944	0.0783033525820601	0.144530753391317	9.69601429635081	1	0.565260694639636	0.918683984199981
ZNF341_01	53	52	60	63	901	0.5	0.458283794996796	0.640749773482563	-1.27300490595002	1	1	1
ZNF362_01	3	2	3	2	901	0.5	0.327360223652099	0.5	2.23863236798308	1	1	1
ZNF366_02	0	2	0	2	901	1	0.921523110018076	1	0	1	1	1
ZNF367_01	218	212	250	237	901	0.391156744875988	0.348749213903322	0.293298868401056	2.79019222448413	1	1	1
ZNF384_02	100	69	108	77	901	0.00757012313673407	0.00640115652472673	0.0135658175551618	11.5328455045289	0.261642380913371	0.131105168821255	0.177410156664162
ZNF410_01	0	0	0	0	901	1	1	1	0	1	1	1
ZNF436_01	18	13	18	13	901	0.234625611416483	0.182626851940079	0.236563085609353	4.55784777927979	1	0.848677723721542	1
ZNF436_02	7	2	7	2	901	0.0892967237692668	0.0474587016602519	0.0898432533915676	11.6195680052455	0.949636312392395	0.46955096780231	0.653727883230748
ZNF438_01	16	28	16	30	901	0.976976214671622	0.966867237644943	0.98705281208489	-9.24306548857345	1	1	1
ZNF450_01	35	48	36	49	901	0.94242743661087	0.927722722226022	0.935805889917886	-6.18266398471751	1	1	1
ZNF499_01	4	6	4	6	901	0.82880973539763	0.737088005687603	0.828125620761323	-2.76965076788983	1	1	1
ZNF507_01	38	37	41	38	901	0.5	0.449337572214219	0.411070371507469	1.43320318676426	1	1	1
ZNF513_01	0	0	0	0	901	1	1	1	0	1	1	1
ZNF515_02	0	0	0	0	901	1	1	1	0	1	1	1
ZNF516_01	183	157	211	178	901	0.0660919545971796	0.0547558176869551	0.0522742468079179	7.56249095658235	0.836135416653467	0.498075553222587	0.437994825526949
ZNF521_01	5	10	5	10	901	0.94152907596951	0.902568975945944	0.940766074365116	-5.29201105306765	1	1	1
ZNF521_02	0	0	0	0	901	1	1	1	0	1	1	1
ZNF521_03	0	1	0	1	901	1	0.841613154998138	1	0	1	1	1
ZNF536_01	38	43	39	45	901	0.752323706510411	0.716538459180569	0.777402501229388	-2.70868026316788	1	1	1
ZNF536_03	0	0	0	0	901	1	1	1	0	1	1	1
ZNF592_02	838	841	3601	3552	901	0.645594435393287	0.395641575192562	0.284826303616904	1.54271447175549	1	1	1
ZNF651_01	1	0	1	0	901	0.5	0.158923960927542	0.5	0	1	0.770923036140018	1
ZNF652_03	0	0	0	0	901	1	1	1	0	1	1	1
ZNF672_02	13	11	14	11	901	0.418867930856187	0.339745068305328	0.345018044641631	2.66348324024822	1	1	1
ZNF672_03	47	40	52	41	901	0.254932425434795	0.216874525239102	0.149860170164532	5.67541483948538	1	0.909906000950774	0.941734932965755
ZNF687_01	0	0	0	0	901	1	1	1	0	1	1	1
ZNF710_01	3	3	3	3	901	0.656510706501532	0.500181014483315	0.656250236480385	0	1	1	1
ZNF710_02	0	0	0	0	901	1	1	1	0	1	1	1
ZNF711_02	5	3	5	4	901	0.362976838291277	0.240055138799816	0.5	3.32275005306947	1	0.968981691651811	1
ZNF76_01	0	0	0	0	901	1	1	1	0	1	1	1
ZNF770_01	12	17	12	17	901	0.869479161740866	0.825360097879531	0.867536307353731	-3.873505412842	1	1	1
ZNF775_02	17	10	19	10	901	0.122104444001398	0.0867475987205343	0.0680215433644757	8.95045155314128	1	0.592239778919203	0.519694031516096
ZNF777_02	834	861	5070	5991	901	0.997479283083897	0.999999957562269	1	-49.4046452249844	1	1	1
ZXDB_01	335	371	620	802	901	0.962931248061312	0.959031727370096	0.999999416296915	-15.78757769541	1	1	1
ZXDL_01	0	0	0	0	901	1	1	1	0	1	1	1
