transcription_factor	no_search_sites	no_background_sites	sum_search_sites	sum_background_sites	no_gene_sites	fisher_pval	wilcox_pval	fisher_pval2	zscore	fisher_adjusted	wilcox_adjusted	fisher2_adjusted
AEBP2_02	0	0	0	0	522	1	1	1	0	1	1	1
AFP1_Q6	39	23	40	23	522	0.0243621132942527	0.0178812690653424	0.0214754331563269	11.1787381108631	0.66911760993618	0.290090622945661	0.247414886155183
AHRARNT_01	304	326	603	775	522	0.927207136404516	0.989827756993971	0.999998487021441	-22.8501067413237	1	1	1
AHRARNT_02	336	358	694	835	522	0.934235345860663	0.992595596300196	0.999861722972081	-19.8696499270612	1	1	1
AHR_01	403	423	957	1092	522	0.945158078316066	0.977900216882052	0.998685722628193	-16.0905923795629	1	1	1
AIOLOS_01	2	1	2	1	522	0.5	0.282038123449229	0.5	3.31979873766357	1	1	1
ALX4_01	0	0	0	0	522	1	1	1	0	1	1	1
AMYB_01	0	0	0	0	522	1	1	1	0	1	1	1
AP1FJ_Q2	447	451	1217	1307	522	0.672209163693002	0.888051222986121	0.965119288013845	-7.72823600956951	1	1	1
AP2ALPHA_03	471	481	7767	8708	522	0.885192939882576	0.987059109673521	0.999999999999929	-21.4900204522425	1	1	1
AP2_Q6	417	439	4246	4722	522	0.968121591249983	0.987647011124822	0.999999788056273	-26.5284635898889	1	1	1
AP4_01	0	0	0	0	522	1	1	1	0	1	1	1
APA1_02	1	0	1	0	522	0.5	0.159119243389507	0.5	0	1	0.84972592524065	1
AREB6_01	448	437	1131	1143	522	0.194546633693222	0.585600252875325	0.607525372070946	-1.50267293745684	1	1	1
ARNTLBHLHA15_01	1	0	1	0	522	0.5	0.159119243389507	0.5	0	1	0.84972592524065	1
ARNTL_01	1	2	2	4	522	0.87535953978907	0.71870936448127	0.890625612265957	0	1	1	1
AR_02	343	362	664	702	522	0.906913120798354	0.798463607804445	0.854480785691332	-8.65970216704449	1	1	1
AR_12	0	0	0	0	522	1	1	1	0	1	1	1
ATF3_05	3	3	3	3	522	0.656700721986082	0.500312757239033	0.656250408178015	0	1	1	1
ATF4TEF_01	10	8	10	8	522	0.406455171887097	0.317451004736051	0.40726398269883	2.39865922973501	1	1	1
BACH1_01	104	106	129	136	522	0.591561868324832	0.550658056600594	0.688419302738773	-3.24543207697602	1	1	1
BATF3_01	0	0	0	0	522	1	1	1	0	1	1	1
BATFJUN_01	21	24	25	29	522	0.728698512732144	0.668758723168993	0.751696367604381	-2.78956003625376	1	1	1
BATF_04	0	1	0	1	522	1	0.841807847509034	1	0	1	1	1
BCL11A_03	24	33	24	37	522	0.913675266496678	0.894460385911172	0.963915051668328	-5.68681605787235	1	1	1
BCL6_02	448	445	1553	1504	522	0.430181902048304	0.242085503980584	0.192341660049538	5.93595665999508	1	1	1
BEN_02	508	511	3607	4015	522	0.790660697217918	0.998806981643229	0.999998708531798	-17.191427265145	1	1	1
BMAL1_Q6	155	167	199	198	522	0.808158162973011	0.705333297777426	0.5	0.464083482103188	1	1	1
BRACH_01	0	0	0	0	522	1	1	1	0	1	1	1
BRN3B_01	2	2	2	2	522	0.68786005785793	0.500382679312548	0.687500326541986	0	1	1	1
BTEB3_Q5	479	497	5412	6101	522	0.991695694822338	0.996205816441011	0.999999999949351	-33.5949614911177	1	1	1
CACCCBINDINGFACTOR_Q6	413	420	1712	1824	522	0.73120534255792	0.826761564411616	0.971502549430118	-8.86380136334647	1	1	1
CARF_01	4	1	4	2	522	0.186899903570116	0.0901346202270103	0.343749591821985	4.58390321672464	1	0.754755931057963	1
CDC5_01	101	86	113	101	522	0.129224999404415	0.127463736242564	0.226059979988511	4.11398232704786	1	0.84972592524065	1
CDPCR3_01	378	380	844	869	522	0.582445883915523	0.580252949429218	0.73520953353494	-5.07326697894784	1	1	1
CDP_01	462	448	2143	1874	522	0.114464190583851	0.00490777904387221	1.13075750239913e-05	18.0957204084628	1	0.159647165368314	0.000446649213447658
CDP_Q6_01	426	398	1336	1237	522	0.0201545676687152	0.0205161882379785	0.0265359891094298	8.87189604997619	0.586603995831554	0.306633840421678	0.293488039550294
CEBPGELF1_01	41	46	45	53	522	0.749069321788178	0.719608943349942	0.818333163741757	-4.0850251767058	1	1	1
CEBPG_Q6	443	444	2611	2336	522	0.568714729999878	0.022626994561102	4.71137469307421e-05	20.1415657040091	1	0.313087730823141	0.00162836887829377
CIZ_03	0	1	0	1	522	1	0.841807847509034	1	0	1	1	1
CLOCKFIGLA_01	59	64	69	83	522	0.717620699578485	0.701274586993549	0.888208780521353	-6.30467741981734	1	1	1
CLOCKNHLH1_01	17	21	18	23	522	0.795508255486765	0.7470091412721	0.825559882152043	-3.54869954511994	1	1	1
CMYB_01	0	0	0	0	522	1	1	1	0	1	1	1
CMYC_02	242	262	552	601	522	0.903321531346812	0.862516618138998	0.929673580386802	-2.43383410353983	1	1	1
COE2_02	0	0	0	0	522	1	1	1	0	1	1	1
CP2_01	505	509	3370	3352	522	0.822728904865726	0.442772894038516	0.417632054977198	0.539445662037731	1	1	1
CPEB1_01	394	355	1246	982	522	0.00446908065664726	0.00012790346486408	1.17839730134488e-08	21.5780451371472	0.247140160312593	0.0117884360116394	1.08608951273953e-06
CREB3L1_02	0	1	0	1	522	1	0.841807847509034	1	0	1	1	1
CREBP1_Q2	276	301	477	574	522	0.947231785807513	0.986984962506825	0.998761948836112	-11.4150728122957	1	1	1
CRX_02	239	227	340	355	522	0.246733684301851	0.28348576156473	0.72809188605026	-2.74647563291823	1	1	1
CTCF_04	366	403	1361	1694	522	0.99623879992666	0.998629519934591	0.999999999305559	-29.5500201308434	1	1	1
CTCF_06	476	504	2738	2817	522	0.999928214107649	0.814120761642783	0.859030624229744	-4.52482895980419	1	1	1
CTF1_01	392	402	1191	1277	522	0.787472875391119	0.830358861022376	0.960220543972505	-7.02309862170859	1	1	1
CTIP2_01	1	1	1	1	522	0.750239693192713	0.500540670565326	0.750000217694373	0	1	1	1
CUX1HOXA13_01	1	2	1	2	522	0.87535953978907	0.71870936448127	0.875000326541559	-2.91689675243333	1	1	1
CUX1HOXB13_01	8	14	8	15	522	0.935152225974479	0.90250892850198	0.953431804483012	-7.03471174262307	1	1	1
CUX1NHLH1_02	1	1	1	1	522	0.750239693192713	0.500540670565326	0.750000217694373	0	1	1	1
CUX1RFX5_01	12	12	13	13	522	0.581532276165468	0.500157749149636	0.577491385770994	0	1	1	1
CUX1SRF_01	0	1	0	1	522	1	0.841807847509034	1	0	1	1	1
CUX1_06	0	1	0	1	522	1	0.841807847509034	1	0	1	1	1
CUX2_02	0	0	0	0	522	1	1	1	0	1	1	1
DEAF1_02	9	20	9	33	522	0.988891420099474	0.98141423985983	0.999965624373287	-19.57696565363	1	1	1
DEC_Q1	420	426	1069	1114	522	0.709702563706257	0.710461311547941	0.837803502823443	-3.19305659442396	1	1	1
DLX3_01	357	324	1206	1046	522	0.0187468498386308	0.0104817908371574	0.000396703492640125	17.0669825475609	0.586603995831554	0.214682604924002	0.00953813180130388
DMRT2_01	22	19	25	19	522	0.375201368294977	0.310359883874643	0.225686057707667	5.30283863200491	1	1	1
DRRS_02	20	31	20	32	522	0.958005954742838	0.943442520787533	0.964806056415678	-6.34711078634883	1	1	1
E2F1EOMES_02	12	22	12	26	522	0.973201141413706	0.960374899179686	0.993074289273497	-12.4962718102685	1	1	1
E2F1HES7_02	9	11	9	12	522	0.750374080651242	0.675683706077544	0.808347037839616	-3.90607460927594	1	1	1
E2F1NHLH1_01	7	11	7	11	522	0.883106403717684	0.829208728720551	0.881059589217888	-6.06182978744866	1	1	1
E2F2_05	0	0	0	0	522	1	1	1	0	1	1	1
E2F3DRGX_01	16	7	19	7	522	0.0447767129275982	0.0285887607492965	0.0144787452115665	14.4169796102744	0.798735498558602	0.349539969906679	0.174059697869484
E2F3FOXI1_01	18	23	19	26	522	0.830409595868767	0.789876616492175	0.88365799048287	-5.1644400153715	1	1	1
E2F3ONECUT2_01	0	1	0	1	522	1	0.841807847509034	1	0	1	1	1
E2F7_01	0	0	0	0	522	1	1	1	0	1	1	1
E2F_01	494	488	2410	2254	522	0.256467380944198	0.0016035790931151	0.0114707535981711	12.3769898973507	1	0.081117898613828	0.140962816439747
E4BP4_01	27	19	27	21	522	0.14553908588727	0.117042162535835	0.235434847045599	6.05360336852304	1	0.84972592524065	1
EGR3_05	0	0	0	0	522	1	1	1	0	1	1	1
EGR4_02	0	0	0	0	522	1	1	1	0	1	1	1
EGR_Q6	303	340	1529	1548	522	0.992221567643952	0.992226978242997	0.64096005335234	-17.1902410702841	1	1	1
ELK1FOXI1_01	1	2	1	2	522	0.87535953978907	0.71870936448127	0.875000326541559	-2.91689675243333	1	1	1
ELK1HOXA3_01	15	9	15	10	522	0.150897615832667	0.108949112772342	0.212175566199935	7.55141895984556	1	0.825326840590482	1
ELK1PAX9_01	0	0	0	0	522	1	1	1	0	1	1	1
ELK1SREBF2_02	2	1	2	1	522	0.5	0.282038123449229	0.5	3.87505398928574	1	1	1
ERBETA_Q5	393	410	871	938	522	0.906962870533743	0.915946162640002	0.945218315929641	-8.61416587045616	1	1	1
ERFCLOCK_01	17	18	17	18	522	0.634263921059752	0.568353708733057	0.632062554534174	-1.05475339564879	1	1	1
ERFMAX_01	0	1	0	1	522	1	0.841807847509034	1	0	1	1	1
ERFONECUT2_01	1	5	1	5	522	0.984599064989853	0.949258421429302	0.984375204087941	-7.84938375108128	1	1	1
ERFSREBF2_02	1	3	1	3	522	0.93785936709945	0.841924900591959	0.937500326541417	-4.69116701929998	1	1	1
ESRRG_02	0	0	0	0	522	1	1	1	0	1	1	1
ETS1_03	0	0	0	0	522	1	1	1	0	1	1	1
ETV2ONECUT2_01	0	1	0	1	522	1	0.841807847509034	1	0	1	1	1
ETV2RFX5_02	0	0	0	0	522	1	1	1	0	1	1	1
ETV2SPDEF_01	0	1	0	1	522	1	0.841807847509034	1	0	1	1	1
ETV2TBX21_03	1	2	1	2	522	0.87535953978907	0.71870936448127	0.875000326541559	-3.46502476651543	1	1	1
ETV2TCF3_01	34	44	35	44	522	0.902443132730328	0.878354943318175	0.869795448008898	-5.4493903084209	1	1	1
ETV5EOMES_01	70	96	82	116	522	0.988949124887684	0.986828451141907	0.993667341706348	-16.2015258877127	1	1	1
ETV5HES7_01	260	298	710	946	522	0.992255893699682	0.997528329925137	0.999999997356443	-32.5093400253032	1	1	1
ETV6_01	2	3	2	3	522	0.813100096429884	0.673259644819075	0.812500544236643	-2.23748040647365	1	1	1
ETV7TBX21_01	2	7	2	7	522	0.980871867978464	0.952908803895093	0.980469117358134	-8.70260738421176	1	1	1
EVI1_01	14	12	15	14	522	0.421526645949293	0.348068005837206	0.5	1.02548344169889	1	1	1
EVI1_03	36	22	38	26	522	0.0391018808655587	0.0305270464405419	0.0843155207652875	7.41275384365819	0.777351993211595	0.35169701420041	0.728538796612562
EVI1_09	0	0	0	0	522	1	1	1	0	1	1	1
EVX2_03	453	438	2925	2511	522	0.110211750479076	0.00526666949413232	9.68754820520421e-09	21.9566282915482	1	0.161347057772829	1.07144283149559e-06
EVX2_04	13	8	13	9	522	0.189211724039566	0.1365867366826	0.261731518181005	3.94472268704883	1	0.84972592524065	1
FKHL14_Q2	135	101	197	144	522	0.00725468764113333	0.00591791523090065	0.00239234097579778	14.8920790156378	0.364712933231521	0.161347057772829	0.0409601718022432
FLI1CEBPB_01	0	0	0	0	522	1	1	1	0	1	1	1
FOXC1_Q4	385	359	1262	1015	522	0.0436065699568245	0.000320655508954193	1.20055013343079e-07	20.669365417616	0.798735498558602	0.0221653120564586	7.31283649753969e-06
FOXD2_04	0	0	0	0	522	1	1	1	0	1	1	1
FOXG1_01	0	0	0	0	522	1	1	1	0	1	1	1
FOXG1_02	1	0	1	0	522	0.5	0.159119243389507	0.5	0	1	0.84972592524065	1
FOXI1_03	0	0	0	0	522	1	1	1	0	1	1	1
FOXJ2_02	405	360	1835	1427	522	0.00102903964174501	4.996107891468e-05	4.48826703067133e-13	33.789529170365	0.0968854979327429	0.00690711915995451	1.24100583398062e-10
FOXJ2_03	3	2	3	2	522	0.5	0.32735982799067	0.5	2.45150719245662	1	1	1
FOXL2_Q2	197	174	296	239	522	0.0774052586842923	0.0441516697337801	0.00768597845028031	11.8678577255516	1	0.478742614956478	0.107580002589271
FOXL2_Q5	386	370	971	825	522	0.14947259003201	0.00488523797282559	0.000306419331596573	15.6338514318726	1	0.159647165368314	0.00847249451864526
FOXM1_Q3	461	456	2824	2599	522	0.352508246456717	0.0864421713750015	0.00114658747079199	13.7281736969521	1	0.754755931057963	0.0215981592103305
FOXN4_01	513	517	6144	7392	522	0.911685927111834	0.999999991118509	1	-62.6032501302434	1	1	1
FOXO1ETV7_01	4	5	4	5	522	0.747041634849514	0.631285567057691	0.746094607174951	-2.05017853254987	1	1	1
FOXO3_01	361	334	875	730	522	0.0439900928414798	0.0057194764400854	0.000159640429454832	18.8223638355702	0.798735498558602	0.161347057772829	0.0046463767099222
FOXO3_03	0	0	0	0	522	1	1	1	0	1	1	1
FOXO6_03	1	3	1	3	522	0.93785936709945	0.841924900591959	0.937500326541417	-4.24354019014837	1	1	1
FOXP1_01	4	1	4	1	522	0.186899903570116	0.0895773134959349	0.187499455763357	12.9622034219786	1	0.754755931057963	1
FXR_Q3	289	286	497	486	522	0.450487525180885	0.423785436923297	0.374839458829303	2.04875929804599	1	1	1
GATA5_06	114	106	141	124	522	0.29766579780013	0.26022858611193	0.162810204845103	3.61352701821374	1	1	1
GATAD2A_01	499	506	3064	3219	522	0.904462379471073	0.868898259804075	0.975783719955662	-6.51349244357642	1	1	1
GCM1CEBPB_01	0	0	0	0	522	1	1	1	0	1	1	1
GCM1ELF1_02	71	95	81	109	522	0.982934253334021	0.979641867889981	0.982451569402392	-9.9938823794003	1	1	1
GCM1ELK3_01	1	3	1	3	522	0.93785936709945	0.841924900591959	0.937500326541417	-4.54684972583317	1	1	1
GCM1ETV4_01	13	23	15	27	522	0.969671750796052	0.955197331828969	0.978222643811257	-8.87536446197488	1	1	1
GCM1ETV7_01	4	3	4	3	522	0.5	0.35259266759937	0.5	2.64661916497644	1	1	1
GCM1FOXI1_01	57	50	60	57	522	0.270262602292793	0.248957965962004	0.426700520862008	1.41524631606725	1	1	1
GCM1MAX_03	1	2	1	2	522	0.87535953978907	0.71870936448127	0.875000326541559	-3.24144750672171	1	1	1
GCM1NHLH1_01	101	106	122	128	522	0.679268341410793	0.651782026509319	0.670989677533821	-2.35694425864422	1	1	1
GCM1ONECUT2_01	0	2	0	2	522	1	0.921648439157141	1	0	1	1	1
GCM1PITX1_02	139	154	171	205	522	0.864796131087499	0.871411217167598	0.964555489760903	-9.55814729038828	1	1	1
GCM1SOX2_01	0	0	0	0	522	1	1	1	0	1	1	1
GCM1TBX21_02	15	13	16	13	522	0.424254859901752	0.349248355100647	0.355533790726272	4.2980860062474	1	1	1
GCM1_05	10	12	13	15	522	0.740511743782587	0.665921097720967	0.714208274273561	-3.25887608579502	1	1	1
GCM2E2F8_01	171	214	327	478	522	0.997632382273076	0.995385663404734	0.999999961651979	-26.6056306095274	1	1	1
GCM2HES7_01	185	221	308	414	522	0.990613308053505	0.992016263591448	0.99996699976614	-21.738649021916	1	1	1
GCM2HOXA13_01	6	6	6	6	522	0.613446530622719	0.500221794730102	0.612793558059319	0	1	1	1
GCM2MAX_01	139	151	167	198	522	0.815472689945911	0.863990499041776	0.953122481843641	-8.26038937115812	1	1	1
GCM2SOX15_01	56	57	63	62	522	0.578915996237605	0.526978254935269	0.5	0.0426432070175001	1	1	1
GCM2TBX21_02	1	3	1	3	522	0.93785936709945	0.841924900591959	0.937500326541417	-4.69116701929998	1	1	1
GCNF_01	2	8	2	8	522	0.989551044862646	0.971688811391999	0.989258080364723	-8.79034355222445	1	1	1
GFI1B_01	367	365	832	791	522	0.473051465105131	0.0914442086453589	0.160211077695171	4.78967633603653	1	0.754755931057963	1
GLI3_03	0	0	0	0	522	1	1	1	0	1	1	1
GLIS1_01	0	0	0	0	522	1	1	1	0	1	1	1
GMEB2_02	0	0	0	0	522	1	1	1	0	1	1	1
GMEB2_03	3	3	4	3	522	0.656700721986082	0.499374487157193	0.5	2.08317141292374	1	1	1
GRE_C	498	506	3407	3574	522	0.927047935929459	0.835123808096826	0.978148443558493	-10.2697053679265	1	1	1
GRHL1_01	7	11	10	14	522	0.883106403717684	0.827810432803526	0.846274417390219	-4.86261571689318	1	1	1
GZF1_01	0	0	0	0	522	1	1	1	0	1	1	1
HELIOS_01	4	2	4	2	522	0.343299278013917	0.206770890270381	0.343749591821985	4.79701766515084	1	1	1
HES1_Q2	418	429	1118	1114	522	0.828732579445	0.693883842949153	0.474660487923305	0.865172784754965	1	1	1
HES5_01	0	0	0	0	522	1	1	1	0	1	1	1
HESX1_02	1	0	2	0	522	0.5	0.159119243389507	0.249999782305627	0	1	0.84972592524065	1
HIC1_03	297	326	743	783	522	0.97083241147068	0.959249224932529	0.853201216512342	-6.80092910389702	1	1	1
HIC2_01	489	484	2318	2365	522	0.311594371069675	0.831051443401639	0.758925348885246	-2.87216589356177	1	1	1
HIC2_03	0	0	0	0	522	1	1	1	0	1	1	1
HIF1_Q5	288	346	529	789	522	0.999909349046328	0.999999742914186	0.999999999999734	-27.8506781492283	1	1	1
HINFP_02	0	0	0	0	522	1	1	1	0	1	1	1
HINFP_03	0	0	0	0	522	1	1	1	0	1	1	1
HMX1_01	0	0	0	0	522	1	1	1	0	1	1	1
HNF1B_01	406	389	1472	1362	522	0.122611959815507	0.0673911031184475	0.0201707107477341	10.4632667214688	1	0.653811930254412	0.237327724329723
HNF1_C	203	170	318	261	522	0.0193451654531503	0.0204511016609473	0.00992023744499901	11.8240583490158	0.586603995831554	0.306633840421678	0.127578867606615
HNF3B_01	369	318	1231	923	522	0.000545726220005207	5.12249963727345e-06	1.65576675236718e-11	34.7785235121183	0.0968854979327429	0.00141637114970611	2.28909753514763e-09
HNF4A_09	418	421	1074	1072	522	0.622313913357033	0.598466898276338	0.491381121209624	0.145596382557099	1	1	1
HNF4GAMMA_01	0	0	0	0	522	1	1	1	0	1	1	1
HNF6_Q6	134	129	166	167	522	0.3877748341941	0.403754660866678	0.543631942041175	-0.198907020750099	1	1	1
HOX13_01	351	342	783	774	522	0.300117804530599	0.319589641312463	0.419618283204239	2.96218286670669	1	1	1
HOXB13EOMES_01	446	435	1591	1405	522	0.196952583288627	0.0121141735135767	0.000355536041145153	18.3351160772355	1	0.223304598433597	0.0089368832160577
HOXB13TBX3_01	64	71	72	77	522	0.769659915373957	0.726622533610002	0.68841404406234	-1.96721733606158	1	1	1
HOXB2ELK1_02	0	3	0	3	522	1	0.958613736977958	1	0	1	1	1
HOXB2ESRRB_01	0	0	0	0	522	1	1	1	0	1	1	1
HOXB2PITX1_01	107	77	135	97	522	0.00916490518567862	0.00633316499557701	0.00747212686856047	13.0032536736725	0.422349380640023	0.161347057772829	0.107580002589271
HOXB2RFX5_01	85	81	94	91	522	0.399817899207752	0.375196333784065	0.44157016528591	1.3608360310494	1	1	1
HOXB2_03	0	0	0	0	522	1	1	1	0	1	1	1
HOXC10TBX21_01	19	14	20	15	522	0.239885908847297	0.188889093769248	0.249776624041243	4.61972544030284	1	0.972426669366239	1
HOXD10_Q2	189	148	353	259	522	0.00402684816901145	0.0030085352900691	8.25835093874747e-05	14.4822705780074	0.247140160312593	0.127978462723709	0.00253714892729297
HOXD12EOMES_01	2	1	2	1	522	0.5	0.282038123449229	0.5	5.29245078748065	1	1	1
HOXD12ETV4_01	0	0	0	0	522	1	1	1	0	1	1	1
HOXD12TBX21_01	3	1	3	1	522	0.31213994214207	0.158538643895077	0.312499673458014	7.87510972016135	1	0.84972592524065	1
HOXD13_01	328	278	734	568	522	0.00105119889257949	4.89496164628127e-05	2.31143176530203e-06	23.8235696111944	0.0968854979327429	0.00690711915995451	9.83247512470785e-05
HOXD13_04	15	9	16	10	522	0.150897615832667	0.108288250731161	0.1634670344665	5.95051817983987	1	0.825326840590482	1
HOXD9_Q2	305	277	600	506	522	0.0462197756851271	0.0074744748047172	0.00256125659618658	12.2811584536969	0.798735498558602	0.178868608782312	0.0416580852262111
HSF2_02	128	131	164	169	522	0.612784006620761	0.587927013578303	0.628835965656909	-1.06024297281768	1	1	1
HSF2_Q6	59	65	71	73	522	0.748394226831765	0.698044894881047	0.598659394172024	-1.6469132997317	1	1	1
HSFY1_01	55	51	82	65	522	0.379334374850105	0.32094775837832	0.0933685785120308	5.51363258804914	1	1	0.782315513896258
IK1_01	497	511	3388	3643	522	0.995005615946764	0.878636193588133	0.998903331725469	-11.8109290376543	1	1	1
IK3_01	494	506	3029	3094	522	0.977953326074433	0.749534623768764	0.80114248342011	-3.53712366147333	1	1	1
IRF4_05	0	0	0	0	522	1	1	1	0	1	1	1
IRF4_09	275	285	433	557	522	0.752590449333843	0.813530269383605	0.999965461771049	-11.7647442320471	1	1	1
IRF4_Q5	142	95	195	110	522	0.000329123918395317	8.26555841152182e-05	6.479594165574e-07	26.4397763494331	0.0910027634363052	0.00914170760314313	2.98601297796868e-05
IRF7_04	4	1	4	1	522	0.186899903570116	0.0895773134959349	0.187499455763357	11.875165451037	1	0.754755931057963	1
IRF7_Q3	266	295	462	599	522	0.968735957856689	0.892241812117954	0.99998903465033	-12.8009157292745	1	1	1
ISL2_03	491	506	3828	3884	522	0.991960237997418	0.626936982188878	0.742559423346279	-1.7489796222503	1	1	1
ISRE_01	101	89	127	101	522	0.1888121847716	0.134808321948851	0.048771344793424	9.46564684310566	1	0.84972592524065	0.491600809279323
KAISO_01	157	170	198	191	522	0.824898117092455	0.682058157027275	0.380486138176214	1.50970861852521	1	1	1
KAISO_Q2	479	491	7897	8709	522	0.941795337068715	0.992541969607014	0.999999999896664	-32.5417205014702	1	1	1
KLF13_01	4	13	5	18	522	0.99398074437865	0.986168642826611	0.998700383364945	-12.6656875224878	1	1	1
KLF8_01	4	9	4	9	522	0.954861094959733	0.918542107316819	0.953858333894973	-5.05591217635836	1	1	1
KLF9_01	92	109	122	165	522	0.921213555663215	0.899445717657234	0.995364967658135	-11.5704355815752	1	1	1
LBX2_03	492	484	4382	3914	522	0.190050214629938	0.0183601660092191	1.32239358002526e-07	21.7648134895787	1	0.290090622945661	7.31283649753969e-06
LEF1_05	334	324	717	656	522	0.281978631689148	0.13238555212577	0.0525746878984122	8.9377101626483	1	0.84972592524065	0.51917504299682
LHX2_03	15	6	23	12	522	0.0376907248965574	0.0247179438183824	0.0447631075072526	16.7494482629285	0.777351993211595	0.333390803208914	0.467056574556806
LHX3_01	310	265	1255	1090	522	0.00307981454687269	0.00967201316830471	0.000347694507221336	18.6550687685285	0.212892180552575	0.211987978340084	0.0089368832160577
LHX6_06	3	2	4	3	522	0.5	0.327670188700085	0.5	2.6473948542069	1	1	1
LHX6_07	1	2	2	2	522	0.87535953978907	0.71796169726831	0.687500326541986	-2.45185520894574	1	1	1
LRF_Q6	371	412	1569	1729	522	0.99867833753722	0.969489452221861	0.997507643735817	-14.3920735950237	1	1	1
LYF1_01	471	478	1482	1527	522	0.805301943506465	0.613684041517473	0.799455598427275	-3.6493279028739	1	1	1
MAFA_Q4_01	434	442	1025	1129	522	0.775748490657321	0.966587678246557	0.9882396694634	-10.0296620969612	1	1	1
MAFB_Q4	491	496	2085	2121	522	0.793024807438862	0.445403968919506	0.716188284896328	-2.65221994985396	1	1	1
MAFF_01	1	4	1	5	522	0.969049184766841	0.910838283009258	0.984375204087941	-5.67957835349425	1	1	1
MAFF_04	0	0	0	0	522	1	1	1	0	1	1	1
MAX_11	19	40	20	43	522	0.998552710335577	0.997546515610156	0.998886539847273	-8.48722392514872	1	1	1
MEF2_01	0	0	0	0	522	1	1	1	0	1	1	1
MEF2_04	246	214	428	344	522	0.0266195070860687	0.0109996071861698	0.00139121639004446	19.6603047546124	0.66911760993618	0.217242241926854	0.0248175052804705
MEIS1AHOXA9_01	491	496	3134	3008	522	0.793024807438862	0.185257117529585	0.0548774958589911	8.28010372180569	1	0.972426669366239	0.532407986140738
MEIS1DLX3_01	30	43	30	43	522	0.95564423690753	0.942621771252565	0.949683561945461	-7.17257834318163	1	1	1
MEIS1DRGX_01	424	422	1217	1194	522	0.468546436948248	0.24814930183164	0.326893940664132	3.06384082916063	1	1	1
MEIS1EOMES_01	487	495	2195	2428	522	0.880810616372853	0.974540198381584	0.999718842694322	-14.5502156767793	1	1	1
MEIS1SOX2_01	6	10	6	10	522	0.896708155985459	0.843213162454398	0.89494483334659	-5.0998833140828	1	1	1
MEIS1_02	110	106	132	115	522	0.409374737432799	0.319342770458985	0.154297180124668	6.31845343861886	1	1	1
MEIS1_06	2	1	2	1	522	0.5	0.282038123449229	0.5	3.16589944291906	1	1	1
MEIS2ONECUT2_01	6	1	6	1	522	0.0618708082777593	0.0290756575329245	0.0624994285522715	20.4945637030325	0.881122307538569	0.349539969906679	0.566595400370433
MEIS2_05	0	0	0	0	522	1	1	1	0	1	1	1
MEOX2_03	4	4	4	4	522	0.637245352694175	0.500271117038804	0.636719226208307	0	1	1	1
MGADLX2_01	19	21	19	21	522	0.685433955842362	0.626508421893776	0.682088961938935	-1.48068918339893	1	1	1
MIBP1_Q6	316	335	654	627	522	0.899318193557955	0.724464755297704	0.23366763279501	3.18935060791583	1	1	1
MIZF_03	0	0	0	0	522	1	1	1	0	1	1	1
MRF2_01	45	36	50	42	522	0.177382682187936	0.153826474409884	0.232844764731933	3.96051800847544	1	0.84972592524065	1
MSX1_01	406	432	1131	1207	522	0.982206107492566	0.912780546674473	0.944551073523892	-5.1693868997355	1	1	1
MSX1_Q5	93	70	119	84	522	0.0302209557223426	0.0261079923235369	0.00839704256241002	16.0573215908364	0.726616891932846	0.335760924532927	0.110561060405065
MSX2_03	6	1	6	1	522	0.0618708082777593	0.0290756575329245	0.0624994285522715	20.4945637030325	0.881122307538569	0.349539969906679	0.566595400370433
MSX2_Q3	467	457	2053	1860	522	0.191280918274484	0.00170660210310371	0.00105201176394463	12.102059413567	1	0.081117898613828	0.0215981592103305
MTF1_01	497	494	2207	2352	522	0.389128062840177	0.970837888524834	0.984873442318125	-13.6140624162563	1	1	1
MTF1_07	0	1	0	1	522	1	0.841807847509034	1	0	1	1	1
MYBL1ELF1_01	0	0	0	0	522	1	1	1	0	1	1	1
MYBL1FIGLA_01	24	20	24	20	522	0.322237828772694	0.269093708980189	0.325790775480441	3.87435049511719	1	1	1
MYBL1HOXA13_01	1	1	1	1	522	0.750239693192713	0.500540670565326	0.750000217694373	0	1	1	1
MYBL1ONECUT2_01	28	38	29	43	522	0.919305391996439	0.902514915931041	0.961820020101581	-8.01294365629148	1	1	1
MYBL2_02	14	8	15	8	522	0.140558740224133	0.0976333010186251	0.105017517439738	7.60018854677758	1	0.793988462695583	0.841662132524276
MYBL2_03	0	0	0	0	522	1	1	1	0	1	1	1
MYBL2_05	4	4	4	6	522	0.637245352694175	0.502440024788095	0.828126071468223	0	1	1	1
MYOD_01	0	0	0	0	522	1	1	1	0	1	1	1
MYOGNF1_01	508	512	4112	4465	522	0.849102384167333	0.992669738422191	0.999937791023269	-24.988297603959	1	1	1
NERF_Q2	499	497	2533	2491	522	0.441353347442662	0.346975303306776	0.281057097013138	3.91971338510605	1	1	1
NFAT5_02	8	5	8	5	522	0.289313585986378	0.201480682405363	0.290526249318408	4.77560759105297	1	1	1
NFATC1_01	2	3	2	3	522	0.813100096429884	0.673259644819075	0.812500544236643	-2.58296630311527	1	1	1
NFATC1_02	1	2	2	4	522	0.87535953978907	0.71870936448127	0.890625612265957	-2.74030924366228	1	1	1
NFATC1_03	0	1	0	2	522	1	0.841807847509034	1	0	1	1	1
NFIA_03	42	44	42	46	522	0.632113822901052	0.59612543917965	0.702862940600443	-1.79452417864853	1	1	1
NFKB_C	305	310	590	589	522	0.647061652232053	0.576390588980451	0.499999999999999	0.274416539877069	1	1	1
NFY_C	364	335	671	649	522	0.0326766410610717	0.155242917831797	0.281526015720925	3.61376036443283	0.752924271115527	0.84972592524065	1
NKX22_01	322	296	691	603	522	0.0576831141328136	0.0396186532048217	0.0077463192375895	10.5619153383942	0.881122307538569	0.438182304445328	0.107580002589271
NKX23_04	5	6	5	6	522	0.726673628884466	0.619263719889734	0.725586919680915	-1.78033076710068	1	1	1
NKX25_03	493	503	2970	2894	522	0.948423165826073	0.188255490562396	0.163069852770546	6.09846295523672	1	0.972426669366239	1
NKX31_06	263	263	372	397	522	0.524676896856882	0.711151741910115	0.825848413137382	-3.49973414793272	1	1	1
NKX61_01	188	153	285	216	522	0.0123882812298492	0.00641887029114327	0.00117169037307399	16.178701294523	0.489337108579042	0.161347057772829	0.0215981592103305
NKX62_Q2	358	298	1114	896	522	7.72250986496585e-05	0.000297062196771614	6.20616393903377e-07	20.7943584733855	0.0427054795532612	0.0221653120564586	2.98601297796868e-05
NOR1_02	1	0	1	0	522	0.5	0.159119243389507	0.5	0	1	0.84972592524065	1
NR2E1_02	63	62	68	66	522	0.5	0.462134718177081	0.465598865726731	1.0481485585418	1	1	1
NR2F1_05	418	408	870	966	522	0.246608854021961	0.92963232461473	0.988274979988843	-10.389816116932	1	1	1
NR4A2_02	0	0	0	0	522	1	1	1	0	1	1	1
NR4A2_03	0	0	0	0	522	1	1	1	0	1	1	1
NR4A2_04	12	21	12	21	522	0.962300531931506	0.944267069367764	0.959930501877321	-6.24623562259718	1	1	1
NRF1_02	4	21	7	52	522	0.999933978283013	0.999720279568849	0.999999999912387	-14.342898033734	1	1	1
NRSF_01	4	0	4	0	522	0.0621406329005501	0.0226464904754533	0.062499673458583	0	0.881122307538569	0.313087730823141	0.566595400370433
OCT1_01	265	253	482	431	522	0.247975815882422	0.106977095915156	0.0488933897113251	9.85000592262381	1	0.825326840590482	0.491600809279323
OCT1_06	466	465	3303	2980	522	0.5	0.0475321506560277	2.30769004215303e-05	17.7787006057448	1	0.505486140630449	0.000850768395540416
OLF1_01	253	252	445	401	522	0.5	0.374290400758172	0.0695584054231531	6.40077314271771	1	1	0.61056822538101
OSR2_05	0	0	0	0	522	1	1	1	0	1	1	1
OTX2_Q3	113	112	139	134	522	0.5	0.451413837525684	0.40437076315872	1.21117716014769	1	1	1
P73_Q6	212	224	304	326	522	0.792693648653776	0.798631444623176	0.820316980509329	-6.09401958458024	1	1	1
PAX1_B	0	0	0	0	522	1	1	1	0	1	1	1
PAX2_01	408	427	1149	1167	522	0.93912411091985	0.586822239361431	0.653649873039504	-3.1869952061242	1	1	1
PAX2_Q2	441	442	1200	1260	522	0.568017026921892	0.798497322031406	0.890879609648372	-3.97438544327292	1	1	1
PAX3_01	515	513	3925	4448	522	0.401048884613463	0.999966719586466	0.999999995519812	-28.366140643009	1	1	1
PAX5_01	513	515	4980	5591	522	0.774522630583707	0.999363377225275	0.999999998895318	-42.1038690092217	1	1	1
PAX5_Q6	487	489	2265	2329	522	0.646507392271408	0.927412947287467	0.831704044623569	-6.614900731289	1	1	1
PAX9_01	0	0	0	0	522	1	1	1	0	1	1	1
PBX1_02	215	219	331	325	522	0.623224556017774	0.468331434794473	0.422598972711386	1.44461331170102	1	1	1
PBX1_05	485	494	2151	2303	522	0.900037234383701	0.966357012568842	0.989195690465386	-11.3577189445994	1	1	1
PBX4_01	0	0	0	0	522	1	1	1	0	1	1	1
PIT1_Q6	428	404	1842	1651	522	0.0383261919565819	0.0165386729244168	0.000640017409721936	18.5025354846151	0.777351993211595	0.277148064460682	0.0147470678156763
PITX1EOMES_01	82	80	89	86	522	0.465952971801273	0.413078517885076	0.439938007017412	1.24037655410133	1	1	1
PITX1FIGLA_01	58	51	64	55	522	0.271915628133795	0.235170402705285	0.231732481313695	4.87503351056312	1	1	1
PITX1HES7_01	5	3	5	3	522	0.362754647305825	0.239220561336674	0.363280773791694	4.24349732262244	1	1	1
PITX1TBX21_01	0	1	0	1	522	1	0.841807847509034	1	0	1	1	1
PLAG1_02	322	361	2835	2980	522	0.995400147143008	0.909130836396448	0.972541902434059	-14.2450539830629	1	1	1
PLAG1_04	4	7	5	8	522	0.887958229690292	0.817990429598945	0.866578516473416	-3.57138567884337	1	1	1
PLAG1_06	0	0	0	0	522	1	1	1	0	1	1	1
PLAG1_08	0	0	0	0	522	1	1	1	0	1	1	1
PLAGL2_02	0	0	0	0	522	1	1	1	0	1	1	1
PLAGL2_03	81	128	91	156	522	0.999902382889696	0.99991687940268	0.999988006680675	-12.3323583360012	1	1	1
PLAGL2_05	0	1	0	1	522	1	0.841807847509034	1	0	1	1	1
PLZFB_Q3	388	382	1188	1097	522	0.362543527045588	0.11700139258287	0.0297264003694027	7.88711452165716	1	0.84972592524065	0.322327439299602
POU2F1DLX2_01	0	2	0	2	522	1	0.921648439157141	1	0	1	1	1
POU2F1EOMES_01	365	365	735	794	522	0.526899459430728	0.792602521181945	0.937677733332625	-7.16529656710916	1	1	1
POU2F1ETV4_01	0	0	0	0	522	1	1	1	0	1	1	1
POU2F1FOXO6_01	9	13	10	14	522	0.859441259775866	0.805178797301349	0.846274417390219	-5.78384307496812	1	1	1
POU2F1HOXB13_01	33	25	35	29	522	0.172167776576373	0.144855874326395	0.266148651391446	4.29282292566859	1	0.84972592524065	1
POU2F1SOX2_01	45	22	50	23	522	0.00255909298562934	0.00176024373122231	0.00105874570105376	21.7840932547014	0.202168345864718	0.081117898613828	0.0215981592103305
POU2F1TBX21_01	11	8	14	9	522	0.322264826585484	0.242099670006673	0.202434071928665	4.82268525092171	1	1	1
POU3F1_Q6	401	399	1442	1294	522	0.470856365167296	0.0494516772458265	0.0024442778833165	17.7410141282497	1	0.509550133704856	0.0409601718022432
POU3F2_01	410	392	2396	1949	522	0.106205337099515	0.00405987538303282	5.81304384017939e-12	26.2793889419403	1	0.152018800923398	1.07153774787307e-09
POU4F2_01	0	1	0	1	522	1	0.841807847509034	1	0	1	1	1
POU4F2_02	18	20	22	21	522	0.68968884785235	0.622110544708644	0.5	0.618385802669462	1	1	1
POU5F1_01	495	495	4149	3876	522	0.555491908003302	0.0384786206100735	0.00115478437497233	13.0646351509718	1	0.434258718313687	0.0215981592103305
POU6F2_01	0	0	0	0	522	1	1	1	0	1	1	1
PPARG_02	500	511	6386	6117	522	0.983867099811161	0.0255903105335961	0.00797609422452096	12.4016752244949	1	0.335760924532927	0.107580002589271
PRDM10_01	0	0	0	0	522	1	1	1	0	1	1	1
PRDM12_01	7	3	7	3	522	0.170690716057282	0.102078717431965	0.171873928531777	7.57259564052243	1	0.806421867712521	1
PRDM14_01	3	4	3	4	522	0.774226263475644	0.647946560806405	0.773438214311527	-1.73375666005299	1	1	1
PRDM14_02	112	111	122	137	522	0.5	0.516388059464156	0.839961218628067	-4.52737195549261	1	1	1
PRDM15_01	29	30	29	31	522	0.605550582419643	0.556326631897592	0.650562046526118	-1.107835206784	1	1	1
PRDM15_02	0	0	0	0	522	1	1	1	0	1	1	1
PRDM15_03	4	0	4	0	522	0.0621406329005501	0.0226464904754533	0.062499673458583	0	0.881122307538569	0.313087730823141	0.566595400370433
PRDM15_04	2	1	2	1	522	0.5	0.282038123449229	0.5	3.16589944291906	1	1	1
PRDM16_05	368	365	758	720	522	0.446176359460657	0.193772209915284	0.167764817150638	3.23771150296061	1	0.983082863148184	1
PRDM1_03	351	349	663	662	522	0.473753865751812	0.564458647255052	0.500000000000001	-0.10357666403331	1	1	1
PRDM4_01	0	0	0	0	522	1	1	1	0	1	1	1
PRDM5_02	1	0	1	0	522	0.5	0.159119243389507	0.5	0	1	0.84972592524065	1
PRDM5_03	4	5	4	5	522	0.747041634849514	0.631285567057691	0.746094607174951	-1.55073395431155	1	1	1
PREP1_Q3	378	348	763	664	522	0.0255348349788197	0.0143657679789911	0.00470557422900056	12.7686260906616	0.66911760993618	0.256266764270391	0.0743480728182089
PROX1_01	2	4	2	5	522	0.891299783651785	0.794122959243503	0.937500571447728	-4.51735543212496	1	1	1
PRRX2_05	0	0	0	0	522	1	1	1	0	1	1	1
PRX2_Q2	426	404	2340	1989	522	0.0536299587929431	0.00165297013057166	4.84632213475269e-08	20.7931093275938	0.881122307538569	0.081117898613828	3.82859448645463e-06
PSF_Q5	229	255	315	404	522	0.953126041368056	0.986583588430212	0.999612398105869	-11.8160771721905	1	1	1
RARB_01	0	0	0	0	522	1	1	1	0	1	1	1
RBPJK_01	291	303	487	496	522	0.791724958609872	0.664194215832642	0.625160541170697	-1.26296212165213	1	1	1
RELA_03	475	483	2696	2696	522	0.844500290540095	0.835278906242901	0.505445489744019	-0.299910053691326	1	1	1
REST_04	59	59	66	66	522	0.538911722971066	0.496194671728285	0.534659759233772	0	1	1	1
RFX2_02	0	1	0	1	522	1	0.841807847509034	1	0	1	1	1
RFX3BHLHA15_01	5	4	5	4	522	0.5	0.369198055214237	0.5	2.0010373971208	1	1	1
RFX3FIGLA_02	25	21	26	22	522	0.325712251037503	0.273770675250847	0.332729601829618	3.59424979979714	1	1	1
RFX3HES7_01	2	3	2	3	522	0.813100096429884	0.673259644819075	0.812500544236643	-2.4505989796189	1	1	1
RFX3SREBF2_01	0	1	0	2	522	1	0.841807847509034	1	0	1	1	1
RFX3SRF_01	84	90	107	107	522	0.71944286116401	0.704354656722627	0.52724183109865	0.427481040378919	1	1	1
RFX5_02	3	6	4	18	522	0.911101397492031	0.844580342995192	0.999572322627377	-7.39025941033719	1	1	1
RFX_Q6	271	283	415	439	522	0.789928373871911	0.788456346912215	0.803939762561183	-3.29491025914748	1	1	1
RLF_01	5	12	5	12	522	0.97638043617427	0.956495559876629	0.975479948173523	-6.43641264723357	1	1	1
ROAZ_01	3	5	4	13	522	0.856414809944526	0.762881477705412	0.993637401188059	-5.5039315453644	1	1	1
RORA2_01	173	162	227	205	522	0.253684874416641	0.224023876792142	0.156114345525338	5.30925966034153	1	1	1
RORA_05	0	0	0	0	522	1	1	1	0	1	1	1
RORA_06	0	0	0	0	522	1	1	1	0	1	1	1
RP58_01	24	25	24	26	522	0.614947439012383	0.560904845204169	0.664097867449202	-1.33078435364542	1	1	1
RREB1_01	436	453	1777	2190	522	0.94152024065042	0.942797566004676	0.999999999978054	-26.4974143893484	1	1	1
RREB1_04	0	0	0	0	522	1	1	1	0	1	1	1
RREB1_05	0	0	0	0	522	1	1	1	0	1	1	1
RREB_Q5	180	181	259	289	522	0.551767037530122	0.593477292088447	0.907368312819024	-5.47997787367352	1	1	1
RUNX2_02	22	20	24	20	522	0.437538471469669	0.374263935492807	0.325790775480441	3.66178575948795	1	1	1
RUNX3_01	6	6	7	6	522	0.613446530622719	0.498891033381646	0.5	1.52855399974236	1	1	1
RXRA_05	0	0	0	0	522	1	1	1	0	1	1	1
SALL1_01	103	96	111	118	522	0.318226781876952	0.360897468256618	0.701447351880398	-1.91008250363812	1	1	1
SALL1_03	26	36	28	40	522	0.925384428095978	0.90505866921716	0.942878199778224	-5.19825419363406	1	1	1
SALL3_01	216	194	319	260	522	0.0916012801013625	0.0497571559133133	0.00791786544829375	11.4890289965692	1	0.509550133704856	0.107580002589271
SALL3_02	0	0	0	0	522	1	1	1	0	1	1	1
SATB1_Q3	100	89	123	102	522	0.210787767102513	0.159803790642003	0.0911270759799991	7.79237875273433	1	0.84972592524065	0.775281123337531
SC1_01	5	1	5	1	522	0.108700216348215	0.0509054068512714	0.109374387734043	13.1158691206647	1	0.511830727068238	0.864057663098943
SCRT2_01	2	5	2	5	522	0.938129191722241	0.87241786835396	0.937500571447728	-4.71237594995775	1	1	1
SIP1_Q6	1	0	1	0	522	0.5	0.159119243389507	0.5	0	1	0.84972592524065	1
SIX1_Q3	189	180	247	244	522	0.302266517269068	0.337779064724539	0.464039186773742	0.619402804179313	1	1	1
SIX3_Q6	335	298	870	746	522	0.0112621028458678	0.0149034999430401	0.00109486033084035	15.1030043029348	0.479072528751144	0.257551108390662	0.0215981592103305
SIX4_01	492	495	2299	2280	522	0.706908762752756	0.135506414935922	0.394915208442786	0.69725004549493	1	0.84972592524065	1
SMAD3_Q6	476	475	1897	1978	522	0.5	0.83624180799667	0.906503779784138	-6.0000901815497	1	1	1
SMAD3_Q6_01	420	428	1042	1090	522	0.762135771674873	0.865037795525966	0.855928576855728	-5.82354407443592	1	1	1
SMAD4_Q6	505	509	4205	4401	522	0.822728904865726	0.944515085137608	0.983481730076973	-13.0683637698197	1	1	1
SMAD5_02	1	3	1	3	522	0.93785936709945	0.841924900591959	0.937500326541417	-3.91685981406333	1	1	1
SMAD5_Q5	495	501	4293	4671	522	0.849546348631778	0.993702330156141	0.999970814045535	-13.6467096188146	1	1	1
SMAD7_01	11	14	12	16	522	0.790660697217918	0.729232804098044	0.82753873514655	-2.69986900516292	1	1	1
SNAP190_01	2	2	2	2	522	0.68786005785793	0.500382679312548	0.687500326541986	0	1	1	1
SOX10_03	0	0	0	0	522	1	1	1	0	1	1	1
SOX10_05	0	0	0	0	522	1	1	1	0	1	1	1
SOX10_08	398	397	995	1007	522	0.5	0.441001665150896	0.614392554532751	-1.14238055854875	1	1	1
SOX18_Q5_01	75	74	85	113	522	0.5	0.462525403196792	0.980488893685035	-8.35628556192917	1	1	1
SOX5_01	351	350	932	848	522	0.5	0.0879008578416922	0.0244719798115981	7.46282441860678	1	0.754755931057963	0.276183772159465
SOX6TBX21_01	143	144	177	191	522	0.555124318573678	0.532611343602573	0.782888287076595	-3.81675906887238	1	1	1
SOX8_07	0	0	0	0	522	1	1	1	0	1	1	1
SOX9_05	0	0	0	0	522	1	1	1	0	1	1	1
SOX9_09	331	322	655	608	522	0.304493555211239	0.204765802782107	0.0976371355637741	5.58312004655783	1	1	0.80587068607115
SOX_Q6	484	486	2641	2590	522	0.641132518416678	0.252727968150747	0.244188713567812	4.54354354239844	1	1	1
SP1SP3_Q4	253	288	1877	1870	522	0.98714394149082	0.944981779695208	0.46089589018766	-12.4250769849133	1	1	1
SP2_04	485	497	3599	4244	522	0.956013319549206	0.999132714608655	0.999999999999879	-28.8526229310018	1	1	1
SP2_06	0	0	0	0	522	1	1	1	0	1	1	1
SP3_Q3	453	484	2488	2771	522	0.999491716095971	0.983690792386375	0.999956833548383	-17.6735887289664	1	1	1
SP5_Q2	25	33	28	38	522	0.888147250695563	0.861517367175733	0.912363306723009	-5.64517151189421	1	1	1
SPDEF_06	0	0	0	0	522	1	1	1	0	1	1	1
SPDEF_07	2	2	2	2	522	0.68786005785793	0.500382679312548	0.687500326541986	0	1	1	1
SPI1_06	381	378	786	777	522	0.444756395352753	0.373491016694538	0.419770392111612	2.19720154685628	1	1	1
SREBP1_02	468	489	2059	2279	522	0.993315807018329	0.943585958533854	0.999613716896716	-14.1233684464336	1	1	1
SREBP1_Q5	382	390	853	879	522	0.737133223402831	0.729129709792511	0.741908479747523	-3.58164022457402	1	1	1
SRF_01	32	41	40	48	522	0.887656178661687	0.855832153255635	0.831309756411335	-6.78359716685271	1	1	1
STAF_05	0	0	0	0	522	1	1	1	0	1	1	1
STAT1_10	306	312	633	641	522	0.670312116052318	0.545425493891876	0.599585304255954	-0.305456636031026	1	1	1
STAT3_01	288	288	704	672	522	0.524809022563949	0.375015570667995	0.201524050541758	4.48976772691753	1	1	1
STAT5A_02	491	506	3959	4027	522	0.991960237997418	0.664749167265685	0.780775482958533	-3.94072370207199	1	1	1
STAT5A_Q6	63	56	85	80	522	0.279572497778406	0.256262233242781	0.377794421700303	2.40016391564176	1	1	1
T3RBETA_Q6_01	358	394	715	824	522	0.994666990967924	0.987176040268918	0.997498915561064	-14.771805437158	1	1	1
TAL1BETAITF2_01	409	416	1116	1132	522	0.72841573171861	0.589323606141707	0.640161591767459	-2.02304722932665	1	1	1
TAL1GATA1_02	27	28	28	29	522	0.609001962149343	0.555063581070511	0.604319329627971	-0.788498930648407	1	1	1
TAL1_01	356	357	704	722	522	0.552905042603795	0.453411088200593	0.692671299925421	-2.48406340549195	1	1	1
TAXCREB_01	375	390	876	1023	522	0.868443781447059	0.98567253132415	0.999663846988806	-16.9921229371275	1	1	1
TAXCREB_02	503	513	3597	4175	522	0.983359466507057	0.999991127629519	0.999999999978446	-34.5732342179013	1	1	1
TBX15_02	0	0	0	0	522	1	1	1	0	1	1	1
TBX18_01	0	0	0	0	522	1	1	1	0	1	1	1
TBX1_01	0	0	0	0	522	1	1	1	0	1	1	1
TBX1_04	0	0	0	0	522	1	1	1	0	1	1	1
TBX1_05	0	0	0	0	522	1	1	1	0	1	1	1
TBX20_05	72	73	77	88	522	0.570995748041404	0.55067813246851	0.824900144405644	-4.40645703776203	1	1	1
TBX21_01	0	0	0	0	522	1	1	1	0	1	1	1
TBX5CSX_Q5	4	5	4	5	522	0.747041634849514	0.631285567057691	0.746094607174951	-1.73318713208682	1	1	1
TBX5_04	0	1	0	2	522	1	0.841807847509034	1	0	1	1	1
TCF11MAFG_01	453	460	1466	1447	522	0.772547256277854	0.419358856598882	0.369219861689487	1.9128193220242	1	1	1
TEAD4ALX4_01	20	29	20	29	522	0.928659919590522	0.906020577256606	0.923800488059849	-6.91626204883031	1	1	1
TEAD4CEBPD_01	7	7	8	8	522	0.605445382765304	0.500205538991454	0.598190991638719	-0.814714768254949	1	1	1
TEAD4CLOCK_01	114	112	132	121	522	0.470055277126719	0.40879142112813	0.264793198369288	3.40895753080393	1	1	1
TEAD4ELK3_01	1	1	1	1	522	0.750239693192713	0.500540670565326	0.750000217694373	0	1	1	1
TEAD4EOMES_01	76	83	92	89	522	0.754569654253471	0.686939896864882	0.440933416626246	0.474960146101704	1	1	1
TEAD4ERG_02	0	2	0	2	522	1	0.921648439157141	1	0	1	1	1
TEAD4ESRRB_01	33	44	33	45	522	0.922525158274172	0.904826864756912	0.929737594595146	-7.82035965216094	1	1	1
TEAD4ETV7_01	0	0	0	0	522	1	1	1	0	1	1	1
TEAD4FIGLA_01	6	3	6	3	522	0.252958365150485	0.157878264152891	0.253905392825049	6.16514329512122	1	0.84972592524065	1
TEAD4FOXI1_01	81	103	88	114	522	0.969232540571814	0.965933407609542	0.971410134941623	-8.80431857953027	1	1	1
TEAD4GATA3_01	19	24	19	24	522	0.824891804832167	0.781899101680237	0.819815690499305	-4.10937273752945	1	1	1
TEAD4MAX_02	4	10	4	10	522	0.972131162098893	0.946754779558668	0.97131422137719	-8.08838038921581	1	1	1
TEAD4ONECUT2_01	2	4	2	4	522	0.891299783651785	0.793676591392206	0.890625612265957	-3.93773880749894	1	1	1
TEAD4RFX5_01	6	17	6	17	522	0.995096335745612	0.989792769204341	0.994689364961434	-13.8916642542614	1	1	1
TEAD4SOX15_01	111	119	131	168	522	0.74920462871454	0.743684968025403	0.986105070355635	-11.4759160471191	1	1	1
TEAD4SOX6_01	15	8	15	8	522	0.102481013584127	0.0701279527351973	0.105017517439738	10.4596449698009	1	0.668633756251106	0.841662132524276
TEF3_Q3	450	410	2441	1883	522	0.000744506323064335	1.22112950327879e-06	9.63142176837178e-18	34.8219456107029	0.0968854979327429	0.00067528461531317	5.32617623790959e-15
TEF_01	215	238	302	337	522	0.933046650111231	0.945138794083916	0.922881681650287	-6.2362095790689	1	1	1
TEF_05	0	0	0	0	522	1	1	1	0	1	1	1
TEF_08	0	0	0	0	522	1	1	1	0	1	1	1
TFAP2B_04	64	65	104	112	522	0.57456262549114	0.556930225209405	0.729824015997505	-0.822802645741534	1	1	1
TFAP2CDLX3_03	65	77	71	82	522	0.879774434570318	0.855097370976116	0.83401949825689	-5.7560426479835	1	1	1
TFAP2CELK1_01	1	15	1	16	522	0.999986421651322	0.999789361147674	0.999992371508944	-16.317883575189	1	1	1
TFAP2CHOXB13_01	16	15	16	15	522	0.500000000000001	0.427832064000842	0.5	1.03349959236128	1	1	1
TFAP2CMAX_02	6	10	6	11	522	0.896708155985459	0.843905401862041	0.928269912580738	-6.94278705993719	1	1	1
TFAP2CONECUT2_01	7	3	7	3	522	0.170690716057282	0.102078717431965	0.171873928531777	10.771124508625	1	0.806421867712521	1
TFAP4MAX_02	4	1	4	1	522	0.186899903570116	0.0895773134959349	0.187499455763357	13.304836178977	1	0.754755931057963	1
TFCP2_03	21	13	22	15	522	0.11088987233094	0.0831569988814487	0.162000384261266	9.63338095691057	1	0.754755931057963	1
TFE_Q6	228	230	320	363	522	0.574205577701165	0.795709065065441	0.95395660966461	-3.57709515024338	1	1	1
TFIIIA_03	0	1	0	1	522	1	0.841807847509034	1	0	1	1	1
TFIIIA_04	0	0	0	0	522	1	1	1	0	1	1	1
TFIII_Q6	445	471	1863	2145	522	0.994689262487172	0.997561898595503	0.999996263311594	-19.6736896668995	1	1	1
TFIII_Q6_01	491	498	2230	2314	522	0.866202204022907	0.830950900270408	0.896790076996247	-5.44273011328541	1	1	1
THAP1_01	501	515	4498	4945	522	0.99835469294332	0.997757076598673	0.999998172803561	-27.1842726165018	1	1	1
THRA_01	0	2	0	2	522	1	0.921648439157141	1	0	1	1	1
THRB_02	0	0	0	0	522	1	1	1	0	1	1	1
THRB_03	0	0	0	0	522	1	1	1	0	1	1	1
TITF1_Q3	476	484	2692	2419	522	0.847098423229966	0.0041234756127504	6.83702426204691e-05	17.1185586369679	1	0.152018800923398	0.00222404377465408
TP63_01	0	0	0	0	522	1	1	1	0	1	1	1
TRF1_01	1	0	1	0	522	0.5	0.159119243389507	0.5	0	1	0.84972592524065	1
TRPS1_Q3	14	12	14	14	522	0.421526645949293	0.347783917996627	0.57472390134848	0	1	1	1
TST1_01	473	456	3492	3070	522	0.0567079145894714	0.00776283293087791	9.25245470342397e-08	22.9952335583325	0.881122307538569	0.178868608782312	6.39575931374182e-06
VDR_01	0	1	0	1	522	1	0.841807847509034	1	0	1	1	1
WT1_01	304	335	1651	1810	522	0.978977609834935	0.960556457253862	0.996777272418786	-17.1582046048384	1	1	1
YY1_08	479	469	1610	1606	522	0.167551429864224	0.346960673990737	0.478876396391907	0.568236112183118	1	1	1
YY1_12	474	475	1604	1706	522	0.585143528978714	0.742493773631306	0.963511490197706	-7.8242265628266	1	1	1
ZASC1_01	0	0	0	0	522	1	1	1	0	1	1	1
ZASC1_02	0	0	0	0	522	1	1	1	0	1	1	1
ZBP89_Q4_01	298	312	1737	1927	522	0.826890456691646	0.933314815732528	0.999214119820061	-20.5394542296785	1	1	1
ZBTB11_02	0	0	0	0	522	1	1	1	0	1	1	1
ZBTB1_01	0	0	0	0	522	1	1	1	0	1	1	1
ZBTB26_01	0	0	0	0	522	1	1	1	0	1	1	1
ZBTB2_Q3	179	182	244	234	522	0.602666674918372	0.476128249404923	0.340288336298391	2.31709813228253	1	1	1
ZBTB2_Q3_01	418	436	1351	1368	522	0.936325838009235	0.985156067530682	0.635177499087951	-4.99825510027871	1	1	1
ZBTB33_05	16	22	20	25	522	0.876469798320246	0.835179829431638	0.814355689925924	-5.10891747168351	1	1	1
ZBTB34_01	11	21	12	22	522	0.976678243851276	0.963392902128788	0.971195497926254	-6.77700701934224	1	1	1
ZBTB38_01	1	3	1	3	522	0.93785936709945	0.841924900591959	0.937500326541417	-4.54684972583317	1	1	1
ZBTB38_02	23	16	23	16	522	0.163769537084069	0.126814518747918	0.168387696005853	5.49522310587216	1	0.84972592524065	1
ZBTB40_01	143	138	191	174	522	0.390091984347389	0.314860631179113	0.201140723259544	3.69250928911223	1	1	1
ZBTB40_02	27	13	32	14	522	0.0174219613789424	0.0120334927433732	0.00567498835111391	14.3052760721319	0.586603995831554	0.223304598433597	0.087174126615722
ZBTB41_01	0	0	0	0	522	1	1	1	0	1	1	1
ZBTB44_01	353	378	633	752	522	0.960523259526587	0.998672602722009	0.999377203074241	-9.71333086948442	1	1	1
ZBTB46_01	1	2	1	2	522	0.87535953978907	0.71870936448127	0.875000326541559	-2.3479122668783	1	1	1
ZBTB49_01	0	0	0	0	522	1	1	1	0	1	1	1
ZBTB49_02	1	0	1	0	522	0.5	0.159119243389507	0.5	0	1	0.84972592524065	1
ZBTB5_01	120	96	140	110	522	0.0393595945929922	0.0301375039660286	0.0331958031201231	8.60308222522255	0.777351993211595	0.35169701420041	0.353024598565924
ZEC_01	0	0	0	0	522	1	1	1	0	1	1	1
ZF5_B	476	490	4881	6294	522	0.961561028370499	0.999922597668303	1	-49.1991964916816	1	1	1
ZFP41_02	0	1	0	1	522	1	0.841807847509034	1	0	1	1	1
ZFP64_03	4	7	10	7	522	0.887958229690292	0.816298604672081	0.314528126904641	-1.19695316323855	1	1	1
ZFP64_04	0	0	0	0	522	1	1	1	0	1	1	1
ZFP64_05	0	0	0	0	522	1	1	1	0	1	1	1
ZFP64_06	0	0	0	0	522	1	1	1	0	1	1	1
ZFP91_01	0	0	0	0	522	1	1	1	0	1	1	1
ZFPM1_01	2	3	2	3	522	0.813100096429884	0.673259644819075	0.812500544236643	-2.00195057163237	1	1	1
ZFX_01	94	130	131	216	522	0.997396455995178	0.99818621254126	0.999998261786685	-22.972874563985	1	1	1
ZFX_03	41	23	44	24	522	0.0137941529883294	0.00996688505758082	0.0102616125511184	13.0814784987294	0.508544440169745	0.211987978340084	0.128969812290193
ZFX_04	0	0	0	0	522	1	1	1	0	1	1	1
ZGPAT_01	479	478	4273	4806	522	0.5	0.986597501279525	0.999999990892742	-25.9266039257065	1	1	1
ZID_01	57	70	63	83	522	0.907586788209631	0.902795481464641	0.959078827374042	-7.59924745019067	1	1	1
ZNF131_01	1	0	1	0	522	0.5	0.159119243389507	0.5	0	1	0.84972592524065	1
ZNF131_02	0	0	0	0	522	1	1	1	0	1	1	1
ZNF135_01	3	5	3	5	522	0.856414809944526	0.761201018274419	0.855469607173459	-3.03404469321826	1	1	1
ZNF135_02	10	18	10	18	522	0.958528607881495	0.937261192314074	0.956422638999939	-6.29050579596886	1	1	1
ZNF135_03	34	36	36	39	522	0.644640065146152	0.597584211045042	0.677773469315415	-1.61799977925325	1	1	1
ZNF135_04	1	2	1	2	522	0.87535953978907	0.71870936448127	0.875000326541559	-2.45185520894574	1	1	1
ZNF143_03	0	0	0	0	522	1	1	1	0	1	1	1
ZNF236_01	0	0	0	0	522	1	1	1	0	1	1	1
ZNF236_02	4	5	4	5	522	0.747041634849514	0.631285567057691	0.746094607174951	-1.55073395431155	1	1	1
ZNF236_04	0	0	0	0	522	1	1	1	0	1	1	1
ZNF236_05	1	0	1	0	522	0.5	0.159119243389507	0.5	0	1	0.84972592524065	1
ZNF236_06	2	3	2	3	522	0.813100096429884	0.673259644819075	0.812500544236643	-2.00195057163237	1	1	1
ZNF236_07	4	5	4	5	522	0.747041634849514	0.631285567057691	0.746094607174951	-1.48498889658829	1	1	1
ZNF236_08	1	0	1	0	522	0.5	0.159119243389507	0.5	0	1	0.84972592524065	1
ZNF282_01	2	0	2	0	522	0.249760306807287	0.0787489826715255	0.249999782305627	0	1	0.73810487148057	1
ZNF282_02	0	0	0	0	522	1	1	1	0	1	1	1
ZNF295_01	485	505	5918	6658	522	0.998498469751494	0.998114692316892	0.999999999984941	-38.279332293253	1	1	1
ZNF312_01	0	1	0	1	522	1	0.841807847509034	1	0	1	1	1
ZNF319_01	33	40	42	42	522	0.834179386773136	0.79052548095106	0.543400406182721	0	1	1	1
ZNF319_02	7	11	7	11	522	0.883106403717684	0.829208728720551	0.881059589217888	-4.04588085804345	1	1	1
ZNF335_01	0	0	0	0	522	1	1	1	0	1	1	1
ZNF335_02	0	0	0	0	522	1	1	1	0	1	1	1
ZNF339_01	3	2	3	3	522	0.5	0.328290225131201	0.656250408178015	0.808245677262407	1	1	1
ZNF341_01	22	23	24	29	522	0.619549209507491	0.56317137535924	0.794954066077026	-3.10826696324581	1	1	1
ZNF362_01	2	2	2	2	522	0.68786005785793	0.500382679312548	0.687500326541986	0	1	1	1
ZNF366_02	0	0	0	0	522	1	1	1	0	1	1	1
ZNF367_01	137	120	156	139	522	0.125156762013867	0.119904948865929	0.175761364808193	4.55185690548744	1	0.84972592524065	1
ZNF384_02	47	38	52	43	522	0.182676719086474	0.154617635866924	0.205945344119371	4.55502076713035	1	0.84972592524065	1
ZNF410_01	0	0	0	0	522	1	1	1	0	1	1	1
ZNF436_01	10	13	10	19	522	0.800209240558078	0.740453544202279	0.969287451506919	-6.88381183049192	1	1	1
ZNF436_02	2	4	2	4	522	0.891299783651785	0.793676591392206	0.890625612265957	-3.39213259575584	1	1	1
ZNF438_01	12	20	12	22	522	0.947635839733897	0.92566771531566	0.971195497926254	-7.71854925114343	1	1	1
ZNF450_01	20	22	20	23	522	0.681468725500198	0.625964617006681	0.728811797850163	-2.10659110197125	1	1	1
ZNF499_01	3	2	3	2	522	0.5	0.32735982799067	0.5	2.23865040816785	1	1	1
ZNF507_01	23	27	23	30	522	0.765503657176357	0.723234274620415	0.864165961737029	-3.86539583249035	1	1	1
ZNF513_01	0	0	0	0	522	1	1	1	0	1	1	1
ZNF515_02	0	0	0	0	522	1	1	1	0	1	1	1
ZNF516_01	100	105	117	116	522	0.679879033023024	0.629369790228028	0.5	0.0774434927795944	1	1	1
ZNF521_01	3	11	3	11	522	0.993814791675613	0.984303513949524	0.993530534604468	-8.04630238060326	1	1	1
ZNF521_02	0	0	0	0	522	1	1	1	0	1	1	1
ZNF521_03	0	0	0	0	522	1	1	1	0	1	1	1
ZNF536_01	36	29	36	31	522	0.221201661663668	0.189913345916011	0.312698348775404	2.66479279469665	1	0.972426669366239	1
ZNF536_03	0	0	0	0	522	1	1	1	0	1	1	1
ZNF592_02	490	490	2113	2139	522	0.551268912429155	0.597659458191042	0.660865238303244	-2.63731300663322	1	1	1
ZNF651_01	1	0	1	0	522	0.5	0.159119243389507	0.5	0	1	0.84972592524065	1
ZNF652_03	0	0	0	0	522	1	1	1	0	1	1	1
ZNF672_02	6	3	6	3	522	0.252958365150485	0.157878264152891	0.253905392825049	5.10004728631915	1	0.84972592524065	1
ZNF672_03	22	31	24	41	522	0.920996509729912	0.896998942849372	0.987596038503262	-8.8324995585916	1	1	1
ZNF687_01	0	0	0	0	522	1	1	1	0	1	1	1
ZNF710_01	1	2	1	2	522	0.87535953978907	0.71870936448127	0.875000326541559	-2.64762776785315	1	1	1
ZNF710_02	0	0	0	0	522	1	1	1	0	1	1	1
ZNF711_02	3	1	3	1	522	0.31213994214207	0.158538643895077	0.312499673458014	6.16649513396699	1	0.84972592524065	1
ZNF76_01	0	0	0	0	522	1	1	1	0	1	1	1
ZNF770_01	11	14	11	14	522	0.790660697217918	0.72821132188341	0.787824433800065	-2.57803478105989	1	1	1
ZNF775_02	14	7	15	7	522	0.0923790344613804	0.0611848683663454	0.06689839444664	9.50264668971739	1	0.604200575117661	0.596690518209547
ZNF777_02	494	495	3055	3535	522	0.609001962149343	0.999084236712908	0.999999998616187	-31.9388431388864	1	1	1
ZXDB_01	210	218	366	458	522	0.714408157896054	0.692667646022739	0.999410880490829	-10.5649059126824	1	1	1
ZXDL_01	0	0	0	0	522	1	1	1	0	1	1	1
