gene	baseMean	log2FoldChange	lfcSE	pvalue	padj
ENSAPLG00000000588	115.389093231454	3.07320211707168	0.49036276841026	6.66835846272458e-11	1.90353849283859e-08
ENSAPLG00000000705	9.06781362759873	2.67494510743199	1.12988145565095	3.13899287015301e-05	0.0028673653537891
ENSAPLG00000000830	43.3036843102652	3.17279778204566	0.568299275037513	3.44765317736339e-09	7.49837203749733e-07
ENSAPLG00000000875	60.9746502288415	0.638263117739545	0.323617186124566	0.000247271619495425	0.0143564225861284
ENSAPLG00000001026	32.2457846671182	1.97098747920679	0.451882983446598	3.49629449519033e-07	5.70312228251166e-05
ENSAPLG00000001038	22.0864245587016	1.69775243663771	1.03672306614965	0.00014243431043172	0.00913792567240319
ENSAPLG00000001137	85.2320893124853	1.78804751385461	0.369948267643443	3.51745973325518e-08	6.69392128681424e-06
ENSAPLG00000001183	1729.21804048598	3.14523177904782	0.436433536525233	1.00824263615146e-13	6.00649591328147e-11
ENSAPLG00000001471	165.54156821551	0.959388089118979	0.310426873343956	2.48714533087983e-06	0.000330862770133159
ENSAPLG00000001610	4249.24622160036	5.27225883507141	0.797602031617659	4.12640608469425e-13	2.06153740197829e-10
ENSAPLG00000002170	457.692336433232	1.8295091113861	0.392706059318688	8.11627333947705e-08	1.50282672023668e-05
ENSAPLG00000002252	1426.83812267756	4.08546703938864	0.441411082605931	1.16590758691092e-21	5.32508858528449e-18
ENSAPLG00000002281	17.4691588919835	0.926034237489383	0.638119757907734	0.000265212997107523	0.0152048053822898
ENSAPLG00000002317	92.7498854764606	2.72293201808192	0.685771111294518	1.97739669330935e-06	0.000268260291997274
ENSAPLG00000002344	16.909329562089	-1.39029358018024	0.712765868464149	7.00521514549759e-05	0.00549864050837587
ENSAPLG00000002434	37.5413445896498	-0.859444485611891	0.995772875674465	0.00115970151526207	0.0468738352864924
ENSAPLG00000002438	2596.15897202875	-0.6150895979402	0.14983943286105	1.6016690355125e-06	0.000226248135305075
ENSAPLG00000002489	636.014508070768	-0.649167647523426	0.473664936125489	0.000587999936139222	0.0280723871950509
ENSAPLG00000002561	19.9199214933005	-1.50449179427825	0.756288103598647	6.67808300987882e-05	0.00531994729077672
ENSAPLG00000002692	101.931696838565	-0.652270389016687	0.308665629153601	0.00018039457286257	0.0111340830511844
ENSAPLG00000002789	87.7698194015879	0.60479713841308	0.307878902491863	0.000311986752156216	0.0175198462214937
ENSAPLG00000002790	159.661691618193	0.938790934594877	0.402281209155166	2.97672677565286e-05	0.00275588582972942
ENSAPLG00000002904	2931.32514975855	3.62116432475167	0.436493121481478	1.07229178751565e-17	1.46925420725395e-14
ENSAPLG00000002963	51.0976095530365	0.980853428215385	1.01043837958822	0.000806725724157587	0.0360057194540953
ENSAPLG00000003290	7.43014770663946	2.08669413918425	1.28691143612693	0.000125739800946854	0.00848475878471917
ENSAPLG00000003345	5.15791479677111	1.13010959731603	1.311900068249	0.000859073820645866	0.037370136297125
ENSAPLG00000003418	56.4799329043134	1.33951977009006	0.564520085187796	2.38584374815288e-05	0.00230217119980217
ENSAPLG00000003440	83.2832464602496	-0.67950355120195	0.30738372052185	0.000127468066005692	0.00848475878471917
ENSAPLG00000003456	234.069973428197	0.580115986114289	0.167866786858701	2.12339460522966e-05	0.00207819663434691
ENSAPLG00000003471	91.5799482124783	1.1932107628961	0.340226782790192	4.30325066292519e-07	6.93684006863541e-05
ENSAPLG00000003551	764.791097999693	2.20164002575728	0.383930028099022	1.9553698781878e-09	4.39220951982447e-07
ENSAPLG00000003660	94.364753739402	-0.769032529632905	0.27914194866896	2.10337845095445e-05	0.00207341665719266
ENSAPLG00000003848	38.2022927466551	-0.939197516735509	0.515223080790932	0.000108751541863518	0.00764160834160983
ENSAPLG00000003957	9.17698444634544	-0.904748681233867	1.04572658172831	0.00110110172963753	0.0451715446092616
ENSAPLG00000004041	323.672385263123	0.868559883381632	0.320785979055218	1.31133993211793e-05	0.0013821522884523
ENSAPLG00000004206	157.42278547926	-0.736596828791697	0.282613564540612	3.83942043786158e-05	0.00337229095125508
ENSAPLG00000004288	86.4718769896797	-1.03665213103929	0.34722053882944	3.07727322577074e-06	0.000397781110750101
ENSAPLG00000004542	59.4902534731967	-0.675888090586548	0.441449199663825	0.000407630766062516	0.0211566543810174
ENSAPLG00000004563	148.976326548298	-1.68227571176035	0.556064649867922	7.15554330107105e-06	0.000805936382264698
ENSAPLG00000004628	175.37135202339	0.813616178339197	0.633610297279799	0.000453292981408504	0.0228619583934941
ENSAPLG00000004777	582.429815196329	0.769735324285591	0.18846893489276	2.09918209056666e-07	3.59537412561804e-05
ENSAPLG00000004825	84.2358122178719	3.83200166017199	0.603844215260128	1.56396883357551e-11	4.98360487387247e-09
ENSAPLG00000004875	210.143445966056	-1.7233565717751	0.555938402630369	6.38447935438376e-06	0.000747693471057831
ENSAPLG00000004899	3639.91422847891	-0.612852963806606	0.17152576213243	1.05389712655492e-05	0.00114607130381393
ENSAPLG00000005288	118.101070658863	2.17754441999324	0.6033321334462	3.60125032806774e-06	0.000444543531488146
ENSAPLG00000005334	14.3134677280876	1.13284747306645	1.05131279604614	0.000567132242399548	0.0274285640923864
ENSAPLG00000005356	19.7497743293124	2.6042259096125	0.697795843347734	3.32595249447689e-06	0.000423284037980667
ENSAPLG00000005382	233.266807749215	5.77345097218051	0.574018455669458	6.97062990420903e-26	9.55115709474721e-22
ENSAPLG00000005387	672.895890545907	1.05326909132623	0.289630853865474	2.15813933083791e-07	3.65071914952358e-05
ENSAPLG00000005432	151.272312066534	0.895395665320475	0.665170533178334	0.000351132392445359	0.0190127687964191
ENSAPLG00000005501	455.258150901788	3.82777542837766	0.462704250062502	9.932541948541e-18	1.46925420725395e-14
ENSAPLG00000005510	115.912825179786	-0.84913892175244	0.483544166193305	0.000151369043809257	0.00964678436406715
ENSAPLG00000005817	524.102829093037	0.929947775235795	0.293727690435888	2.10513219486407e-06	0.000282789424843407
ENSAPLG00000005874	207.177436132127	1.94076021916531	0.37062392872402	1.1835709258447e-08	2.35033171390204e-06
ENSAPLG00000006016	353.956286506204	4.54239899479151	1.03134833860932	1.24071439004609e-07	2.23687744373837e-05
ENSAPLG00000006077	366.231315774804	3.43054306327155	0.486206112320443	2.1242379283724e-13	1.21276283727328e-10
ENSAPLG00000006097	272.463020316841	-1.46850354110564	0.63833207030412	3.18265756702511e-05	0.00287920143460438
ENSAPLG00000006199	21.5830455937714	2.10558519316695	0.487265054166298	5.25418659960129e-07	8.37126334741127e-05
ENSAPLG00000006345	762.119716266504	0.762896286052516	0.222578346021348	2.92038511817497e-06	0.000381096351326033
ENSAPLG00000006762	118.268748544185	1.00928838774138	0.27726677293302	2.27497873727984e-07	3.80143398270834e-05
ENSAPLG00000006787	385.847452000852	2.57285258714751	0.368349242452519	8.60568861361132e-13	3.6848482932407e-10
ENSAPLG00000006829	2352.89823303843	-0.652372621912247	0.165652467968953	1.86120636529721e-06	0.000255022496173024
ENSAPLG00000006851	43.7536534145592	0.692460100567718	0.514589539340406	0.000528888563664867	0.026002732636877
ENSAPLG00000006948	111.651419580171	0.7763686353252	0.49294714881691	0.000267482840900548	0.0152710411917471
ENSAPLG00000006979	798.832112086158	1.89041819496788	0.276053166252388	1.43738486521738e-12	5.88341718258735e-10
ENSAPLG00000006987	256.628508577902	3.17250143357132	0.413468500891222	2.89818477278221e-15	2.83649483976156e-12
ENSAPLG00000007120	906.456286149097	3.52650301141968	0.680097862895872	1.84340084673761e-08	3.55750400028151e-06
ENSAPLG00000007378	65.1663330380752	0.759947702756742	0.395450730673204	0.000142717566332965	0.00913792567240319
ENSAPLG00000007450	208.610287036282	-0.616350433258361	0.208740871666996	5.06593467613386e-05	0.00420687496559916
ENSAPLG00000007508	361.561506996116	3.97808992885214	0.543262523929387	1.47103535484186e-14	1.11978480178017e-11
ENSAPLG00000007709	43.3852431217856	1.63328101835127	1.2522722736549	0.000271778133340028	0.015451883746992
ENSAPLG00000008053	7.35218747639051	1.08226513876291	1.20077001919569	0.000854571859891504	0.037370136297125
ENSAPLG00000008104	102.75570286049	-1.23575860586673	0.688543773060777	9.88107038584513e-05	0.00716351462575925
ENSAPLG00000008444	12.2189560876613	-1.13846295260142	1.08157363681204	0.000597827840168096	0.0284424898124419
ENSAPLG00000008457	188.795130779955	1.53200628113192	0.300245883055078	2.56852763871134e-09	5.67644608155207e-07
ENSAPLG00000008507	110.879898877165	0.891417695561981	0.485279209058392	0.000114708735338011	0.00791780520633874
ENSAPLG00000008657	30.4521901621572	-1.52204101282151	0.725896915201721	5.28484047660702e-05	0.00431029072681365
ENSAPLG00000008888	151.186189355453	0.904160823800312	0.369644036767679	2.40801327818093e-05	0.00230731454109336
ENSAPLG00000009307	4.09496785947795	-1.03042270203165	1.49420748165141	0.00103829411226892	0.0429809846716276
ENSAPLG00000009561	186.35138489788	0.855709856202976	0.311926547978316	1.25834913086369e-05	0.00133658137915459
ENSAPLG00000009584	89.23244469892	2.43533466229128	0.819544751363156	1.34504867820654e-05	0.00140685931212107
ENSAPLG00000009658	815.657111636607	1.36324825792567	0.222760118355526	2.61225599573574e-12	1.02266090438774e-09
ENSAPLG00000009708	348.348278551571	0.709865517891881	0.363362715546578	0.000169333958717964	0.0105085348684616
ENSAPLG00000009754	196.958928841311	2.2961078890764	0.369165238052801	1.37534111185667e-10	3.62402382974233e-08
ENSAPLG00000009863	92.2203286884024	-0.96423974946886	0.331561179592821	4.71787193933184e-06	0.000572073285953317
ENSAPLG00000010062	1192.49579260216	0.994806499466795	0.333440719513734	3.33635061318874e-06	0.000423284037980667
ENSAPLG00000010171	2774.43871968685	3.69974674710218	0.377057380241734	9.16337403270698e-24	6.27782754980755e-20
ENSAPLG00000010291	474.347824226851	2.35594323981519	0.395262929758438	6.40181277388739e-10	1.51237307978974e-07
ENSAPLG00000010356	1990.30239191661	3.22339938492122	0.45757203419621	2.96895832663599e-13	1.62722667966265e-10
ENSAPLG00000010386	506.402944547226	2.91733330896141	0.49621500344595	8.22912408974222e-10	1.91110946233302e-07
ENSAPLG00000010393	231.263886380519	0.626424460830305	0.162493983981017	3.52662040909439e-06	0.000439288662231012
ENSAPLG00000010410	1555.51583306947	2.2332341932969	0.265664864764264	1.64633831992262e-17	2.05073887814361e-14
ENSAPLG00000010562	163.006946961848	-0.675207630746515	0.454499043107134	0.000440776258226301	0.0224517334208802
ENSAPLG00000010913	344.927831698852	2.21783333001354	0.372213837593199	5.92834109964744e-10	1.42508999556788e-07
ENSAPLG00000010997	2110.14453683515	-0.58540777670578	0.137577610572603	1.26875919357424e-06	0.00018494189862079
ENSAPLG00000011142	4800.70459887147	4.05476637962201	0.692925337143483	2.44439892775336e-10	6.31946303925972e-08
ENSAPLG00000011195	2476.72286191274	0.767449350287458	0.179860940769601	9.72192946408531e-08	1.77613170022529e-05
ENSAPLG00000011206	2637.74306743957	2.38641308015756	0.322293661993631	4.55342113007645e-14	2.8359534692867e-11
ENSAPLG00000011260	236.445305264955	0.580031636215483	0.197550733901853	7.4058701287207e-05	0.00573306398326164
ENSAPLG00000011338	938.066473026484	2.59924808877645	0.326076248212561	4.89008388824098e-16	5.15414841820599e-13
ENSAPLG00000011364	317.022024657465	0.900866098026199	0.308079234597315	5.67772548901192e-06	0.000670656850434839
ENSAPLG00000011367	49.6639356918768	1.27068937318562	0.371869486912885	7.5394292652591e-07	0.00011352226350833
ENSAPLG00000011486	89.2140975529057	1.53551618519084	0.379554405524988	2.0887669092427e-07	3.59537412561804e-05
ENSAPLG00000011502	18.424322666179	-2.08660631962974	0.520415947356426	1.22783068246639e-06	0.000180900387216715
ENSAPLG00000011569	176.053956669121	0.784338600761123	0.247755817561016	5.65019771451932e-06	0.000670656850434839
ENSAPLG00000011619	459.221408178798	1.53604530316585	0.415220502021176	7.03532688069147e-07	0.000108312414515994
ENSAPLG00000011683	104.468878977461	1.64282933434291	0.576806253867748	1.036055663634e-05	0.00113568277624904
ENSAPLG00000011748	151.793835457923	1.35105263325547	0.530175443290143	1.50486915015813e-05	0.0015620997799596
ENSAPLG00000011810	480.686349100844	3.482402903871	0.498777092899724	3.36509875699688e-13	1.77340704493736e-10
ENSAPLG00000011856	254.462072225154	0.590378219530773	0.160518297336321	9.82598682860115e-06	0.00108577154456043
ENSAPLG00000011873	137.311805435541	-1.12059560134331	0.579231635220819	7.03624855071861e-05	0.00549864050837587
ENSAPLG00000011904	65.4227871077276	0.624138316281223	0.274511443326966	0.000169492497878413	0.0105085348684616
ENSAPLG00000011950	397.336285474249	2.38930926918332	0.357408290799486	7.27352041183026e-12	2.4307750410463e-09
ENSAPLG00000012209	372.616568449024	0.894197194328778	0.347747388087202	1.74966938424444e-05	0.00177584962243832
ENSAPLG00000012345	16.6149277130798	-0.967506144382359	0.996258479647005	0.000814539694476753	0.0361191679408429
ENSAPLG00000012358	745.78909694379	0.646457122964694	0.152408517749187	6.06990817429038e-07	9.45112293228713e-05
ENSAPLG00000012383	12.3153516713048	2.4015720002396	1.87155871391268	0.000115571525417293	0.00791780520633874
ENSAPLG00000012416	28.6337032474832	-1.21986747076838	0.554394155497898	3.51735969456053e-05	0.00314017857281337
ENSAPLG00000012517	85.9196995209403	-0.732025252130689	0.316476092412331	7.50132252571294e-05	0.00574207381269937
ENSAPLG00000012624	396.870616099338	0.752839172358608	0.30166657766152	4.43014257813126e-05	0.00377029898171146
ENSAPLG00000012641	112.00661581042	1.66286381082286	0.40201516915982	2.65700573554049e-07	4.38630031185251e-05
ENSAPLG00000012663	38.7499855124736	-0.739058107700054	0.636520246941453	0.000675677715384279	0.0311721752733851
ENSAPLG00000012682	111.004099421582	1.33431667243972	0.431539419423096	2.83712201527893e-06	0.000373790825512999
ENSAPLG00000012721	25.9501504051051	2.44747295419326	0.603913775418981	1.55253888685078e-06	0.000221592581537806
ENSAPLG00000012752	399.242444589872	3.23994766421774	0.541777929635142	3.25737059828864e-10	8.11499853413654e-08
ENSAPLG00000012819	188.06792987354	-0.613718202277706	0.205449271175907	4.8169670738863e-05	0.0040742026448389
ENSAPLG00000012902	1322.51800556605	-0.594459781998635	0.142233507608486	1.54488054917198e-06	0.000221592581537806
ENSAPLG00000013129	333.420025833543	0.633068012287058	0.264516032974066	0.000129351620821504	0.0085210380216166
ENSAPLG00000013187	278.954721395685	3.57859681237991	0.442577757113888	6.47735612002377e-17	7.39606112971381e-14
ENSAPLG00000013222	314.48673348632	-1.0589683852408	0.364891994060517	4.06080252577466e-06	0.000496795680430039
ENSAPLG00000013226	3017.41081828016	2.71196327483875	0.307524222806179	3.32208170905199e-19	7.58652726290505e-16
ENSAPLG00000013335	28.7499125849056	-1.02574287332755	0.533850338057775	7.67979135427501e-05	0.00581372934454565
ENSAPLG00000013348	206.995532006683	3.48598143881328	0.529131190430391	5.04394646357205e-12	1.77210652420165e-09
ENSAPLG00000013566	256.257292841884	0.945372498066979	0.337458999863325	7.17590414802898e-06	0.000805936382264698
ENSAPLG00000013999	251.564460704046	1.96186706716301	0.517349880279789	1.7549491213616e-06	0.000242892049099967
ENSAPLG00000014022	40.4211496504879	1.21259537934229	0.711328842409276	0.000123147523012996	0.00835330376398055
ENSAPLG00000014057	496.593240950113	1.25090693860264	0.306969048879321	4.52383554365897e-08	8.49117734509797e-06
ENSAPLG00000014262	499.665313457985	1.79068581929248	0.286043773916556	3.57787435649336e-11	1.06573987897113e-08
ENSAPLG00000014266	594.842590478776	0.752471064489988	0.277217235904066	2.63622835284045e-05	0.00249114488900827
ENSAPLG00000014412	272.224404255685	0.621451750526001	0.438849295404358	0.000614188815311039	0.028919639681759
ENSAPLG00000014526	309.272934565774	0.843274160182625	0.378110982041118	5.22058324194996e-05	0.00428337913659871
ENSAPLG00000014563	16.4804198218528	-1.36127931082264	1.14492361130902	0.000392649872277212	0.0206926482690091
ENSAPLG00000014604	835.510744241136	3.20074475607153	0.469181040998661	1.45990500808619e-12	5.88341718258735e-10
ENSAPLG00000014622	132.478249585134	-1.14726970290318	0.884741877090728	0.00033525873858635	0.0185579877779322
ENSAPLG00000014881	305.6556901338	2.56304699927065	0.377735575571384	3.44976458674242e-12	1.31301873243179e-09
ENSAPLG00000014958	53.2882537663613	-0.663789273379625	0.398832900903982	0.000346400030706694	0.0189098534690961
ENSAPLG00000015016	19.5606905977209	-0.616455238219526	0.52483180990681	0.000907797384955984	0.0389926011556956
ENSAPLG00000015091	888.012201664282	2.88435616487883	0.42835383217357	3.77869183771313e-12	1.39934150163095e-09
ENSAPLG00000015111	60.2218324994164	1.3332247055177	0.55691947070263	2.24442225004403e-05	0.00218106905461726
ENSAPLG00000015276	229.819078073588	0.628850722202397	0.285242827501543	0.000183030908708226	0.0111959353175005
ENSAPLG00000015518	263.123841868969	3.09736457420521	1.25370654677837	2.01084068407511e-05	0.00199656080095632
ENSAPLG00000015723	8.16100596558816	1.2766141827375	1.68617592550669	0.00061400009969569	0.028919639681759
ENSAPLG00000015729	110.261462508253	-1.2545010633616	0.718549762102529	0.000111358700336778	0.0077694656873518
ENSAPLG00000015787	2340.41656758564	-0.673047534310066	0.136158732746233	1.63317891535116e-08	3.19683107116308e-06
ENSAPLG00000015955	348.609367648242	2.62394786380411	0.352887021654156	3.11221872759867e-14	2.03064861931224e-11
ENSAPLG00000015976	377.04731900474	7.25743364664395	0.824264916692547	1.85823598907124e-21	6.36538738056353e-18
ENSAPLG00000015989	174.318039669348	0.629894438997138	0.567159754681679	0.000970123991170355	0.040774966033792
ENSAPLG00000016019	7.7611520579638	1.57737181054378	1.94953567741564	0.000294082776585237	0.0166509182015327
ENSAPLG00000016029	428.226359468773	-0.671710314772237	0.221759363603919	2.46021924879654e-05	0.00234096695465348
ENSAPLG00000016046	446.272720793495	-1.93500686120099	0.657301108745433	1.17367295078968e-05	0.00125638021654064
ENSAPLG00000016221	255.076542943587	2.26538602152146	0.360749105379402	9.44161874381892e-11	2.58738120055614e-08
ENSAPLG00000016231	189.430559288145	0.627072709174859	0.349454823193177	0.000345510262772535	0.0189098534690961
ENSAPLG00000016336	284.27077608404	-0.953697387788193	0.430294557100457	3.95197558375458e-05	0.0034381969287454
ENSAPLG00000016802	41.9764865628138	0.810834310563767	0.605338571277989	0.000403502181226533	0.021102240027351
ENSAPLG00000016901	8.39784303414417	1.93153189021303	1.18963420167277	0.000136013071502742	0.00883246969540555
ENSAPLG00000017062	14.5618722840656	0.876371102237186	1.02455171051959	0.00115944024753292	0.0468738352864924
ENSAPLG00000017215	213.534492806065	3.17600366867209	0.475843994892892	4.12511214201264e-12	1.48742859394361e-09
ENSAPLG00000017228	34.3285987065439	0.900492823121405	0.85254965336806	0.000699156791093795	0.0319328211718906
ENSAPLG00000017490	274.580941776928	4.57702443581457	0.754417838800946	3.26022630641545e-11	9.92702685566767e-09
ENSAPLG00000017783	42.2572194987758	4.72702116378713	0.661730128385846	2.02103002642468e-14	1.38460767110355e-11
ENSAPLG00000018026	3.38934260826637	0.903906942562608	1.5552592714054	0.00102838201151892	0.042699667641916
ENSAPLG00000018116	913.272004701417	0.670856810704893	0.195651463318034	8.27789538361599e-06	0.000922144085742327
ENSAPLG00000018151	84.6646270698837	-1.73325599833275	0.893205098831504	7.84766594367406e-05	0.00590817136045176
ENSAPLG00000018379	24.1081623310909	0.740085056710586	0.653762999538158	0.000717431096152893	0.0324430392062275
ENSAPLG00000018446	805.69339784732	2.72958798439961	1.15055008439795	3.0160349798376e-05	0.00277353767072046
ENSAPLG00000018946	132.98712892471	1.92252754558198	0.899495421487337	5.50521873283319e-05	0.00446346195723552
ENSAPLG00000018970	390.982783325127	1.84269264084902	0.298191506943437	7.15629929250518e-11	2.00113495726339e-08
ENSAPLG00000019004	62.4311853927794	1.46335769853177	0.567619772715086	1.59074622160588e-05	0.00163882742319126
ENSAPLG00000019041	112.258606774828	2.01391884406874	1.52445192906266	0.000194660619280452	0.0116473353946758
ENSAPLG00000019231	7.26655430344153	-2.17513755676751	1.4499316266026	0.000137949237555141	0.00891594553292711
ENSAPLG00000019373	65.7022228351743	0.631055076453584	0.363108326335724	0.000366727211292317	0.0194763420508811
ENSAPLG00000019404	110.558239101914	3.32874162227865	0.560258728422417	3.70546346284896e-10	9.06647506570651e-08
ENSAPLG00000019496	1141.34012594288	1.83559319519518	0.280642219365208	8.26862707174641e-12	2.6975411461207e-09
ENSAPLG00000019747	70.5661616309754	0.639584015850232	0.487040097759825	0.000668346883303106	0.0311721752733851
ENSAPLG00000019749	294.957825717812	2.99334685442486	0.390465155744134	3.74332499985845e-15	3.4194026098707e-12
ENSAPLG00000020060	107.474105859586	2.4023640690097	0.338444746942053	4.21274611409956e-13	2.06153740197829e-10
ENSAPLG00000020378	110.157050734092	-1.03742542045553	0.577396499181176	0.000103913957839433	0.00741577630372873
ENSAPLG00000020439	53.0350273264748	4.37596965856779	0.652087104277702	6.6634765767591e-13	3.04343186849177e-10
ENSAPLG00000020648	15.648171785891	1.95748374550093	0.959936554605612	6.57923162556021e-05	0.00527184980897228
ENSAPLG00000020652	189.267466760074	0.881203107254434	0.231181642769307	2.05074963615538e-07	3.59537412561804e-05
ENSAPLG00000020790	78.3951948426478	5.02665959220988	0.873398596553573	1.12930177206232e-10	3.03405742760743e-08
ENSAPLG00000020802	48.8423859541535	3.79016386532603	0.645773385740925	3.16013479405056e-10	8.01854943482978e-08
ENSAPLG00000020959	160.702704648144	0.608371143852041	0.18042114932193	1.97776604703082e-05	0.00197805477200119
ENSAPLG00000020982	33.1596577797594	1.33538294002109	0.836427179455281	0.000158952370827437	0.0100367068436753
ENSAPLG00000021360	20.189660335617	3.04029729554019	1.03685062380574	1.13758041642564e-05	0.00122733282408379
ENSAPLG00000021388	98.8070485449319	1.2166163812946	0.592216707970246	5.14917376981859e-05	0.00425023969843701
ENSAPLG00000021440	228.364654878559	1.16258721753615	0.587673395057399	6.24457091441745e-05	0.00503312415702047
ENSAPLG00000021604	28.0350441588364	2.54241367061874	0.891239452222644	1.61199173808438e-05	0.00164832170113672
ENSAPLG00000021772	71.9732317735304	0.675978084833409	0.410053634725754	0.000335891181501035	0.0185579877779322
ENSAPLG00000021783	34.0136739878437	0.956766813998201	0.713263865541459	0.000333801158875209	0.0185579877779322
ENSAPLG00000021906	12.5540307023904	-1.64348293354402	0.971225083264919	0.000128643101518918	0.00851530327059041
ENSAPLG00000022011	53.0887568503644	4.71753458549371	0.703617487107672	4.41228995510334e-13	2.08473092982158e-10
ENSAPLG00000022099	21.613244273377	-2.45968708037377	1.09798827865477	4.20004064110169e-05	0.00359680980402346
ENSAPLG00000022262	2277.15134837344	4.28774078318913	0.815686720156959	4.78475326025763e-09	1.00862598726231e-06
ENSAPLG00000022275	14.9157774272451	2.32785153124667	1.27010378022048	8.03533000756113e-05	0.00601639845702747
ENSAPLG00000022295	468.853464624528	1.99110084567555	0.347625487149044	1.34827648478542e-09	3.07901406575498e-07
ENSAPLG00000022634	54.2290626079753	2.5951171597902	0.606680806463203	9.10844388741107e-07	0.000135656411027507
ENSAPLG00000022691	232.662174912486	0.736154366308494	0.400425889877648	0.000185113833070668	0.011223140445727
ENSAPLG00000022699	38.0194110743109	-0.858730017637175	0.412664916767172	7.06291584786274e-05	0.00549864050837587
ENSAPLG00000023034	120.624577554623	1.2002673807285	0.274256976097934	8.84627048870358e-09	1.78252350347377e-06
ENSAPLG00000023306	90.0113524736106	0.594066482115101	0.309096118201461	0.000356324863100336	0.0191387553166252
ENSAPLG00000023370	164.606193462173	4.02954844364266	0.478543589000578	2.17656663108795e-18	3.7776293763755e-15
ENSAPLG00000023730	300.174863621857	1.75720070324459	0.564119787512707	6.50452649447979e-06	0.000753365137601486
ENSAPLG00000023763	979.892109924696	3.00667226505968	0.333614750877768	4.28321461021705e-20	1.17377213178388e-16
ENSAPLG00000023847	27.4713280405535	0.830391268661754	0.502741002682859	0.000198515325572105	0.0117784518206262
ENSAPLG00000024911	13.8745912159259	1.21767136536767	0.856156602372336	0.000243018445685616	0.0141695265650396
ENSAPLG00000025168	70.4551360171574	0.946323630133736	0.604827658778437	0.000198571184539823	0.0117784518206262
ENSAPLG00000025543	6.09714782827008	-0.986294901309867	1.52194171942036	0.00105858131525385	0.0436887987397839
ENSAPLG00000025609	142.720433157566	1.11014254327294	0.787005207997122	0.000257813583982634	0.0148426963350002
ENSAPLG00000025655	260.755105195056	2.19868422495534	1.6236790272609	0.000153857255014501	0.00975996346392916
ENSAPLG00000025790	38.8934634999133	-0.586845052713653	0.376134027443616	0.000600182436839482	0.0284557084760366
ENSAPLG00000025822	92.0862572733805	1.33195786934756	0.63792731433742	4.91150312318838e-05	0.00412867581557835
ENSAPLG00000025863	184.675007541044	2.60116252389048	0.371614196445065	7.60345624319555e-13	3.36072765949243e-10
ENSAPLG00000026217	5.94674100628357	1.4491764437665	1.71436644727941	0.000483731249686801	0.0240148028377121
ENSAPLG00000026262	99.5275254262685	0.716174986796666	0.266612293977283	3.73057608522639e-05	0.00329782925934013
ENSAPLG00000026479	99.3649452298135	0.788154478528989	0.379011247549561	9.17030232494096e-05	0.00679197202466709
ENSAPLG00000026828	135.032317669621	0.861190063065267	0.294478592682985	6.97820464096548e-06	0.000796794666587576
ENSAPLG00000026902	12.207398141302	1.87410042907943	1.01475279450797	9.36741464901434e-05	0.0069006621247739
ENSAPLG00000027117	473.887123167025	2.10875437188736	0.325090602120423	2.30404689805229e-11	7.17501149934373e-09
ENSAPLG00000027465	50.8554888191954	5.14173060597873	0.623012529163151	2.20559297993023e-18	3.7776293763755e-15
ENSAPLG00000027592	21.7572752609955	2.2201628776798	0.40820302789319	8.77152667482866e-09	1.78252350347377e-06
ENSAPLG00000027650	48.18963060295	3.13025073870232	1.57480816166613	3.19397619369338e-05	0.00287920143460438
ENSAPLG00000027911	91.1896361447257	0.658868216210941	0.307254006416238	0.000163923803519439	0.0102560911224811
ENSAPLG00000028063	43.1648346775868	1.0092079513186	0.522316985517797	7.5935739237881e-05	0.00578039721687469
ENSAPLG00000028203	20.3996376504368	-2.26393145733505	0.986150996198954	4.11720361675195e-05	0.00354804553187014
ENSAPLG00000028532	23.1631324279138	2.49309469673968	0.562208373790011	5.61835605440067e-07	8.84858789165494e-05
ENSAPLG00000028638	17.8907632182723	-0.676403317713958	0.637015455879449	0.000945377509511591	0.0401039090877022
ENSAPLG00000028652	607.925471703043	2.13541462564967	0.280122515005108	8.81913295869286e-15	7.10822116470644e-12
ENSAPLG00000028701	12.5406686215188	1.899218466533	1.03831565692653	9.63385861900001e-05	0.00702144312752863
ENSAPLG00000029084	172.144604436184	3.48786232338426	0.466096455093981	8.44643103775804e-15	7.10822116470644e-12
ENSAPLG00000029333	476.776232666769	-0.774827463558844	0.382476775306189	0.000108632567398808	0.00764160834160983
ENSAPLG00000029440	26.8525430640755	-1.43554180452901	0.568948216780621	1.77298331883417e-05	0.00178628069372543
ENSAPLG00000029676	46.1908660342475	0.7354908432125	0.336581502211912	9.52763799582561e-05	0.00698116020421404
ENSAPLG00000029702	24.3347286349258	-0.766093975716734	0.670967798633094	0.000671012149412473	0.0311721752733851
ENSAPLG00000029718	161.354489962653	2.33669880677294	0.348903271663392	6.74236802519026e-12	2.30959816702892e-09
ENSAPLG00000029767	160.204780099149	-0.79568923622374	0.589204804207758	0.00040541541504631	0.021121680672869
ENSAPLG00000029863	240.272286888094	0.75868281382512	0.569892290135894	0.000456047604724599	0.0228892464466537
ENSAPLG00000029868	60.0721077767963	1.37234033403158	0.296366471581315	7.23301284370327e-09	1.50161730279428e-06
ENSAPLG00000029878	13.2079255582738	3.74976066296849	0.825097325788684	2.09568147571423e-07	3.59537412561804e-05
ENSAPLG00000030402	16.4772446803068	-0.975012109342298	0.673147330124333	0.000254334040349097	0.0147041562061744
ENSAPLG00000030443	517.405196151182	2.55417518569027	0.340019217559943	1.8452353360553e-14	1.33070603024367e-11
ENSAPLG00000030505	71.3530034372083	-1.51581244263258	0.479121480648338	3.52625429827339e-06	0.000439288662231012
ENSAPLG00000030872	114.626748450809	0.686215762527723	0.278034300287488	7.48693682446037e-05	0.00574207381269937
ENSAPLG00000031023	57.8162046404991	4.15734481824537	0.684969181676515	5.71205625466813e-11	1.66524669790346e-08
ENSAPLG00000031101	689.083093059752	1.82347462670602	0.340180235593091	4.35099649857339e-09	9.31521156616447e-07
ENSAPLG00000031188	10.5662141677364	-1.42332169749824	1.5814739368236	0.000537517229460525	0.0262101817724844
