gene	baseMean	log2FoldChange	lfcSE	pvalue	padj
ENSAPLG00000000587	480.013790027996	-0.582702909563615	0.34747728935712	0.0024673521687426	0.0409235892127357
ENSAPLG00000000588	115.389093231454	1.21370401852029	0.637646047508506	0.000159909243554352	0.00644242900036034
ENSAPLG00000000660	10.2540069337418	-2.43276312748671	0.965656202149919	1.88708418665877e-05	0.00140020041568027
ENSAPLG00000000674	25.9234255224224	-1.79155144542011	0.695524304638377	1.71661941043852e-05	0.00132172903542387
ENSAPLG00000000692	946.770364533163	0.690637330341505	0.319117556245618	0.000430166286448804	0.0125759822908615
ENSAPLG00000000708	44.1588348785069	-0.608208087004062	0.413798159383319	0.0030611106475184	0.0464297535157237
ENSAPLG00000000805	22.304506172486	-0.65348338926485	0.520566313268671	0.00329706788396883	0.048461433140943
ENSAPLG00000000904	821.372597283559	-0.595186783267683	0.40800244143904	0.00336173723916565	0.0489254143931964
ENSAPLG00000000975	116.731419740306	0.717979945368927	0.394952389664036	0.000874834054146251	0.0204877510356574
ENSAPLG00000001014	32.8472821079445	-1.06818196468955	0.496632035819282	0.000118392796436085	0.00518046374405529
ENSAPLG00000001018	844.430010908664	-0.589945073429103	0.316016530422887	0.00158794546860857	0.030175500890616
ENSAPLG00000001038	22.0864245587016	1.01619654627488	0.862491919645011	0.00111591290707957	0.0239804095153028
ENSAPLG00000001046	62.1126995524713	1.07826056203818	0.478163850722037	8.86654825597694e-05	0.00422734139430126
ENSAPLG00000001050	2203.24844358729	-0.646782933791863	0.423462938718749	0.00224175195829697	0.0385766941128929
ENSAPLG00000001126	52.4080460620813	-0.71644872281555	0.322724789379395	0.000326200016522131	0.0106335293161698
ENSAPLG00000001183	1729.21804048598	2.25385444447492	0.487328577748902	2.5033865928715e-08	6.28302801101447e-06
ENSAPLG00000001205	18.0223100303383	-1.39865117729689	0.881094808772376	0.000256404582730153	0.00885894482980907
ENSAPLG00000001225	188.127428046937	3.45733224963084	1.02393790125203	2.36557611081497e-06	0.000273625160226615
ENSAPLG00000001299	158.198897542096	-0.765906970525914	0.274218282754896	4.70037027354867e-05	0.0027066807523266
ENSAPLG00000001404	105.029328324357	0.687046213001266	0.323945040713227	0.000490850806318164	0.0139356919157334
ENSAPLG00000001428	8.38158810620162	-0.732991643700264	0.780502722822249	0.00345494995226833	0.0494134162156832
ENSAPLG00000001464	172.577138918991	0.600172208074606	0.268505995025649	0.000603394033350653	0.0157688554648927
ENSAPLG00000001467	416.709823168969	1.56331583613817	0.715930613057693	5.24415353069482e-05	0.0029065720943876
ENSAPLG00000001586	50.0981229947962	1.23645398573789	0.785997771445727	0.000330666056463685	0.0106514353638793
ENSAPLG00000001610	4249.24622160036	4.44389016261427	0.799611233115951	4.68946767437006e-10	1.94935309388971e-07
ENSAPLG00000001630	21.6710229586141	-1.12856347007005	0.593650751348144	0.000189619560600582	0.00718609514276051
ENSAPLG00000001741	176.422788960472	-0.880646391582055	0.269191496564836	6.48664785910588e-06	0.000607643590294553
ENSAPLG00000001752	17.2508097501769	-0.657826174438501	0.532819500025424	0.00331814551592264	0.0485386967309319
ENSAPLG00000001777	17.0435170194057	-1.55824214543534	0.756201141844821	7.15880309068693e-05	0.00361150890523831
ENSAPLG00000001811	74.9119730478845	-1.15843972361752	0.448919568179895	3.11826821415501e-05	0.00198465089878899
ENSAPLG00000001873	9.60472792979017	-1.20726010669635	0.864932619924702	0.000508306299834766	0.0141750322859582
ENSAPLG00000001879	111.174351285933	1.49699902395191	0.596774756881977	2.35903716141628e-05	0.00160922627287997
ENSAPLG00000002002	161.480213648531	0.627673536226159	0.187506318941083	1.37394555271045e-05	0.00111371016124395
ENSAPLG00000002127	8.84629114838375	0.784623948000381	0.978918939154035	0.00322469318923817	0.0478203665588028
ENSAPLG00000002201	475.052077796121	0.832770461411801	0.385227778897605	0.000234391514767702	0.00833656665625663
ENSAPLG00000002202	180.450535878662	0.653611200528679	0.362754731819455	0.00125763367274901	0.0256350424771853
ENSAPLG00000002204	214.81874617875	1.63783217085351	0.45146490635419	6.94543214989474e-07	9.52455035648452e-05
ENSAPLG00000002247	10.4988041497709	2.21502975465008	1.00713934971171	3.91643175979804e-05	0.00231762479103455
ENSAPLG00000002251	88.5217063613542	2.10999883273489	0.851632089937913	2.14371647224738e-05	0.00150082718493867
ENSAPLG00000002252	1426.83812267756	2.88500467336953	0.451325066298955	8.14594070735257e-12	4.92533196769109e-09
ENSAPLG00000002467	93.5499602815625	-0.796103694310679	0.418337464794086	0.000511521659785112	0.0141766800475416
ENSAPLG00000002477	209.66360435651	0.683855870531342	0.210624455843285	1.38983526361823e-05	0.00111371016124395
ENSAPLG00000002489	636.014508070768	-0.68801834685696	0.392280054298773	0.00116398163265919	0.0244988665785325
ENSAPLG00000002518	37.7509985076392	-0.831216929891227	0.404974286275178	0.00031116349956863	0.0102962608737859
ENSAPLG00000002562	32.552825309203	-0.913179574107591	0.504298573440307	0.000412647596553386	0.012252317699449
ENSAPLG00000002569	192.487756294433	1.07707444023447	0.35757896490421	1.04201416869441e-05	0.000866304529498316
ENSAPLG00000002645	162.782282047249	0.747501207905211	0.306016339851923	0.000150890320185346	0.00621406513654947
ENSAPLG00000002646	12.1729181139332	-0.944550755929196	0.764137989989062	0.00119444377305909	0.0250212457783181
ENSAPLG00000002692	101.931696838565	-0.842266232481547	0.306260191730677	4.15522415612909e-05	0.002424245251089
ENSAPLG00000002703	492.785516236347	-0.81640785584733	0.170685356945336	1.03400265943151e-08	2.64505834149192e-06
ENSAPLG00000002731	91.4501769390787	-1.22488218230194	0.45834611036289	2.13003117143868e-05	0.0014991362244697
ENSAPLG00000002735	382.498273403508	0.800803389102042	0.2571083581451	1.38760067097595e-05	0.00111371016124395
ENSAPLG00000002789	87.7698194015879	0.708790600232818	0.286210280090239	0.000162898706209696	0.00646829429851156
ENSAPLG00000002800	292.328038855531	0.73205454828092	0.48530626813709	0.00152842863601953	0.0292534643400458
ENSAPLG00000002803	175.507918879316	-0.802088777159738	0.279553455428091	3.211263400829e-05	0.00202446567572641
ENSAPLG00000002842	43.3102324210542	0.794133392290146	0.519763206227661	0.00113718944997116	0.0241601066540752
ENSAPLG00000002875	26.0566663406684	-1.68279435404255	0.586927982520911	7.83564660483299e-06	0.000698767077944584
ENSAPLG00000002904	2931.32514975855	2.3795573447057	0.47412694740306	5.46852622277206e-09	1.73196037655509e-06
ENSAPLG00000002915	2117.56990169183	-0.855668564061348	0.337993009288499	7.76061289865281e-05	0.00380928681837194
ENSAPLG00000002921	604.844347374703	-1.12866893814999	0.270341057296028	1.57266294013224e-07	2.78927499061854e-05
ENSAPLG00000002945	211.315263099665	-0.827833783122656	0.364574109769652	0.000178754710214845	0.00686629112425231
ENSAPLG00000002959	1037.00851180656	0.98579813385652	0.546635713112384	0.000337173681966274	0.0107298667883143
ENSAPLG00000002963	51.0976095530365	2.91434325836173	0.72985103270808	5.55434807036994e-07	7.69624354500635e-05
ENSAPLG00000002980	122.415858253589	-0.864380076205674	0.445603986647297	0.000362080022052846	0.0112532440498761
ENSAPLG00000003048	50.3447429833554	-0.619452317257744	0.279528344326866	0.000560422542681989	0.0150905681432304
ENSAPLG00000003056	10.9373286304618	-1.34955646764473	0.845863016895292	0.000267499973063432	0.00915495491392731
ENSAPLG00000003084	216.583664638644	0.667615763168636	0.36620857373254	0.00111330438992769	0.0239630663346572
ENSAPLG00000003169	35.7487412168757	1.32973207700047	0.596071829243578	5.90482168810715e-05	0.00314183752380805
ENSAPLG00000003217	105.049058824058	0.609632167969785	0.315169316115172	0.00120394015265645	0.0250623034595245
ENSAPLG00000003321	15.563251047705	-0.99860496116695	0.572827393326472	0.000372441277540515	0.0114416024800091
ENSAPLG00000003342	14.1451513305514	-1.96170927822352	0.882893745118112	4.00783987621084e-05	0.00235716141783029
ENSAPLG00000003440	83.2832464602496	-0.691003108519892	0.291537557555364	0.000243068702411322	0.00859920180711542
ENSAPLG00000003442	5.00477148266837	-0.980259618523815	1.07135165736779	0.00175349050433371	0.0323059981837216
ENSAPLG00000003452	74.2472580337681	-0.91462072409174	0.359420791332056	6.23803771882865e-05	0.00324028495421196
ENSAPLG00000003473	133.558786147707	-0.796001344400249	0.283571354112587	4.02252023641163e-05	0.00235716141783029
ENSAPLG00000003551	764.791097999693	0.899836803860432	0.447568747515081	0.000270662805055511	0.00923168367397027
ENSAPLG00000003600	686.986379775819	1.01893745576141	0.299467504944974	3.21820469005445e-06	0.000338904613959773
ENSAPLG00000003627	203.095652300318	4.17854075485169	0.533574815275747	1.7933438038859e-16	5.76464404916533e-13
ENSAPLG00000003656	2754.73419422735	-0.819490611553873	0.333755348514584	0.00010968462355008	0.00492913804886206
ENSAPLG00000003724	15.8974031359532	-0.629039663591063	0.478941364320823	0.00345098293445991	0.0494134162156832
ENSAPLG00000003847	72.4126487523119	-0.661347228207933	0.258283514418973	0.00016220947080909	0.00646021072066621
ENSAPLG00000003895	312.271986733834	1.75727840495656	0.415484910766851	6.87768228168162e-08	1.44014305377628e-05
ENSAPLG00000003957	9.17698444634544	-2.33591792542874	1.02179054148811	3.14312519115482e-05	0.00199094529965435
ENSAPLG00000003998	54.1207722954609	-0.585591243097287	0.285652581728896	0.00106681719384653	0.0233936598681656
ENSAPLG00000004025	58.3005579987284	-1.03051720395941	0.762350015024994	0.000781577007914981	0.019146477641409
ENSAPLG00000004146	87.0876851727877	-1.49036058624102	0.628468085919153	3.42089420306729e-05	0.00209699238199083
ENSAPLG00000004175	129.982934674567	2.82593974884721	0.705713019274845	5.13024442987953e-07	7.25984163896356e-05
ENSAPLG00000004206	157.42278547926	-0.91753226101165	0.278637034710197	5.5940945860745e-06	0.000535342778301892
ENSAPLG00000004223	20.9026795164424	-0.689402370331212	0.397899525174141	0.00120899204498132	0.0251281440349087
ENSAPLG00000004227	42.5450041127028	-1.51132988236175	0.640433262526327	3.46485090225326e-05	0.00211419480283362
ENSAPLG00000004246	13.426392739461	-1.31030060482166	0.645486510768118	0.000100719205713218	0.00466817726270811
ENSAPLG00000004264	155.137490368727	-0.879559706037908	0.388662023275766	0.000152349071839372	0.00623553031879176
ENSAPLG00000004271	154.456078712802	-0.905421992568605	0.324848385135079	3.08962184223815e-05	0.0019829045200235
ENSAPLG00000004272	701.090033222005	-2.13422467875644	1.04377150559162	5.58717309613613e-05	0.00303290475659048
ENSAPLG00000004273	38.9069110729791	-0.964079488482196	0.355899922091364	3.36991615116275e-05	0.0020947020861106
ENSAPLG00000004421	45.1698447515278	2.02666936546976	0.485601833382737	1.11890595933457e-07	2.09629395367161e-05
ENSAPLG00000004461	328.221494357498	-0.6291922858133	0.458069929770908	0.00316275767235042	0.0472177357548881
ENSAPLG00000004486	15.3996170216651	0.964859780683961	0.736463696438235	0.000990919062593937	0.0224170159364363
ENSAPLG00000004495	162.377627161644	-0.792116951544201	0.28408915317307	4.33500353475863e-05	0.00250713987040692
ENSAPLG00000004505	10.7929628796007	-0.757274713599263	0.635200274742353	0.00230174820823346	0.038859493869983
ENSAPLG00000004576	144.99111311638	0.704057337716742	0.306164216538968	0.000278138239155166	0.00943825218684189
ENSAPLG00000004578	36.5310631948804	-0.729115581773982	0.557157691677297	0.00216339578573375	0.0376668726987308
ENSAPLG00000004603	72.3564501817456	2.17871671520306	1.52365175314821	0.000150142290106562	0.00620246193477479
ENSAPLG00000004625	318.270602790276	-0.601616381435976	0.277817209305017	0.000717638454458398	0.0179099938484158
ENSAPLG00000004628	175.37135202339	2.17003254824856	0.493204318342515	5.56608707776897e-08	1.23400150514138e-05
ENSAPLG00000004640	540.391036709297	0.678732474420642	0.309954432930834	0.000427453015086765	0.0125518322443359
ENSAPLG00000004691	72.2055141295234	-3.05656628521164	0.573066431617962	3.34944620830099e-09	1.08669106006877e-06
ENSAPLG00000004706	385.082250443712	1.2983286287968	0.314078406925555	1.4480978364985e-07	2.63871197549357e-05
ENSAPLG00000004770	164.002854860954	0.580575319817264	0.299788164659072	0.00144234528552224	0.0283398478404975
ENSAPLG00000004803	35.0740293606512	0.710122604982336	0.504084163699922	0.00200454195201472	0.0356953374105754
ENSAPLG00000004813	146.076279290238	0.781591968043745	0.394991436089029	0.000453664121611263	0.0131030831037907
ENSAPLG00000004825	84.2358122178719	1.94849044697048	0.792456525159134	2.27214426346164e-05	0.00155794139136942
ENSAPLG00000004875	210.143445966056	-3.19479278733859	0.440060705337467	2.94193390038683e-14	3.55760043117687e-11
ENSAPLG00000004879	4.59806968480301	-1.28999816235326	1.2796837369832	0.000843776194004651	0.0199713717662809
ENSAPLG00000004885	68.3050545536674	1.07922011987773	0.400795470912754	2.68960506975302e-05	0.00177114488306211
ENSAPLG00000004899	3639.91422847891	-0.588159165398967	0.180463496279053	2.62102241411969e-05	0.00174324200763101
ENSAPLG00000005054	50.2585995444815	-1.60011317251633	0.490666616032985	2.42170543722504e-06	0.000277702807982478
ENSAPLG00000005073	2251.49689003902	0.581753610707308	0.38356669422064	0.00331653167125188	0.0485386967309319
ENSAPLG00000005074	136.604297980061	0.868162945828385	0.34999633076833	8.6509061185657e-05	0.00413936522263169
ENSAPLG00000005101	1767.54854009109	-0.899444768322793	0.358284177474923	7.20191974804914e-05	0.00361509194296414
ENSAPLG00000005103	66.8251593082154	-0.745647418585113	0.267142791519926	5.12954763870007e-05	0.00287903977594888
ENSAPLG00000005104	592.078348982437	0.690101136301739	0.496246252657908	0.00226523587273061	0.0386962061592795
ENSAPLG00000005182	296.525569816249	-5.73474865125741	0.878380410315948	7.48256288556292e-14	8.29442095864649e-11
ENSAPLG00000005186	467.305597371323	-0.949951547317111	0.4788898022481	0.000246242972159157	0.00861980004121345
ENSAPLG00000005202	38.1781398473885	-0.828600011454816	0.443282429406255	0.000486681025784052	0.0138625931584143
ENSAPLG00000005285	261.752465635784	-2.05951929091565	0.372780336482672	1.91595070512292e-10	8.49532542651504e-08
ENSAPLG00000005288	118.101070658863	3.73664524275729	0.532160444647047	1.23296072721831e-13	1.17148882810414e-10
ENSAPLG00000005361	47.937192969694	1.99386935469528	0.745835817102843	1.32109045745618e-05	0.00107810707147743
ENSAPLG00000005370	265.119050386543	-1.11995355008684	0.463330723177169	5.26814550646459e-05	0.00290775400526937
ENSAPLG00000005371	105.573257074244	-2.26664383003721	0.721809441446939	4.19911218833069e-06	0.000423155987342234
ENSAPLG00000005382	233.266807749215	5.19358385799768	0.632915715007172	1.59112603490333e-18	1.05825792581421e-14
ENSAPLG00000005434	129.689445122031	0.686722128248371	0.341932306473459	0.000653439596310134	0.0167800260813077
ENSAPLG00000005477	62.8046821277845	-1.33929858561315	0.606031412639305	6.14899391178052e-05	0.00323296114681836
ENSAPLG00000005479	2614.14608147461	1.35526637592304	0.529741843080592	2.39274856167013e-05	0.00161581266682671
ENSAPLG00000005487	29.8840063209659	0.645580035685678	0.449395912548027	0.00262902482835217	0.0425441463099033
ENSAPLG00000005489	67.132576961253	-1.18391933038683	0.428437315600228	1.77275270336682e-05	0.00134749465486774
ENSAPLG00000005501	455.258150901788	2.11503519678053	0.535780653968519	2.95791893978105e-07	4.68407592106757e-05
ENSAPLG00000005511	1056.10950082791	-0.654231372863331	0.315366511718642	0.00065906927312869	0.016827139100111
ENSAPLG00000005516	56.7181455900198	-5.43207212235662	1.2348066741342	9.13630915722838e-09	2.43062368818904e-06
ENSAPLG00000005565	425.076579504088	-1.07934436713703	0.379276213356764	1.71898303359141e-05	0.00132172903542387
ENSAPLG00000005706	150.419428621195	0.714030905144409	0.212893777873288	7.94304391687601e-06	0.000699724305842945
ENSAPLG00000005708	40.6708707533952	-0.784750978880437	0.602191486522008	0.00174996851430357	0.0323059981837216
ENSAPLG00000005711	106.222476078952	0.611703033660749	0.323454187956841	0.00131250425557352	0.0264529266782408
ENSAPLG00000005725	248.601817003363	-0.703736570818204	0.352428253686064	0.000617190189369355	0.0160348904277171
ENSAPLG00000005726	58.4984997887549	-0.607883029233281	0.356744973968027	0.00200413895016883	0.0356953374105754
ENSAPLG00000005745	412.401853018809	0.840838116549242	0.538936151614558	0.000896552778884718	0.0208860684145788
ENSAPLG00000005746	92.0467759132908	0.899550610350578	0.455232571458581	0.000294354415580603	0.00986272653917679
ENSAPLG00000005779	12.6307313448034	1.74099608639514	1.08833887013624	0.0001797642898834	0.00686629112425231
ENSAPLG00000005826	16.7525371072947	-0.606606070257767	0.420164467381323	0.00322112509048752	0.0478203665588028
ENSAPLG00000005868	140.259100821549	0.606316106839882	0.282531771298669	0.000731934873740492	0.018130721956231
ENSAPLG00000005891	12302.0681208283	-3.5995864953185	1.18998766521498	4.0069611718757e-06	0.00041000459621762
ENSAPLG00000006016	353.956286506204	2.43819489046364	1.52169799473254	9.13366879757585e-05	0.00430837100515439
ENSAPLG00000006048	118.447077653065	-1.30228190086325	0.289417249712456	3.16320755698392e-08	7.51374766482146e-06
ENSAPLG00000006060	5485.0353186659	-2.40428751178108	0.589278196122885	2.68317938048456e-07	4.35264050234215e-05
ENSAPLG00000006077	366.231315774804	0.701553863972146	0.520973374327221	0.00230200580134917	0.038859493869983
ENSAPLG00000006092	87.4708201700145	-1.22536871280946	0.802302658115771	0.000372430116429959	0.0114416024800091
ENSAPLG00000006095	412.918684417349	0.718185656871707	0.147123581946389	7.79825877172899e-09	2.28509279412083e-06
ENSAPLG00000006111	414.406789851568	-0.929518190849024	0.234400738615942	4.22925733564712e-07	6.15756559501006e-05
ENSAPLG00000006120	1595.53430469209	-0.997287262359979	0.418278722557784	7.74716881474989e-05	0.00380928681837194
ENSAPLG00000006136	41.0952209307205	-0.875056377230185	0.460609548294212	0.000382937330198359	0.0116909728898308
ENSAPLG00000006154	448.156861245898	0.737758446454745	0.367265015135345	0.000510208076081582	0.0141766800475416
ENSAPLG00000006168	9327.06169936881	-0.910540027127691	0.476509983746808	0.00033108816287351	0.0106514353638793
ENSAPLG00000006189	57.6448962488824	-1.66729606704184	0.769601279116504	5.12765768173577e-05	0.00287903977594888
ENSAPLG00000006239	111.339848858589	-0.674405235054543	0.303770886319317	0.000403117023123767	0.0121044303421949
ENSAPLG00000006360	154.133421361595	0.667863489902741	0.254309770970206	0.000127581901509557	0.00552799496377892
ENSAPLG00000006361	7.05705601765702	-1.24324046958725	1.15868687181278	0.000858548571808763	0.0201897619794846
ENSAPLG00000006461	362.211788623852	-0.77719314996839	0.479195135473364	0.00101487215831507	0.0227269856059042
ENSAPLG00000006477	8.13970037287497	-0.722951827141197	0.751750903922308	0.00349825404414162	0.04980763648903
ENSAPLG00000006478	22.106018126909	0.80080321109962	0.453868381907063	0.000685356128181577	0.0174003662051684
ENSAPLG00000006499	64.7598280458263	-1.08207257600948	0.345320164687152	7.04654022125295e-06	0.000646435020849012
ENSAPLG00000006524	97.900049966567	0.954820914243824	0.972208931578137	0.00173579932839567	0.0321582209837314
ENSAPLG00000006607	160.53086283486	1.31386735477929	0.611454211320777	7.44370222056308e-05	0.00370846917370524
ENSAPLG00000006630	24.5373114709192	0.641422184576791	0.419471895313844	0.00230030005274623	0.038859493869983
ENSAPLG00000006678	412.425774263518	-0.614382428282855	0.269835613186404	0.0004913426182889	0.0139356919157334
ENSAPLG00000006753	154.614130072876	-0.599159393121064	0.403017632477086	0.0031390696348758	0.0470224147332408
ENSAPLG00000006787	385.847452000852	0.850902703722624	0.4310424688423	0.000350339024630758	0.011060383108584
ENSAPLG00000006853	9.38018741868679	1.22090741131242	0.930411494974392	0.000589517842472431	0.0156286963050312
ENSAPLG00000006857	29.8505765738529	-0.7814514900865	0.561401524684302	0.00152734632643121	0.0292534643400458
ENSAPLG00000006904	528.885711185537	0.730261676616276	0.749248816149513	0.00336094480079596	0.0489254143931964
ENSAPLG00000006912	153.881373521338	-0.630928025301693	0.203166968685854	3.247892028584e-05	0.00203789904548228
ENSAPLG00000006913	137.147452068498	-0.58927142517804	0.188671479765154	4.21067265278641e-05	0.00244586758198099
ENSAPLG00000006978	12.1644796335397	-1.7472832118949	0.84927927292709	6.4170184140725e-05	0.00329572119474874
ENSAPLG00000006979	798.832112086158	1.48566933093458	0.296916905076728	2.18101280876166e-09	7.63469273214409e-07
ENSAPLG00000006987	256.628508577902	2.84592707783565	0.433540366413139	2.63346034357446e-12	1.84369944685408e-09
ENSAPLG00000006988	156.815924509429	-0.626884890887649	0.374732510117202	0.00190777594087434	0.0342472814649265
ENSAPLG00000007025	360.307243255803	-0.595532454954149	0.295842014086146	0.00109270519497874	0.023711524475705
ENSAPLG00000007075	27.949895269867	-2.86315934755626	0.894779946843696	4.19514540772886e-06	0.000423155987342234
ENSAPLG00000007093	214.808688136447	0.691416596275668	0.421155408380096	0.00143940876728027	0.0283239873111867
ENSAPLG00000007104	44.192207132609	-0.965163753213802	0.617644200146491	0.000601731481137145	0.0157688554648927
ENSAPLG00000007110	478.004962863734	0.633904912324035	0.333947084471725	0.00113219295285024	0.024135305542971
ENSAPLG00000007119	60.4913480071703	-0.793047889153801	0.493328141979781	0.000978901436830436	0.0221828737865732
ENSAPLG00000007120	906.456286149097	3.3708740264244	0.713381859459615	5.25969347891295e-08	1.18583801112712e-05
ENSAPLG00000007158	376.011786234217	0.675479296463578	0.335751062717399	0.000686798665355904	0.0174015158982176
ENSAPLG00000007198	31.3740762541206	-0.644977774376599	0.346581918838643	0.00115711158543401	0.0243928657835867
ENSAPLG00000007233	395.57384840817	-0.919405522605689	0.315192312751961	1.97861323635348e-05	0.00143965544104704
ENSAPLG00000007247	213.308581040325	-0.642431647124221	0.457398504238978	0.00281194029745239	0.0442132740386663
ENSAPLG00000007273	506.063415591891	0.623641455572946	0.178142337584944	7.87964679684917e-06	0.000698767077944584
ENSAPLG00000007304	117.045690144854	-0.586810996451939	0.314897227923819	0.00163218861199708	0.0307091554692859
ENSAPLG00000007359	133.937215158587	-1.17888442651819	0.435273299299605	2.09394244011868e-05	0.001481575656301
ENSAPLG00000007472	227.697287269222	0.975943760233757	0.482730033834973	0.000208026580320621	0.00760211420721126
ENSAPLG00000007495	127.567519482434	0.811726957660846	0.303055231363562	5.74936998887955e-05	0.00307141042538457
ENSAPLG00000007508	361.561506996116	3.58248181304389	0.553615706596741	5.5545811059902e-12	3.51843037485151e-09
ENSAPLG00000007523	32.3141858606165	-1.92819926215178	0.595818812970345	2.69107902095176e-06	0.000300812883501684
ENSAPLG00000007540	10.6483223210626	-1.01817414369798	1.163657195637	0.00163703631957394	0.0307134797221051
ENSAPLG00000007553	219.122843808603	-0.610328900824425	0.212372773085482	8.33071242747299e-05	0.00402964133491802
ENSAPLG00000007625	11.7361992457698	-1.73765268121566	1.39406923761398	0.000326885187642938	0.0106335293161698
ENSAPLG00000007639	22.0243878882479	-0.918759883534789	0.553844476001342	0.000564309228345706	0.0151645279908173
ENSAPLG00000007737	430.000229707218	0.808341613476265	0.357151861247625	0.000196149178721038	0.00739143449106868
ENSAPLG00000007739	706.918686098634	0.696025852186854	0.280246682743574	0.000169856502028494	0.00664538585289126
ENSAPLG00000007740	115.928524799916	-0.604702919252888	0.287690211312778	0.000827400462471984	0.0198307764897339
ENSAPLG00000007742	111.991743372892	1.03697849618523	0.368382980905823	2.06613984124978e-05	0.00146972150632645
ENSAPLG00000007795	897.463739479074	-0.975031905787708	0.428033912999693	0.000109278889338504	0.00492755181688402
ENSAPLG00000007796	233.884536181112	0.620201672609436	0.235753960449907	0.000168980150499079	0.00663060165763643
ENSAPLG00000007951	6.32122679728405	-0.803197453612112	0.777269741829399	0.00245249593635041	0.0408140870522219
ENSAPLG00000007973	18.8134487318699	-1.09005672062982	0.554235936613553	0.000176550396206962	0.00680716918940581
ENSAPLG00000007974	677.338205999706	-0.847337695977316	0.204431101067936	2.07915170539261e-07	3.6390626296227e-05
ENSAPLG00000008001	312.363977240328	0.583901957276057	0.172219740271097	1.67975450282897e-05	0.00131435849391947
ENSAPLG00000008040	600.971641676668	0.722727678870951	0.299663739457111	0.000184557917901339	0.00701425549692459
ENSAPLG00000008044	85.4477089612445	-0.70618136683964	0.325409229008858	0.000391837200440606	0.0118324347721936
ENSAPLG00000008110	628.445209622458	0.636353133237051	0.244945517960349	0.000168182337996872	0.00661882088767572
ENSAPLG00000008161	155.118000537813	1.13114687115123	0.301703190582455	7.98763544903222e-07	0.000105199531428739
ENSAPLG00000008185	83.4343293541487	-0.890191128368066	0.326032338787585	3.84099397160046e-05	0.00230148206352385
ENSAPLG00000008199	4072.1378240754	1.11040104093521	0.50299002559432	9.29355783369356e-05	0.00436830057610572
ENSAPLG00000008265	90.965823821729	0.91226049531297	0.382573269955185	9.87314903231417e-05	0.00460816240097695
ENSAPLG00000008342	118.063284688964	-1.94205868840356	0.84678129494691	3.40119601876265e-05	0.00209699238199083
ENSAPLG00000008424	33.5407710500538	-1.01927429903733	0.489916849315729	0.000159754456320877	0.00644242900036034
ENSAPLG00000008428	122.429093338963	-0.618197488371713	0.332431566933445	0.00135491680709275	0.0270211444796819
ENSAPLG00000008462	571.118424988158	1.01224237789756	0.50661563678318	0.000199009634158959	0.007456975080514
ENSAPLG00000008595	18.7847970648125	-1.24133787919179	0.585211433666124	8.93585323710289e-05	0.00424516856285509
ENSAPLG00000008597	285.487837740668	-0.682753327133207	0.324824895684492	0.000527055089625294	0.0144255998663681
ENSAPLG00000008603	90.3915950870309	-0.631473137214805	0.212838076154497	5.2408694991001e-05	0.0029065720943876
ENSAPLG00000008606	350.341229690101	1.01153625185373	0.413285159356345	6.28472047952704e-05	0.00324028495421196
ENSAPLG00000008611	51661.0069770942	-1.74992911539794	0.706197280129778	2.24113880770101e-05	0.00154464395958751
ENSAPLG00000008646	1587.40580993741	0.619559289109469	0.264061458936113	0.000392321493570534	0.0118324347721936
ENSAPLG00000008652	123.7354472621	0.58654845000307	0.356994390037838	0.00257014572943961	0.0420000964287538
ENSAPLG00000008748	123.672378722086	0.810396872306689	0.370221408665419	0.000237485594271369	0.00842408899999401
ENSAPLG00000008787	145.254972773779	-0.910972676052642	0.310197542194712	1.89472316059576e-05	0.00140020041568027
ENSAPLG00000008806	123.940451376008	0.711622349075769	0.507096376081965	0.00200874045968147	0.0357222802067953
ENSAPLG00000008834	514.979007374759	0.782376466209157	0.232404200141672	5.82054170672505e-06	0.00055303461273469
ENSAPLG00000008853	34.259160467492	-1.03636706299355	0.483524131584421	0.000130650146764631	0.0056061556524617
ENSAPLG00000008912	322.856126750021	0.781263621552156	0.387644576471522	0.000415444314368067	0.0123078847878041
ENSAPLG00000008950	676.791852970084	0.685885456123368	0.367348588377733	0.000917073348423126	0.0212524558897638
ENSAPLG00000008991	30.0684241732234	-0.903846547068981	0.427476364987662	0.00020667504393682	0.00760211420721126
ENSAPLG00000009002	1467.11622669516	1.23942467669293	0.434432669104504	1.23843718328676e-05	0.00101689453160991
ENSAPLG00000009024	121.15126323644	-0.80314666185905	0.234132001268652	4.2968827842931e-06	0.000426545782064678
ENSAPLG00000009031	61.443900609402	2.13880353399017	0.665552416996595	3.2092522519977e-06	0.000338904613959773
ENSAPLG00000009037	164.518572440663	-0.882384851463772	0.408716120589176	0.000198190804168368	0.00744727140408936
ENSAPLG00000009068	36.3966200742386	-0.73639871675666	0.468933531274223	0.00133670377159539	0.0267783638098824
ENSAPLG00000009162	830.327872490058	1.07720284896208	0.517527550596838	0.000137683907496746	0.00583271126599273
ENSAPLG00000009205	32.3913062277691	0.723903643166867	0.469783243386596	0.00149424683461044	0.0288847493406978
ENSAPLG00000009253	20.2086307821739	0.727153333151708	0.501490673226596	0.00173202764925967	0.032142583239588
ENSAPLG00000009290	89.9585297871223	-0.595062048956905	0.360604501923471	0.00240584083425354	0.0403054090393458
ENSAPLG00000009297	21.6843660623643	-0.711296594479698	0.463512628344661	0.00160235932004054	0.030284633119447
ENSAPLG00000009518	583.841712695084	1.3669497945443	0.555632347171977	3.07685071444453e-05	0.0019829045200235
ENSAPLG00000009544	170.699018733479	0.661873142029002	0.299857169907374	0.000446731335448706	0.012974716646591
ENSAPLG00000009584	89.23244469892	2.42152440284185	0.834312511463248	8.01717502677769e-06	0.0007003875921032
ENSAPLG00000009658	815.657111636607	0.799008976108488	0.223845962656596	2.52424811096188e-06	0.000284555494678093
ENSAPLG00000009754	196.958928841311	0.837334226004235	0.433216044230205	0.000406243824913034	0.0121543735891715
ENSAPLG00000009924	192.349073428007	-0.982904706310616	0.389921030444173	5.52935025628464e-05	0.00301440234053681
ENSAPLG00000009936	40.7862022884032	-1.82883740007812	0.525316141994543	1.17915836779939e-06	0.000153776123612426
ENSAPLG00000010001	652.002452469205	1.08833851335886	0.694750576992125	0.000441431507704821	0.0128488444540252
ENSAPLG00000010014	17.4246997106193	-0.596968269101162	0.411973287405681	0.00337827411828994	0.0490052369918133
ENSAPLG00000010042	8.87695320515456	-0.970969627077775	0.788769860116464	0.0011281928697525	0.024135305542971
ENSAPLG00000010087	238.802472115107	-0.63553798988014	0.333151866786714	0.00109749326137551	0.0237766373987249
ENSAPLG00000010131	222.905121476823	0.930599531145407	0.254882974964353	1.46872108117613e-06	0.000187855075209662
ENSAPLG00000010145	23.7977011673132	-1.03195974963933	0.692771634066622	0.000589806461067933	0.0156286963050312
ENSAPLG00000010171	2774.43871968685	4.1290709396283	0.378519756472758	4.67717519758346e-29	6.22157844782552e-25
ENSAPLG00000010234	89.6009388615867	-0.922946611337298	0.603354192114633	0.000727043065992179	0.0180768726426691
ENSAPLG00000010273	151.35839037151	1.77833518905456	1.77061353709924	0.000289450185045272	0.00975090894762508
ENSAPLG00000010285	23.286017110074	-0.995326536291736	0.775996692209989	0.000968016266752022	0.0219736388742925
ENSAPLG00000010291	474.347824226851	0.941441942169077	0.474218199297286	0.00025176927301414	0.00874421636980179
ENSAPLG00000010356	1990.30239191661	3.0419737565518	0.466463894436484	4.1731974787939e-12	2.77559364314582e-09
ENSAPLG00000010358	57.0703342642171	0.865329156120921	0.362489151804258	0.000113792368026162	0.00502879096174091
ENSAPLG00000010383	665.370757472347	-1.06337724576114	0.279705108251719	7.18318251021069e-07	9.75007079090026e-05
ENSAPLG00000010386	506.402944547226	1.68308600691064	0.655118629898286	1.79712491818658e-05	0.00135825884441579
ENSAPLG00000010390	88.0622816017073	0.593203893469736	0.341795057951117	0.00205642061835632	0.0364241106063592
ENSAPLG00000010410	1555.51583306947	0.905720557545877	0.302730476342137	1.6029211281488e-05	0.00126166016843996
ENSAPLG00000010446	21.2600961454008	-0.874044523089413	0.536038501546185	0.000692758581607722	0.0174859101566336
ENSAPLG00000010534	55.1094530531723	0.732568900463465	0.404143270359884	0.00082671583733245	0.0198307764897339
ENSAPLG00000010562	163.006946961848	-0.595953987195463	0.359212732218211	0.00235243734709288	0.0395602042870158
ENSAPLG00000010581	155.764671310422	-0.631087600745523	0.263970554234877	0.000321546226563904	0.010587148281567
ENSAPLG00000010637	205.158979704128	-0.821866307096279	0.370066323786784	0.000208936072907779	0.00761443189539529
ENSAPLG00000010726	1178.79579300338	-0.665517636789572	0.393391824041748	0.00148677299723378	0.0288295253778479
ENSAPLG00000010804	138.088030163816	-0.619768345295997	0.326871735277887	0.0012363021832542	0.0253785364840236
ENSAPLG00000010867	22.7002226501885	-1.14618676101527	0.548435712518591	0.000115576024606247	0.00508152649682408
ENSAPLG00000010931	2059.95104392618	-1.07338194949893	0.234776819860393	3.06931891752785e-08	7.42328731653735e-06
ENSAPLG00000011026	184.579783351941	0.766526473548085	0.412406133352207	0.000640974766930752	0.0165237332358776
ENSAPLG00000011028	242.648270680496	0.805615627232288	0.382277185823239	0.000298971131855223	0.00996720299733879
ENSAPLG00000011037	13.9476548944489	-2.67338127857444	0.801932701282186	3.00282947059035e-06	0.000324745021282868
ENSAPLG00000011138	166.757679150246	-0.699776145348453	0.297583222181267	0.000245304796597556	0.00860961584258758
ENSAPLG00000011142	4800.70459887147	3.81759191346196	0.698269317827255	1.5609102584562e-09	5.76756340499564e-07
ENSAPLG00000011169	1656.39833123842	-0.922638597551712	0.505795795438358	0.000388495234419541	0.0117985470507962
ENSAPLG00000011172	144.739079604153	-0.63173429429927	0.310728105379385	0.000831719865538974	0.0198984490133083
ENSAPLG00000011184	5.73572383054339	0.987411905664428	0.962581288096544	0.00151805259325629	0.0291808317853976
ENSAPLG00000011195	2476.72286191274	1.0055191840057	0.179318376741796	1.6993785582913e-10	7.7948736491003e-08
ENSAPLG00000011206	2637.74306743957	2.30567255937949	0.337700981140498	1.35109876369844e-13	1.19815438364778e-10
ENSAPLG00000011207	49.2231200965431	-1.17765904948387	0.827131331991176	0.000503923681919708	0.0140823378506218
ENSAPLG00000011235	27.5004186436319	-0.877817528721781	0.899603172876123	0.00212727312968419	0.0372328778566567
ENSAPLG00000011287	665.004174484025	0.614430524781898	0.322033472456378	0.0012423632245013	0.0254636604195937
ENSAPLG00000011297	255.336270309545	-2.9301699759752	0.422722930153037	2.5717739362531e-13	2.01233746470816e-10
ENSAPLG00000011319	336.344662600183	1.22442503813935	0.317645646939787	4.72355055723379e-07	6.75620102283053e-05
ENSAPLG00000011338	938.066473026484	1.83278798158107	0.362562443434737	1.54798956621997e-09	5.76756340499564e-07
ENSAPLG00000011367	49.6639356918768	0.952894201341151	0.369918289665311	5.12111601932034e-05	0.00287903977594888
ENSAPLG00000011394	21.3083013351094	-1.28408076464762	0.574833410830493	6.2638635978276e-05	0.00324028495421196
ENSAPLG00000011404	104.223264509076	1.34761619873004	0.345053592313128	3.23498634280522e-07	5.00369631767385e-05
ENSAPLG00000011440	114.72935095846	-2.67629398035471	0.433240847155664	2.17757759489563e-11	1.2069223819709e-08
ENSAPLG00000011456	14.2344815245655	-0.68616507077464	0.537595285423677	0.002742352621782	0.043538679534826
ENSAPLG00000011459	59.6998547213348	0.726527799551449	0.387870468088771	0.000741889261822663	0.0183431430497492
ENSAPLG00000011471	73.362816776892	-0.673933014358953	0.381623189317117	0.00121926004732045	0.0251924220515276
ENSAPLG00000011502	18.424322666179	-0.778465308916082	0.485600123757187	0.00104772850832039	0.0231827804456565
ENSAPLG00000011627	136.63689498593	0.839054746138178	0.363554524277973	0.000155096147854799	0.00628990536208701
ENSAPLG00000011632	186.342172931659	-0.833845094455432	0.353097485390762	0.000136196052941372	0.00578811468442854
ENSAPLG00000011646	58.1058130961155	-0.991353103912333	0.80705471294995	0.00107968273539039	0.0235441635182999
ENSAPLG00000011657	18.1881243055055	-0.829099866645365	0.633402815057184	0.00148043041147388	0.028748445742227
ENSAPLG00000011683	104.468878977461	1.76743241720668	0.541263840820371	2.34180969690814e-06	0.000273252215686597
ENSAPLG00000011744	47.1249088051809	0.857688520056432	0.421544717970699	0.000295129750705464	0.00986385915548764
ENSAPLG00000011779	30.1009397028305	0.59021516257311	0.34215203432036	0.00214033686352165	0.0374123008653943
ENSAPLG00000011787	203.88960905876	-0.929133063501822	0.293501345376252	8.50677272945018e-06	0.000734786304202249
ENSAPLG00000011810	480.686349100844	3.61208735085426	0.511446270442335	1.02450552035548e-13	1.0483055716745e-10
ENSAPLG00000011812	76.2624350766568	-0.656862643101824	0.293347291759736	0.000421448362839045	0.0124303905154878
ENSAPLG00000011917	95.1577832422081	0.686993695372287	0.484206671097142	0.00219683170395354	0.0379502045884698
ENSAPLG00000011940	164.719715247473	0.803743407704536	0.392679725409411	0.000350885706797659	0.011060383108584
ENSAPLG00000011950	397.336285474249	2.68781012298976	0.367040664796861	1.17674565519895e-14	1.73923007838405e-11
ENSAPLG00000011984	4360.06018296528	-0.657794898814483	0.227529266855907	5.71943891528894e-05	0.00306774098593441
ENSAPLG00000011999	52.6146029180771	-0.743440230724009	0.378056393218789	0.000551206094982189	0.0149635581131695
ENSAPLG00000012027	565.049930151662	0.632956136120544	0.261215850650217	0.000289551122711766	0.00975090894762508
ENSAPLG00000012030	555.286652917648	0.805397174976299	0.476145104366961	0.000785755703448546	0.0191848104620914
ENSAPLG00000012039	1689.37968771591	-0.754113235676782	0.392022662482266	0.000582068591236412	0.0155163855723983
ENSAPLG00000012066	114.406582730598	0.585719729599737	0.261517783713887	0.000658161875182176	0.016827139100111
ENSAPLG00000012088	23.3263423922076	1.58640294999757	1.16772220790338	0.000333962744832186	0.0107045118837536
ENSAPLG00000012134	113.435619756371	0.986201324996766	0.41667239503597	8.3658429920144e-05	0.00403197258984694
ENSAPLG00000012206	8.35859145142956	-0.844593132405086	0.66895336248307	0.00152121895125288	0.0291995014279449
ENSAPLG00000012260	726.022078497039	0.702879677822277	0.267591391070781	0.000105834635558301	0.00480482021227482
ENSAPLG00000012418	16.0087011623493	-0.702330517335144	0.465510626577936	0.00175117785029578	0.0323059981837216
ENSAPLG00000012468	265.944056284996	0.61495313040706	0.292967982869412	0.000781048121147	0.019146477641409
ENSAPLG00000012503	165.90593391019	0.781547183660212	0.260354536894209	2.19470296881074e-05	0.00152263893908267
ENSAPLG00000012527	54.5328235278798	-0.607963996428136	0.364674249771032	0.00215423884483384	0.0375565991008909
ENSAPLG00000012542	80.2662186307806	0.691947744097387	0.473675472437185	0.00200016645037337	0.0356953374105754
ENSAPLG00000012543	55.7921434420161	-3.31793315965799	0.450667850809884	1.38159228739193e-14	1.83779406068874e-11
ENSAPLG00000012607	272.014192478531	0.724875054909195	0.270264536259063	7.99928567182545e-05	0.00388540013103237
ENSAPLG00000012621	290.11663786303	-1.07536055685421	0.318690756710614	3.23567027310864e-06	0.000338904613959773
ENSAPLG00000012626	329.224504539043	-0.633374793766563	0.203206318709235	3.06529816811398e-05	0.0019829045200235
ENSAPLG00000012641	112.00661581042	0.636312569004716	0.36932569553339	0.00163543783032354	0.0307134797221051
ENSAPLG00000012652	1786.36174160953	-1.17245017156325	0.385188336675371	7.87805610008665e-06	0.000698767077944584
ENSAPLG00000012663	38.7499855124736	-2.10661041562497	0.5252748449651	2.3238125896214e-07	3.86391938339299e-05
ENSAPLG00000012725	1039.81260658467	1.09752050636878	0.27415819237808	3.20654641607924e-07	5.00369631767385e-05
ENSAPLG00000012752	399.242444589872	2.63949253411873	0.603546978634472	1.26321715072079e-07	2.33379368595666e-05
ENSAPLG00000012765	98.3044643981002	-0.628838917319609	0.285765346432793	0.000551088998503797	0.0149635581131695
ENSAPLG00000012798	32.0439226474013	0.725017589282538	0.467584318542717	0.00146040558587351	0.0284189372918538
ENSAPLG00000012801	32.4166726741718	-2.28885725145337	0.534879374269897	1.09388322181109e-07	2.07869065950444e-05
ENSAPLG00000012816	185.362728623285	-0.654126097925674	0.479943879930536	0.00282074636048098	0.0442471321782052
ENSAPLG00000012819	188.06792987354	-1.19826733792313	0.20856663779883	7.96173167258762e-11	3.78239123959859e-08
ENSAPLG00000012860	1503.64500869708	0.655568939468486	0.277393017829521	0.00030041038445339	0.00999014733499748
ENSAPLG00000012959	631.910760491624	-0.628786822059564	0.214462715336098	6.01359804975474e-05	0.00317432068483483
ENSAPLG00000012982	27.4334564225757	2.71863744187317	0.787861814843338	2.27053588533815e-06	0.000272096111232144
ENSAPLG00000013021	45.9836628932486	-0.778441355572809	0.433530722501263	0.000701717976096988	0.0176117972038531
ENSAPLG00000013073	55.5965235759861	-0.685062335248212	0.520894359081763	0.00260513605319704	0.0424155688857124
ENSAPLG00000013097	115.715780345208	-1.10969957333251	0.558770877862345	0.000161234638111087	0.00644242900036034
ENSAPLG00000013099	133.081480839445	-0.876620044716356	0.407986056891329	0.000207496828072721	0.00760211420721126
ENSAPLG00000013104	95.6574443656614	-0.723261548353364	0.33052631747497	0.000344097963039458	0.010924083781267
ENSAPLG00000013187	278.954721395685	3.57364175493497	0.460859039157404	6.24702900583591e-16	1.18711399765185e-12
ENSAPLG00000013205	254.984321040335	-1.16212754482269	0.351337463489338	3.48263303173121e-06	0.000361921754594442
ENSAPLG00000013209	85.4221854626666	-0.635051611216846	0.44058550913806	0.00275939768608396	0.0437030998275063
ENSAPLG00000013222	314.48673348632	-0.700978832119672	0.312466429745796	0.000329975172906846	0.0106514353638793
ENSAPLG00000013226	3017.41081828016	1.60659734574501	0.3420447684047	8.53252935465348e-09	2.36457719740834e-06
ENSAPLG00000013230	1624.40866401565	-0.625262995788497	0.331349189672359	0.00122155406880434	0.0251924220515276
ENSAPLG00000013297	36.8679672034845	-1.28584607183862	0.44222708580121	9.78530278227548e-06	0.00082907068541292
ENSAPLG00000013305	16.1607974770575	-0.66629884550016	0.471850790329656	0.00245795068869591	0.0408185518864332
ENSAPLG00000013309	179.788156715078	1.20850574816954	0.671328260782866	0.000206111703878364	0.00760211420721126
ENSAPLG00000013324	63.772218935548	0.657223850030809	0.252361285456321	0.000145204825883003	0.00608095522917557
ENSAPLG00000013348	206.995532006683	3.6507230800258	0.5321477084836	4.04557087333433e-13	2.98967687539407e-10
ENSAPLG00000013360	116.148637366333	1.61361415697519	0.524463214866	4.29360934772144e-06	0.000426545782064678
ENSAPLG00000013371	42.8912647097912	-0.624561302881436	0.387826047420756	0.00217971138475082	0.0378518548824483
ENSAPLG00000013380	138.766291174544	0.657230729836114	0.365749037523489	0.00124622488317452	0.0255035129169037
ENSAPLG00000013386	69.0852504159571	1.02941106860066	0.546492048266135	0.000249323676724982	0.00868194646019819
ENSAPLG00000013393	129.381647389367	0.959206285939306	0.686676129506506	0.000852572822011113	0.0201437365513176
ENSAPLG00000013483	22.0847869466371	-0.931721335698109	0.689699977528031	0.00100261700611569	0.0226431433197809
ENSAPLG00000013521	48.3180139969378	1.28177926254766	0.934885941016096	0.000476882139062122	0.0136126313600952
ENSAPLG00000013566	256.257292841884	0.88482602210817	0.310259388988072	2.66096206798776e-05	0.00176100086708324
ENSAPLG00000013568	13.5997436713122	-0.88926706947957	0.776942614919	0.00161615653121672	0.0304505866547377
ENSAPLG00000013603	128.680778584472	-0.590984427595351	0.380915242871287	0.00295364312900077	0.0453642549795451
ENSAPLG00000013620	219.231409114472	-0.911648800093197	0.907985099597369	0.00187737854941907	0.0337928138895432
ENSAPLG00000013650	13.1470423113197	0.829736861097141	0.684233942258271	0.00173184977924125	0.032142583239588
ENSAPLG00000013707	30.9068972622583	-1.16093932282367	0.500763963900641	6.27188958310663e-05	0.00324028495421196
ENSAPLG00000013829	154.008323229443	-0.688783586319844	0.586343579291996	0.00311272961681403	0.0467859088845879
ENSAPLG00000013843	136.668813227416	1.01634078290182	0.281994454810108	1.57755337459565e-06	0.000197968065932749
ENSAPLG00000013958	184.583418650816	-0.984968494480851	0.542267948576288	0.000328155571869177	0.0106466473585458
ENSAPLG00000013972	16.7044997599885	0.765971049782367	0.55516521474384	0.00165758277089488	0.031011485258008
ENSAPLG00000013979	199.949341751828	-1.43876341780211	0.39592153194573	7.73692274200048e-07	0.00010291654631409
ENSAPLG00000014061	283.305873117328	0.815748662442084	0.375888305121913	0.000244424015832371	0.0086094521779745
ENSAPLG00000014080	7.64856235357962	0.912273053166736	0.871508084518496	0.00176611168414011	0.0324486431249056
ENSAPLG00000014219	390.322958999388	0.859288473421007	0.312201913512336	3.92020431501108e-05	0.00231762479103455
ENSAPLG00000014228	7.3307903593066	-1.77632966384463	1.50278063086423	0.000324985427347124	0.0106335293161698
ENSAPLG00000014262	499.665313457985	1.16829629262218	0.312128112200235	7.73607006022875e-07	0.00010291654631409
ENSAPLG00000014266	594.842590478776	1.13631570400354	0.265029767547068	9.87014587440314e-08	1.95959224509419e-05
ENSAPLG00000014374	137.228048694614	-0.768979356774038	0.523618956842271	0.00140290334516821	0.0278528661155636
ENSAPLG00000014490	191.543250937952	0.676818877197418	0.381259472381689	0.00117757963418645	0.0247459151563163
ENSAPLG00000014526	309.272934565774	0.621582331637185	0.314348422810303	0.00101146201024909	0.0226888156160765
ENSAPLG00000014535	291.766721757671	-0.82515701101475	0.25414834016532	8.05587893488119e-06	0.0007003875921032
ENSAPLG00000014578	179.104023400468	0.60762648935737	0.270107844409623	0.000552753565997723	0.0149750059773966
ENSAPLG00000014604	835.510744241136	1.78501823309214	0.591853351664672	5.0266976376009e-06	0.000484529941850487
ENSAPLG00000014617	42.9526253868559	-2.22972993799964	0.3759817579952	3.03019456840581e-11	1.61230592595736e-08
ENSAPLG00000014648	68.9166270096293	0.743726504316273	0.624880145759423	0.00243099535898029	0.0406590499104445
ENSAPLG00000014666	12.1221273247087	1.06800979900165	0.861507945298164	0.000894328389480161	0.0208708004155528
ENSAPLG00000014785	19.6286471303509	-0.955490892338269	0.663332068807787	0.00079094628545429	0.0192695375258479
ENSAPLG00000014821	277.252432165338	0.712161550159849	0.216974139317272	1.05172789016989e-05	0.000868949341306824
ENSAPLG00000014831	95.0171690704621	-1.65744275767795	0.593169451930388	9.72563823877254e-06	0.00082907068541292
ENSAPLG00000014851	901.518091637922	0.806927297932998	0.479514044320335	0.000795287588331119	0.0193045903284316
ENSAPLG00000014881	305.6556901338	1.68593113755087	0.44508890700517	3.86825180897999e-07	5.84721426852861e-05
ENSAPLG00000014915	69.6258638316971	-0.953603363880819	0.390884967597615	7.51128639932684e-05	0.00371657500773109
ENSAPLG00000014917	209.636821741759	-0.787343247029898	0.265723466275635	2.45934174854988e-05	0.00165223050198033
ENSAPLG00000014932	4.80055689271264	-1.53447204143198	1.22630592338484	0.000426452072947472	0.0125501448547506
ENSAPLG00000014948	28.6152150588682	1.41144201949981	0.53726873062226	1.85043984970346e-05	0.00138851373862123
ENSAPLG00000014957	15.098338763667	3.17053034809392	0.858589507233497	1.30297155411802e-06	0.000168273083620173
ENSAPLG00000015034	194.745763852641	0.77523675984686	0.232112134532138	6.58380276606227e-06	0.000612431778980142
ENSAPLG00000015062	339.722819648573	0.669331585580152	0.212843042154577	2.19776481960512e-05	0.00152263893908267
ENSAPLG00000015091	888.012201664282	1.68794977492422	0.529307251300902	2.97702561567732e-06	0.000324745021282868
ENSAPLG00000015151	161.527342886457	0.619526304016126	0.307135900765608	0.000930548465488679	0.021341647737811
ENSAPLG00000015154	472.966185681229	-1.3059349010099	0.29527203059548	4.36979872933591e-08	1.00219073616597e-05
ENSAPLG00000015156	239.321890256959	-2.00609976487578	0.629324166564356	3.22553949325556e-06	0.000338904613959773
ENSAPLG00000015188	209.471387958826	0.668119038647216	0.18884051838543	4.97232464179263e-06	0.000482787316679748
ENSAPLG00000015210	101.430705761405	0.804948009380804	0.415237682532075	0.000454195041587703	0.0131030831037907
ENSAPLG00000015224	46.5590298361647	0.726844550464931	0.50448645926476	0.00176210776966979	0.0324198583017255
ENSAPLG00000015270	136.457843569308	0.882698508167401	0.290947570090858	1.47250712362957e-05	0.00117289160230662
ENSAPLG00000015302	72.5352247341148	-0.820722984278165	0.452626909788667	0.000569195894009084	0.0152650076252194
ENSAPLG00000015324	658.363013417911	0.927952434473459	0.8849366555634	0.00169282256037446	0.0315819434755977
ENSAPLG00000015343	69.190376828543	-0.618421239420078	0.336883572041043	0.00142673825369266	0.028199810179227
ENSAPLG00000015371	410.17519480578	-0.621230380306682	0.196785235755858	2.9015930057836e-05	0.0019005955673412
ENSAPLG00000015386	632.923214101848	-1.24910281878645	0.287281262180281	6.57935201587842e-08	1.43473017238057e-05
ENSAPLG00000015412	74.7565498549209	0.820908347171578	0.458124098741437	0.000596329973020135	0.0156789937191969
ENSAPLG00000015438	160.949315474534	-1.41003379023479	0.672571560057595	7.51585233107551e-05	0.00371657500773109
ENSAPLG00000015493	139.615662665429	0.695947589338395	0.33456331958234	0.000520946457661353	0.0143174169004366
ENSAPLG00000015545	31.2631570097415	-0.722233918768227	0.493830154265291	0.00173253888007703	0.032142583239588
ENSAPLG00000015637	882.275361124387	0.658497458336221	0.350272730159879	0.00102868709554784	0.0229279979021501
ENSAPLG00000015640	191.57364446583	0.76597320706239	0.414451272994501	0.000658004604349075	0.016827139100111
ENSAPLG00000015644	479.908082200137	1.38401911469293	0.524859938131422	1.85803221676875e-05	0.00138851373862123
ENSAPLG00000015665	70.4988885440952	-0.80222605811691	0.34356297430065	0.000164755855970256	0.006503211857912
ENSAPLG00000015678	1062.44793071433	1.64235846091437	1.1520662875653	0.000277753707163502	0.00943825218684189
ENSAPLG00000015723	8.16100596558816	5.33417361290404	1.41017111589677	6.73063758841683e-08	1.44014305377628e-05
ENSAPLG00000015733	58.3993395226689	-1.20177718447786	0.537487703704911	7.16763156655326e-05	0.00361150890523831
ENSAPLG00000015744	211.8643216151	-0.8328901073806	0.470295810068156	0.000596419397227006	0.0156789937191969
ENSAPLG00000015749	59.4051124827689	-0.602776347187081	0.359043491284181	0.00217203102700598	0.037767786563704
ENSAPLG00000015926	7507.42788941051	-0.981651507003658	0.317675773063953	9.84863378042994e-06	0.000829155231311893
ENSAPLG00000015955	348.609367648242	1.88981114488959	0.399414404275016	8.18381500006747e-09	2.3161937687425e-06
ENSAPLG00000015976	377.04731900474	6.98748534978037	1.01316438837386	3.15596182180112e-17	1.39935347178661e-13
ENSAPLG00000015987	143.76096830101	-0.887160356915454	0.314449767826984	2.91476090616152e-05	0.0019005955673412
ENSAPLG00000016034	50.8228635336129	-1.48416900291077	0.662470303911869	4.83806598644439e-05	0.00277396352377945
ENSAPLG00000016046	446.272720793495	-0.961725603331374	0.617565265336151	0.00061429551539909	0.0159909177022284
ENSAPLG00000016136	26.4330234220757	-2.17713931587335	0.505880551638565	8.3204304316729e-08	1.70274408618635e-05
ENSAPLG00000016160	766.864894497616	1.05564575654077	0.633950674130742	0.000383195322505353	0.0116909728898308
ENSAPLG00000016180	51.9381820886829	1.04791949225084	0.474303719441407	0.000107349684422274	0.00485702551763636
ENSAPLG00000016204	198.649374487263	-0.68659087214129	0.281554353999606	0.000203807657226655	0.00757276384477365
ENSAPLG00000016209	150.347212847928	0.711585731067164	0.228731188695043	1.98058145926634e-05	0.00143965544104704
ENSAPLG00000016221	255.076542943587	1.04657913882019	0.430087674569661	5.97906882379819e-05	0.00316866826669974
ENSAPLG00000016231	189.430559288145	0.71231138606319	0.321281515547197	0.000335353388649452	0.0107232470572476
ENSAPLG00000016250	134.019372472507	-0.634451091796381	0.259292138495184	0.000267724963277531	0.00915495491392731
ENSAPLG00000016301	273.203343168313	-0.5935050006871	0.212062141766429	0.000120769186306411	0.00526712038114057
ENSAPLG00000016336	284.27077608404	-0.708956012099999	0.348299318812489	0.000546823368947956	0.0149054189625937
ENSAPLG00000016371	33.7170783870307	-0.970864122701543	0.421952668536612	0.000104091171370481	0.0047581469469764
ENSAPLG00000016398	88.054224729172	-1.0159783176537	0.457582895448227	0.000113393639288876	0.00502787396606878
ENSAPLG00000016406	1297.15101147977	-2.95188771702152	0.484674272325508	5.36195527573988e-11	2.64165663251451e-08
ENSAPLG00000016414	13.2014487430398	-0.884842481433285	0.622306342903692	0.00100807843554012	0.0226888156160765
ENSAPLG00000016421	122.237446228151	-1.74434058039383	0.398923041256882	3.70933665714124e-08	8.65642038829697e-06
ENSAPLG00000016424	77.5746844094912	-0.625568996271681	0.243142112718159	0.000194653191099903	0.00735589985230371
ENSAPLG00000016432	594.325207595432	1.0590367149944	0.562375275621838	0.000231704158175143	0.00828529223668212
ENSAPLG00000016444	10.4203914049906	3.11328221936924	0.891014596715305	2.10755526876105e-06	0.000254860910773269
ENSAPLG00000016446	46.7862292484697	-0.90313347527641	0.61741548785914	0.00088102302732994	0.0205964293665077
ENSAPLG00000016454	91.1155415956097	0.68421217708516	0.349278625752235	0.000746317579838465	0.0184183978608743
ENSAPLG00000016561	5.35140803850303	1.64714035136714	1.66736394029212	0.000392296737992409	0.0118324347721936
ENSAPLG00000016644	961.416370831673	-0.836011836159798	0.297876339252716	3.53784224548587e-05	0.00213910807042968
ENSAPLG00000016680	9.38985365315382	1.36759911866741	0.934503132087185	0.000349487276437055	0.011060383108584
ENSAPLG00000016693	73.0375392949501	-0.801092210914881	0.549959143151355	0.0012632313989629	0.0256788338465623
ENSAPLG00000016856	12.7349967527948	0.699235436998472	0.593335177953123	0.00296075096704845	0.0453642549795451
ENSAPLG00000016862	24.8200883723117	1.3051887390102	0.699742526102	0.000151523361471933	0.00622087578487545
ENSAPLG00000017077	15.2654064534993	-1.16070099507374	0.587006375147022	0.000147840980154871	0.00613272603175056
ENSAPLG00000017078	76.9373897904965	-2.97786403071206	1.55190827257191	3.41431813828223e-05	0.00209699238199083
ENSAPLG00000017120	18.4423546295443	0.847651324710894	0.854585865850809	0.00226615130041187	0.0386962061592795
ENSAPLG00000017196	1230.46282756148	0.792957602321254	0.424125091549291	0.00055961165488091	0.0150905681432304
ENSAPLG00000017215	213.534492806065	0.992892202553445	0.598537657933669	0.000455091294087454	0.0131030831037907
ENSAPLG00000017319	652.834806414656	0.740731461982104	0.182753265465578	3.91740035685299e-07	5.85497298279309e-05
ENSAPLG00000017357	35.3691980583854	0.678909788002334	0.333636869448313	0.000637165127400859	0.0164574184945364
ENSAPLG00000017425	802.284072779111	1.76608435523331	0.54016689432986	2.3109109047219e-06	0.000272447834837582
ENSAPLG00000017478	15.5600326031563	2.94089417275468	0.969419043759509	5.90318542119537e-06	0.000556909024629367
ENSAPLG00000017480	37.4555524160859	-0.635362745918419	0.419986890273283	0.00244583128006078	0.0407699845706372
ENSAPLG00000017490	274.580941776928	3.85174974803035	0.759580595896241	1.02411358180843e-08	2.64505834149192e-06
ENSAPLG00000017528	79.3818772587585	-0.789716161106011	0.303788129116646	7.94399182729297e-05	0.00388496247377394
ENSAPLG00000017636	33.6155876858784	-0.76589026564036	0.440875420777799	0.000839698017590612	0.0199501857725235
ENSAPLG00000017779	16.7682291442155	3.73797700646163	0.872561290951974	2.13624732162421e-07	3.67646614948281e-05
ENSAPLG00000017783	42.2572194987758	3.9441207388125	0.633573523217007	1.91172542080866e-11	1.10564224119986e-08
ENSAPLG00000017963	758.209086192018	0.8877363159219	0.458512197342074	0.00033671181814175	0.0107298667883143
ENSAPLG00000018055	15.9800577302125	2.83504162801556	1.00846471067501	9.49342209066077e-06	0.000814719359032061
ENSAPLG00000018065	6.8560180516058	-3.32524070357707	2.0130205135987	2.02611939144038e-05	0.00145683460242919
ENSAPLG00000018191	35.3540804106619	-0.75556912453525	0.408392089044481	0.000685445188055048	0.0174003662051684
ENSAPLG00000018332	23.8992983511345	-0.70826185685141	0.576271979371397	0.00265871249767174	0.0428162150654109
ENSAPLG00000018391	10.250834002163	-0.758695426908131	0.790978112048376	0.00309852232669585	0.0467838183765133
ENSAPLG00000018446	805.69339784732	3.60757961485558	0.885999746605673	4.25872827199613e-07	6.15756559501006e-05
ENSAPLG00000018464	16.2133775843028	3.07900868435067	1.35126234980874	1.99559679599879e-05	0.00144268633589
ENSAPLG00000018500	482.704368248819	-1.52748489717995	1.11984068365832	0.000353694969731496	0.0111225779843224
ENSAPLG00000018568	141.907346399098	-0.666014638040438	0.380567564587062	0.00131454969632402	0.0264540696830592
ENSAPLG00000018569	44.154003581599	-1.16477557383013	0.558306162138508	0.00011228620721693	0.00501218499462952
ENSAPLG00000018663	24.819096794909	0.659571167494916	0.388022769898747	0.00150937532075197	0.0290981311835402
ENSAPLG00000018801	220.839833403404	0.743965932708712	0.370469232635823	0.00049683732020516	0.0140316985846476
ENSAPLG00000018853	66.8576091231018	-0.649793170368546	0.309062003600696	0.000629339625358981	0.0162869176975198
ENSAPLG00000018946	132.98712892471	3.31753406865243	0.61543920708485	2.78642718479215e-09	9.50386010566801e-07
ENSAPLG00000019013	86.0639438136702	0.696261946532426	0.328344337321744	0.000468836978934831	0.013411762352239
ENSAPLG00000019027	29.7667394208351	-0.963620863796665	0.497338307754776	0.000263714794683063	0.00906442945445506
ENSAPLG00000019041	112.258606774828	0.855058324640726	1.02290168618009	0.00256982330648393	0.0420000964287538
ENSAPLG00000019163	1325.34635853386	-0.749283950997131	0.468832031631939	0.00119716284564652	0.0250232943107919
ENSAPLG00000019231	7.26655430344153	-1.72180314204285	1.16044820289417	0.00022988788910015	0.00824250323668515
ENSAPLG00000019232	14.0728210514236	-0.712865682764733	0.505254480357046	0.00197266491175495	0.0353168084201405
ENSAPLG00000019257	54.6897844640138	-3.30048705020793	0.593291610880835	1.16291145988239e-09	4.54972007039869e-07
ENSAPLG00000019306	351.281121110995	1.19605971394935	0.657974941473655	0.000202196840387626	0.00753395622082968
ENSAPLG00000019496	1141.34012594288	1.21596721411685	0.304393105214923	2.82878899278926e-07	4.53356038338347e-05
ENSAPLG00000019538	116.995478048458	0.934691379777626	0.361389388710785	5.22265300567059e-05	0.0029065720943876
ENSAPLG00000019567	8.7672817924428	0.908939815829518	0.893219898894894	0.00185610819461263	0.0335461293542626
ENSAPLG00000019581	285.422531802924	1.01567354080431	1.27379004552785	0.00161313677826148	0.0304368020204741
ENSAPLG00000019585	15.8104406166503	-0.966519737633738	0.540889620923762	0.000369682146917954	0.0114360742286108
ENSAPLG00000019682	6.53071008549128	0.975529667956021	0.962334100120493	0.00158631346793429	0.030175500890616
ENSAPLG00000019749	294.957825717812	1.56242579296084	0.471144829189235	2.0619688557406e-06	0.000251635868982215
ENSAPLG00000019878	254.094780400467	-0.655493079401588	0.217825081599438	3.86796324807014e-05	0.00230724875003717
ENSAPLG00000020060	107.474105859586	0.89899988222401	0.405366596879992	0.000161074378860991	0.00644242900036034
ENSAPLG00000020079	21.0049260362025	0.669515937025816	0.497894916995579	0.00268515463236594	0.0430855572011239
ENSAPLG00000020265	165.295618854934	0.669866211368182	0.307751575885145	0.00046411651684035	0.0133053403168326
ENSAPLG00000020413	50.0987800923723	-0.72736444777723	0.547251331737251	0.00211116614544612	0.0370484591909291
ENSAPLG00000020439	53.0350273264748	2.88774037925503	0.673573536152847	2.15579882468545e-07	3.67646614948281e-05
ENSAPLG00000020553	224.763907762888	-0.803438571174779	0.522216102818888	0.00107476344590956	0.0234753749712464
ENSAPLG00000020595	15.1835380989685	-1.07330457870973	0.688583169074231	0.000463861915159226	0.0133053403168326
ENSAPLG00000020652	189.267466760074	0.592089240861715	0.216237204527542	0.000147993163147792	0.00613272603175056
ENSAPLG00000020655	52.3970505455039	-1.04884630573389	0.551435065925634	0.000227320822768518	0.00817249076882925
ENSAPLG00000020771	35.5231425469265	-1.57380091347839	0.633978291710857	2.39298673406151e-05	0.00161581266682671
ENSAPLG00000020790	78.3951948426478	3.81756637752021	0.944288878671051	4.01833554280951e-07	5.93909993227246e-05
ENSAPLG00000020802	48.8423859541535	3.34211240751839	0.642264854140343	6.83450239375632e-09	2.06619433731242e-06
ENSAPLG00000020861	54.7732003879109	1.28782362834965	0.710118164548553	0.000175764138819491	0.00680716918940581
ENSAPLG00000020889	11.305790972198	0.993772949151741	0.8470698823997	0.00118392291602248	0.0248399726008375
ENSAPLG00000020906	16.9477772722771	-2.64282432458636	0.64963044316601	3.64704688470895e-07	5.57620892648259e-05
ENSAPLG00000020939	15.2150020305688	0.822649397291338	0.933829964831526	0.00274285171028298	0.043538679534826
ENSAPLG00000021297	779.9517615988	2.60037703095753	1.40225797232147	5.65125370873819e-05	0.00304344035763706
ENSAPLG00000021324	5.13874269762359	-1.15731883070504	1.46275193866595	0.00102901930142712	0.0229279979021501
ENSAPLG00000021440	228.364654878559	0.94063261090487	0.477197438651502	0.000261040510081089	0.00899575353652498
ENSAPLG00000021442	197.590496771121	0.731582942044366	0.75739681023248	0.00337682306518159	0.0490052369918133
ENSAPLG00000021500	62.3899533339858	0.839829572677336	0.35363055781074	0.000128456270591878	0.00554780945264015
ENSAPLG00000021727	439.016946980361	2.10008363361189	0.677709446807314	4.35000824190829e-06	0.000428620812102696
ENSAPLG00000021955	707.028182848333	-1.12936074659093	0.327622905354102	2.31443432090263e-06	0.000272447834837582
ENSAPLG00000021993	16.4563483384718	-0.91469380922824	0.783376029139978	0.0014527044696076	0.0284189372918538
ENSAPLG00000022011	53.0887568503644	3.93172868084229	0.858188559857613	6.92896973700809e-08	1.44014305377628e-05
ENSAPLG00000022037	92.4461894559628	-0.608286570576364	0.355197312349619	0.00196522204109868	0.0352309751896154
ENSAPLG00000022038	567.582190513505	-2.47876336139712	0.560724025614335	8.50725266988761e-08	1.71459810628553e-05
ENSAPLG00000022050	118.651513150072	-0.770583943095786	0.363036953865127	0.000331506107400844	0.0106514353638793
ENSAPLG00000022133	176.989419829734	2.08922251644668	0.417551368982784	3.11190218533769e-09	1.03486307173405e-06
ENSAPLG00000022157	12.1148772161392	1.58117310672858	0.951453964454103	0.000180097798534368	0.00686629112425231
ENSAPLG00000022184	10.0009940586732	1.68525836797338	2.07705228575359	0.000145372407373164	0.00608095522917557
ENSAPLG00000022238	35.4352103481065	-0.629595372770444	0.473030036465461	0.0033570904173494	0.0489254143931964
ENSAPLG00000022262	2277.15134837344	4.46853528466569	0.82065070439421	8.1419768685869e-10	3.28195685775584e-07
ENSAPLG00000022295	468.853464624528	0.912861660990096	0.397362975836664	0.000124880808312085	0.00542864219662535
ENSAPLG00000022556	4.47789979399626	-1.16774376225473	1.25474894719294	0.00113204022689659	0.024135305542971
ENSAPLG00000023045	22.1394799460811	0.747444560373037	0.614713834481193	0.00230864677899453	0.0389222046314135
ENSAPLG00000023060	10.7695135544928	-1.17935739107336	1.01677115411027	0.000839097791537778	0.0199501857725235
ENSAPLG00000023267	11.3909936723603	1.40533998440315	1.0076383798907	0.000384951597812571	0.0117176799865053
ENSAPLG00000023281	26.090984359159	0.764405000511419	0.453270569519137	0.000939844528842171	0.0214807764994133
ENSAPLG00000023337	5.47545031797917	-0.807341956938165	1.15716157877677	0.00280132803389213	0.0440985390613409
ENSAPLG00000023370	164.606193462173	3.06365818807686	0.497146259270099	3.83052491750322e-11	1.95975547894722e-08
ENSAPLG00000023553	444.337381213466	-1.002679868591	0.442849510478941	0.000104935694202742	0.00478032398727694
ENSAPLG00000023562	2614.48113379468	-1.55750816228301	0.509421277253518	4.67795615888921e-06	0.000457545388423119
ENSAPLG00000023763	979.892109924696	2.67618603853081	0.340807249610275	2.16683357734376e-16	5.76464404916533e-13
ENSAPLG00000024040	12.6197815645008	-1.78919527132222	0.845868089674566	5.47887813966348e-05	0.00299917847793431
ENSAPLG00000024101	11.4194874290795	1.5623287531549	0.898558836299726	0.000153867748570156	0.00625917061614743
ENSAPLG00000024223	251.638918723137	-2.28613542788606	0.533087698490699	1.0508589123554e-07	2.0258732249495e-05
ENSAPLG00000024225	516.2634670472	0.789192919701856	0.365487072525487	0.000279087400299346	0.00944636284677328
ENSAPLG00000024272	80.7286857289792	-0.743464580679922	0.268714727907049	5.60889016780377e-05	0.00303290475659048
ENSAPLG00000024383	5.23713074593107	-0.824296744042264	1.14913422895226	0.00271979491874122	0.0434318271417716
ENSAPLG00000024440	108.730460761592	1.23760672998971	0.373404910679062	3.00264139947266e-06	0.000324745021282868
ENSAPLG00000024464	1038.56213114283	-2.63318353072864	0.490249562190654	1.65594205561356e-09	5.9533354658842e-07
ENSAPLG00000024467	41.2958786834587	-1.24422446292255	0.734729061034897	0.000248736486912288	0.00868194646019819
ENSAPLG00000024498	71.5679334052273	2.01614134564299	0.807195409089995	2.05339899891802e-05	0.00146851147761331
ENSAPLG00000024542	348.615783308022	1.18244297835007	0.360296399284316	3.65819428124009e-06	0.000377219382395781
ENSAPLG00000024731	193.028675692095	-0.688881340895324	0.320160747405746	0.000448642681338886	0.0130018408435073
ENSAPLG00000024749	234.836168991566	-2.16749905820392	0.288214013104168	5.98448788262893e-16	1.18711399765185e-12
ENSAPLG00000024808	11.0669029375989	4.31272832674847	1.63320530102541	2.44818515606112e-06	0.000278339820050641
ENSAPLG00000024839	740.651383703778	-1.01451401373504	0.285785669082356	1.92412550797049e-06	0.000236988125065032
ENSAPLG00000024913	44.5112301286925	-0.73822655411985	0.798644909929066	0.00344288334548591	0.0494134162156832
ENSAPLG00000024935	48.0650175066655	0.821555360674179	0.360911691490246	0.000180148519197418	0.00686629112425231
ENSAPLG00000025020	1114.46203512645	-0.593986676015238	0.20046885251311	7.01766508410693e-05	0.00357219882688824
ENSAPLG00000025152	36.1408099980213	-1.75903836907168	0.633700555627232	1.00173216204045e-05	0.000838052906884408
ENSAPLG00000025167	272.104275508575	0.584939994249242	0.29804424828898	0.00131958930684493	0.0265153730508328
ENSAPLG00000025168	70.4551360171574	0.876024635949661	0.494942709076465	0.000511562653948278	0.0141766800475416
ENSAPLG00000025207	40.7839099311656	-0.926115980399085	0.500432080835417	0.000361821410520699	0.0112532440498761
ENSAPLG00000025223	42.9670823427162	-1.69732030939556	0.584180991758386	6.98995968898938e-06	0.000645697526270394
ENSAPLG00000025400	154.749480274812	-0.633165003672535	0.236071405576644	0.000132097544632507	0.00565003710193443
ENSAPLG00000025436	9.95978679935206	-2.3230080707844	1.3336943905654	8.62696810644169e-05	0.00413936522263169
ENSAPLG00000025438	37.3769095122503	-0.889116202336104	0.523491487969846	0.000571095490403965	0.0152851352381359
ENSAPLG00000025519	3205.82408151032	-0.79681416867333	0.445811249320293	0.000662475886689359	0.0168817131125323
ENSAPLG00000025723	147.373294739346	-0.682548270633443	0.279842319152036	0.000207886766958626	0.00760211420721126
ENSAPLG00000025736	12.7834891079517	-2.93798786063818	0.667333743716728	1.49901146913777e-07	2.69457440033387e-05
ENSAPLG00000025824	76.5585123163114	4.03595123762002	1.21013363877382	1.48844757876886e-06	0.000188565044693175
ENSAPLG00000025860	236.640119992431	0.798155858905754	0.506124257557153	0.00101861765590423	0.0227725244686353
ENSAPLG00000025863	184.675007541044	2.25707305096167	0.409994921056239	3.53444175443481e-10	1.51661755540296e-07
ENSAPLG00000025866	60.1733200523525	1.03375422660752	0.889351137964818	0.00110435864069627	0.0238864693309623
ENSAPLG00000025869	66.9723717979116	-0.630913605710975	0.31865568985521	0.00095104687846943	0.0216995292922819
ENSAPLG00000025877	18.7988968836645	0.687024867768843	0.477414102246715	0.00212440078147303	0.0372315931424957
ENSAPLG00000025900	63.9315240195826	0.609145065449109	0.40051860523182	0.00279601865439699	0.0440985390613409
ENSAPLG00000025965	1667.19575559505	-2.46112645567159	0.526377175386482	2.95678580654718e-08	7.28354903679456e-06
ENSAPLG00000025998	52.3363488397604	0.902125996720324	0.408886530990194	0.000164280441065378	0.006503211857912
ENSAPLG00000026054	42.1943393673983	1.18213630746648	0.778033367121473	0.000407521472017027	0.0121543735891715
ENSAPLG00000026125	44.3035060180863	0.641249583369549	0.346678455760386	0.00121187479535742	0.0251487652540474
ENSAPLG00000026304	427.54781930821	0.679535215139231	0.318683411972414	0.000495389538601055	0.0140205779627048
ENSAPLG00000026309	53.5010077960575	0.585216761490928	0.287725470927696	0.00111200774053791	0.0239630663346572
ENSAPLG00000026330	28.661791509245	-0.763251240686913	0.610505305486157	0.00206342103397699	0.0364995034494175
ENSAPLG00000026541	5.15938952980124	1.71176503898342	1.53983688606552	0.000371357351146236	0.0114416024800091
ENSAPLG00000026589	841.990966487902	1.05508106878996	0.465713136530729	9.12864684821795e-05	0.00430837100515439
ENSAPLG00000026603	4.38128904033866	-1.16552972228856	1.30347222167144	0.00114359232996851	0.0241845233278874
ENSAPLG00000026637	37.637013549474	0.938393525801246	0.511389576197537	0.000360831267366241	0.0112532440498761
ENSAPLG00000026691	130.186114535043	-0.957802142157706	0.326279953055408	1.70456779394316e-05	0.00132172903542387
ENSAPLG00000026694	245.695334292526	-0.831000794349032	0.365300134856746	0.000174721037407115	0.00680716918940581
ENSAPLG00000026795	52.4370565568863	-1.80728717891879	0.563760254588619	2.84117700682233e-06	0.000314944471206255
ENSAPLG00000026815	8.90123214707437	-0.894185375773675	0.835864393096339	0.00179026997909249	0.0326867162783584
ENSAPLG00000026819	291.26033557206	0.981907167802826	0.332036835100807	1.50818068779174e-05	0.0011941559231551
ENSAPLG00000026857	94.8986079348933	-0.84647450878439	0.49063737637998	0.000626014391263439	0.0162324433383748
ENSAPLG00000026902	12.207398141302	1.1344279516328	0.949481507512294	0.000854745327975051	0.0201592594906456
ENSAPLG00000027048	35.5046748582609	1.55326320886428	0.628525055679178	2.498848750357e-05	0.00167033598378135
ENSAPLG00000027055	7.77719233285869	-0.909210326720803	0.984095706158264	0.00207655760745195	0.0366344420349148
ENSAPLG00000027117	473.887123167025	1.06922422441198	0.380967820949558	1.97316681473992e-05	0.00143965544104704
ENSAPLG00000027299	9.77816151769298	2.88423125287055	1.37753971336053	3.10061750236722e-05	0.0019829045200235
ENSAPLG00000027360	60.0652513078325	1.15578156457519	0.634097633314497	0.000215675968523615	0.00783858397076811
ENSAPLG00000027371	24.4557192151591	-1.57555805682765	0.606469926958233	1.74791052486324e-05	0.00133624745986959
ENSAPLG00000027453	839.163653968392	-2.23561130968351	1.00894723513903	3.75740297703437e-05	0.00226158255205933
ENSAPLG00000027465	50.8554888191954	4.85502977655733	0.650902559432279	1.099387473999e-15	1.82800652239184e-12
ENSAPLG00000027473	445.477164100721	-0.603597696773248	0.1543580241711	1.7665897141822e-06	0.000219618470822912
ENSAPLG00000027519	607.993593856161	0.707844093965047	0.295252773753029	0.000206562271842805	0.00760211420721126
ENSAPLG00000027604	24.0596977464575	-0.930409418360034	0.548770956432468	0.000503456805195966	0.0140823378506218
ENSAPLG00000027767	28.1583912976401	-0.797875073872115	0.599773720672788	0.0015941220821971	0.0302496603957002
ENSAPLG00000027768	16.2382125664193	-0.956213507219805	1.05301666833413	0.00187060827742669	0.0337623219895928
ENSAPLG00000027868	28.7265562112855	0.698586332314572	0.360474464217247	0.000729604383888092	0.0181067117807451
ENSAPLG00000028081	34.2561267874798	-0.697733007971232	0.492237283485007	0.00209230027661191	0.0367658894048766
ENSAPLG00000028280	9.23677978367499	2.39606649881936	1.32571076360271	7.31256397408091e-05	0.00365683180388061
ENSAPLG00000028329	39.4865931513322	-1.07680177598536	0.558647250741615	0.000199986990924435	0.00747254762156416
ENSAPLG00000028392	31.5114209866498	-0.675213377304845	0.350190703682692	0.000841381312463216	0.0199501857725235
ENSAPLG00000028429	442.595029192154	0.949542546573138	0.845786408082407	0.00143120725681096	0.0282126421138292
ENSAPLG00000028430	52.1786358508076	0.65933828384927	0.346039602735619	0.000965781279215405	0.0219603804720057
ENSAPLG00000028436	149.733093591512	1.30989542060616	1.45256179761871	0.000808958162680014	0.0195295126678213
ENSAPLG00000028532	23.1631324279138	1.05408269097526	0.724740003976194	0.000602872536868342	0.0157688554648927
ENSAPLG00000028652	607.925471703043	0.695577841008038	0.308245829946548	0.000326951848617762	0.0106335293161698
ENSAPLG00000028673	29.6773246619595	-1.13689792260966	0.529349509356588	0.000102031315049424	0.0046800708716808
ENSAPLG00000028701	12.5406686215188	0.713712149666907	0.710987606235739	0.00345841907207947	0.0494134162156832
ENSAPLG00000029019	91.4203790059232	-1.0715179909126	0.48310298505425	9.90820341797949e-05	0.00460835391139731
ENSAPLG00000029084	172.144604436184	3.39087568719338	0.484737198741459	1.85432359366549e-13	1.54163827768365e-10
ENSAPLG00000029165	49.3908108894576	1.6490531798248	0.766947632373272	5.39456933011831e-05	0.0029652298028609
ENSAPLG00000029228	194.283276245002	-2.27345545174537	0.459024751623284	5.93132816217544e-09	1.83484947007576e-06
ENSAPLG00000029333	476.776232666769	-0.817268698701772	0.342682757856351	0.000135343388941922	0.00577031333238925
ENSAPLG00000029398	12.0997516417474	-0.931001452990749	0.726187542064643	0.00114013371136427	0.0241601066540752
ENSAPLG00000029430	9.04102339158125	-1.64602776241007	1.29016792814229	0.000355848133939553	0.0111638959378866
ENSAPLG00000029440	26.8525430640755	-0.644982427900886	0.396301558664314	0.00188345701364039	0.0338564124262764
ENSAPLG00000029441	66.8064059545842	1.4694913372356	0.753313030515202	0.000101298847401684	0.00467874051436528
ENSAPLG00000029491	57.8728397007461	0.735050758446451	0.374680835657251	0.000579103155694723	0.0154683336888578
ENSAPLG00000029553	26.2814624626356	-0.765903199381694	0.452773104799246	0.000923941553652024	0.021300295574834
ENSAPLG00000029581	40.5418553045447	-0.751622255702202	0.552208882995626	0.00181190739315552	0.0328431344732502
ENSAPLG00000029693	32.6404601496769	-2.18638672162695	0.513879792748537	1.02508801618105e-07	2.00525305753534e-05
ENSAPLG00000029718	161.354489962653	1.61959532523031	0.411147436473345	2.1994641842758e-07	3.70345222521983e-05
ENSAPLG00000029758	250.451890670664	-0.770343420518912	0.307028321495786	0.00011268493962546	0.00501316075885576
ENSAPLG00000029878	13.2079255582738	2.25439269363511	1.42452740274289	0.000115749701438708	0.00508152649682408
ENSAPLG00000029922	7.72347182189261	-1.0999028897554	0.923963043154681	0.000919121234189161	0.0212628707081465
ENSAPLG00000030069	691.271804984668	-2.87687770095651	0.718625186174806	5.29250125154979e-07	7.41061596295951e-05
ENSAPLG00000030115	403.22304378566	-0.613418631265127	0.269889943684133	0.00049985934489455	0.0140823378506218
ENSAPLG00000030233	21.241556320934	1.38569226010386	0.688656807018519	9.53611361022661e-05	0.00446652757898713
ENSAPLG00000030443	517.405196151182	1.79928976586507	0.383123192239432	8.79297704381933e-09	2.3870240946303e-06
ENSAPLG00000030505	71.3530034372083	-1.92681406893769	0.405683987310708	7.90214016911427e-09	2.28509279412083e-06
ENSAPLG00000030602	234.123303986582	0.737234216862366	0.284954839690464	0.000102000022335959	0.0046800708716808
ENSAPLG00000030665	28.2606464465481	0.963337936893071	0.706622131353353	0.000899662942594237	0.0209218819272527
ENSAPLG00000030706	18.8988199727946	0.764829404777358	0.747666883667252	0.00281719961670709	0.0442436709580138
ENSAPLG00000030711	5.05194060670238	-0.66999668976118	1.15147934196606	0.0035034647867589	0.04980763648903
ENSAPLG00000030806	26.1131474574254	-0.764019551749408	0.488493812207505	0.00120016824005447	0.0250232943107919
ENSAPLG00000031023	57.8162046404991	3.27070799914772	0.76118518529915	2.37938941299443e-07	3.90748616933975e-05
ENSAPLG00000031039	11.8297952485816	-1.08272325444107	0.740608066231591	0.000557813530050357	0.0150813731234347
ENSAPLG00000031061	220.572686436776	0.595858936961295	0.403880845889013	0.00326064739540431	0.0481611926426177
ENSAPLG00000031101	689.083093059752	0.581964190492444	0.328362431065997	0.00204706264984509	0.0363067031576524
ENSAPLG00000031131	185.704682179839	-0.926006723431454	0.414306760535845	0.00014132476635348	0.0059679429905841
ENSAPLG00000031220	52.2715236891996	-0.775552110119662	0.428995012354023	0.000691353612968993	0.0174836231173261
ENSAPLG00000031239	33.7218696284925	1.03049724353837	0.44047847671685	8.00330503610637e-05	0.00388540013103237
